-5.870700000000000074e+01
-5.912100000000000222e+01
-5.903999999999999915e+01
-5.319100000000000250e+01
-5.594599999999999795e+01
-5.730499999999999972e+01
-5.818800000000000239e+01
-5.851100000000000279e+01
-5.902400000000000091e+01
-5.902700000000000102e+01
-5.902700000000000102e+01
-5.896999999999999886e+01
-5.912800000000000011e+01
-5.913700000000000045e+01
-5.919200000000000017e+01
-5.895700000000000074e+01
-5.904800000000000182e+01
-5.931799999999999784e+01
-5.903699999999999903e+01
-5.910300000000000153e+01
-5.916799999999999926e+01
-5.919500000000000028e+01
-5.928799999999999670e+01
-5.917000000000000171e+01
-5.974799999999999756e+01
-5.968699999999999761e+01
-5.965500000000000114e+01
-5.976100000000000279e+01
-5.962599999999999767e+01
-5.910600000000000165e+01
-5.908299999999999841e+01
-5.907800000000000296e+01
-5.949399999999999977e+01
-5.965299999999999869e+01
-5.947999999999999687e+01
-5.919299999999999784e+01
-5.918800000000000239e+01
-5.871200000000000330e+01
-5.897099999999999653e+01
-5.877100000000000080e+01
-5.907099999999999795e+01
-5.896699999999999875e+01
-5.931499999999999773e+01
-5.948400000000000176e+01
-5.948400000000000176e+01
-5.884899999999999665e+01
-5.938300000000000267e+01
-5.908200000000000074e+01
-5.814399999999999835e+01
-5.851599999999999824e+01
-5.875900000000000034e+01
-5.875900000000000034e+01
-5.857600000000000051e+01
-5.896099999999999852e+01
-5.894100000000000250e+01
-5.876500000000000057e+01
-5.917900000000000205e+01
-5.956099999999999994e+01
-5.928799999999999670e+01
-5.922800000000000153e+01
-5.922599999999999909e+01
-5.955700000000000216e+01
-5.918299999999999983e+01
-5.931600000000000250e+01
-5.943299999999999983e+01
-5.912599999999999767e+01
-5.922500000000000142e+01
-5.962500000000000000e+01
-5.994400000000000261e+01
-5.936200000000000188e+01
-5.935399999999999920e+01
-5.925399999999999778e+01
-5.887899999999999778e+01
-5.894299999999999784e+01
-5.919100000000000250e+01
-5.921900000000000119e+01
-5.916899999999999693e+01
-5.868599999999999994e+01
-5.900399999999999778e+01
-5.904899999999999949e+01
-5.912599999999999767e+01
-5.943399999999999750e+01
-5.943399999999999750e+01
-5.946200000000000330e+01
-5.908100000000000307e+01
-5.912500000000000000e+01
-5.912500000000000000e+01
-5.933200000000000074e+01
-5.918599999999999994e+01
-5.898499999999999943e+01
-5.860900000000000176e+01
-5.885499999999999687e+01
-5.908599999999999852e+01
-5.918900000000000006e+01
-5.926200000000000045e+01
-5.934599999999999653e+01
-5.939200000000000301e+01
-5.925999999999999801e+01
-5.904099999999999682e+01
-5.946300000000000097e+01
-5.932200000000000273e+01
-5.905700000000000216e+01
-5.906700000000000017e+01
-5.909700000000000131e+01
-5.909300000000000352e+01
-5.894500000000000028e+01
-5.881799999999999784e+01
-5.876599999999999824e+01
-5.875900000000000034e+01
-5.889800000000000324e+01
-5.887899999999999778e+01
-5.885399999999999920e+01
-5.880499999999999972e+01
-5.884100000000000108e+01
-5.890400000000000347e+01
-5.901599999999999824e+01
-5.902700000000000102e+01
-5.888600000000000279e+01
-5.861800000000000210e+01
-5.913600000000000279e+01
-5.894700000000000273e+01
-5.893500000000000227e+01
-5.905700000000000216e+01
-5.943500000000000227e+01
-5.939600000000000080e+01
-5.944100000000000250e+01
-5.943099999999999739e+01
-5.929599999999999937e+01
-5.914699999999999847e+01
-5.892499999999999716e+01
-5.887100000000000222e+01
-5.899300000000000210e+01
-5.883899999999999864e+01
-5.900099999999999767e+01
-5.879800000000000182e+01
-5.879800000000000182e+01
-5.943699999999999761e+01
-5.934799999999999898e+01
-5.856300000000000239e+01
-5.885799999999999699e+01
-5.881499999999999773e+01
-5.804399999999999693e+01
-5.844800000000000040e+01
-5.852400000000000091e+01
-5.878099999999999881e+01
-5.886699999999999733e+01
-5.886200000000000188e+01
-5.884300000000000352e+01
-5.906799999999999784e+01
-5.884700000000000131e+01
-5.861500000000000199e+01
-5.827900000000000347e+01
-5.781700000000000017e+01
-5.617999999999999972e+01
-5.564900000000000091e+01
-5.641899999999999693e+01
-5.677400000000000091e+01
-5.752799999999999869e+01
-5.826599999999999824e+01
-5.881600000000000250e+01
-5.888199999999999790e+01
-5.873199999999999932e+01
-5.879200000000000159e+01
-5.884000000000000341e+01
-5.898799999999999955e+01
-5.896800000000000352e+01
-5.911699999999999733e+01
-5.888799999999999812e+01
-5.915899999999999892e+01
-5.887700000000000244e+01
-5.892900000000000205e+01
-5.908899999999999864e+01
-5.914500000000000313e+01
-5.916499999999999915e+01
-5.934899999999999665e+01
-5.943200000000000216e+01
-5.930100000000000193e+01
-5.932000000000000028e+01
-5.957999999999999829e+01
-5.953999999999999915e+01
-5.944700000000000273e+01
-5.953399999999999892e+01
-5.912700000000000244e+01
-5.912899999999999778e+01
-5.929699999999999704e+01
-5.923499999999999943e+01
-5.924900000000000233e+01
-5.923100000000000165e+01
-5.921500000000000341e+01
-5.981400000000000006e+01
-5.925000000000000000e+01
-5.934799999999999898e+01
-5.937299999999999756e+01
-5.915200000000000102e+01
-5.912800000000000011e+01
-5.915100000000000335e+01
-5.893800000000000239e+01
-5.888199999999999790e+01
-5.906400000000000006e+01
-5.906400000000000006e+01
-5.950200000000000244e+01
-5.928600000000000136e+01
-5.898400000000000176e+01
-5.884300000000000352e+01
-5.907699999999999818e+01
-5.933400000000000318e+01
-5.932200000000000273e+01
-5.913799999999999812e+01
-5.915299999999999869e+01
-5.936500000000000199e+01
-5.922899999999999920e+01
-5.908100000000000307e+01
-5.930499999999999972e+01
-5.869200000000000017e+01
-5.896200000000000330e+01
-5.894800000000000040e+01
-5.930599999999999739e+01
-5.927400000000000091e+01
-5.950999999999999801e+01
-5.921000000000000085e+01
-5.890400000000000347e+01
-5.876899999999999835e+01
-5.867600000000000193e+01
-5.871600000000000108e+01
-5.890400000000000347e+01
-5.890500000000000114e+01
-5.935000000000000142e+01
-5.929099999999999682e+01
-5.890699999999999648e+01
-5.879299999999999926e+01
-5.857099999999999795e+01
-5.857099999999999795e+01
-5.852600000000000335e+01
-5.893500000000000227e+01
-5.914500000000000313e+01
-5.918599999999999994e+01
-5.923799999999999955e+01
-5.898799999999999955e+01
-5.889900000000000091e+01
-5.871600000000000108e+01
-5.875999999999999801e+01
-5.886800000000000210e+01
-5.892099999999999937e+01
-5.857200000000000273e+01
-5.863000000000000256e+01
-5.867900000000000205e+01
-5.910600000000000165e+01
-5.900600000000000023e+01
-5.918299999999999983e+01
-5.900000000000000000e+01
-5.901700000000000301e+01
-5.911200000000000188e+01
-5.881600000000000250e+01
-5.906499999999999773e+01
-5.904899999999999949e+01
-5.882099999999999795e+01
-5.919400000000000261e+01
-5.920400000000000063e+01
-5.900600000000000023e+01
-5.918200000000000216e+01
-5.897399999999999665e+01
-5.868399999999999750e+01
-5.859300000000000352e+01
-5.851599999999999824e+01
-5.867099999999999937e+01
-5.890800000000000125e+01
-5.913400000000000034e+01
-5.905299999999999727e+01
-5.916100000000000136e+01
-5.891899999999999693e+01
-5.885099999999999909e+01
-5.871699999999999875e+01
-5.859000000000000341e+01
-5.879099999999999682e+01
-5.917900000000000205e+01
-5.928399999999999892e+01
-5.905799999999999983e+01
-5.911599999999999966e+01
-5.884199999999999875e+01
-5.894899999999999807e+01
-5.852900000000000347e+01
-5.863300000000000267e+01
-5.887899999999999778e+01
-5.878999999999999915e+01
-5.887599999999999767e+01
-5.869400000000000261e+01
-5.889800000000000324e+01
-5.889800000000000324e+01
-5.914399999999999835e+01
-5.916199999999999903e+01
-5.903399999999999892e+01
-5.904500000000000171e+01
-5.859899999999999665e+01
-5.861099999999999710e+01
-5.907500000000000284e+01
-5.907500000000000284e+01
-5.861999999999999744e+01
-5.877799999999999869e+01
-5.854299999999999926e+01
-5.854299999999999926e+01
-5.844899999999999807e+01
-5.881700000000000017e+01
-5.848899999999999721e+01
-5.842499999999999716e+01
-5.854299999999999926e+01
-5.852799999999999869e+01
-5.847599999999999909e+01
-5.834799999999999898e+01
-5.771099999999999852e+01
-5.680599999999999739e+01
-5.175399999999999778e+01
-5.387400000000000233e+01
-5.617099999999999937e+01
-5.680400000000000205e+01
-5.741899999999999693e+01
-5.773400000000000176e+01
-5.838499999999999801e+01
-5.808400000000000318e+01
-5.860499999999999687e+01
-5.860600000000000165e+01
-5.860600000000000165e+01
-5.856900000000000261e+01
-5.850699999999999790e+01
-5.855100000000000193e+01
-5.835699999999999932e+01
-5.885600000000000165e+01
-5.904099999999999682e+01
-5.893099999999999739e+01
-5.878199999999999648e+01
-5.905499999999999972e+01
-5.888600000000000279e+01
-5.864800000000000324e+01
-5.905799999999999983e+01
-5.873199999999999932e+01
-5.880599999999999739e+01
-5.887599999999999767e+01
-5.866199999999999903e+01
-5.886899999999999977e+01
-5.863000000000000256e+01
-5.847299999999999898e+01
-5.861899999999999977e+01
-5.892499999999999716e+01
-5.874699999999999989e+01
-5.874699999999999989e+01
-5.851700000000000301e+01
-5.843500000000000227e+01
-5.856199999999999761e+01
-5.842099999999999937e+01
-5.836200000000000188e+01
-5.806700000000000017e+01
-5.839500000000000313e+01
-5.839500000000000313e+01
-5.856799999999999784e+01
-5.836500000000000199e+01
-5.794100000000000250e+01
-5.718900000000000006e+01
-5.675000000000000000e+01
-5.400500000000000256e+01
-5.123899999999999721e+01
-5.236999999999999744e+01
-5.487899999999999778e+01
-5.625900000000000034e+01
-5.654500000000000171e+01
-5.796699999999999875e+01
-5.820400000000000063e+01
-5.861399999999999721e+01
-5.882099999999999795e+01
-5.890500000000000114e+01
-5.884599999999999653e+01
-5.858200000000000074e+01
-5.901500000000000057e+01
-5.903099999999999881e+01
-5.905100000000000193e+01
-5.873100000000000165e+01
-5.867600000000000193e+01
-5.855799999999999983e+01
-5.806600000000000250e+01
-5.848599999999999710e+01
-5.847800000000000153e+01
-5.878699999999999903e+01
-5.898700000000000188e+01
-5.893399999999999750e+01
-5.874900000000000233e+01
-5.842999999999999972e+01
-5.857099999999999795e+01
-5.858700000000000330e+01
-5.898100000000000165e+01
-5.905799999999999983e+01
-5.892699999999999960e+01
-5.903199999999999648e+01
-5.868099999999999739e+01
-5.877000000000000313e+01
-5.872599999999999909e+01
-5.866899999999999693e+01
-5.864000000000000057e+01
-5.854599999999999937e+01
-5.857800000000000296e+01
-5.866100000000000136e+01
-5.906400000000000006e+01
-5.883700000000000330e+01
-5.914600000000000080e+01
-5.921399999999999864e+01
-5.900500000000000256e+01
-5.907200000000000273e+01
-5.871500000000000341e+01
-5.897899999999999920e+01
-5.901500000000000057e+01
-5.872800000000000153e+01
-5.907600000000000051e+01
-5.915999999999999659e+01
-5.896999999999999886e+01
-5.891199999999999903e+01
-5.862400000000000233e+01
-5.859000000000000341e+01
-5.904399999999999693e+01
-5.906600000000000250e+01
-5.876500000000000057e+01
-5.826200000000000045e+01
-5.858200000000000074e+01
-5.869299999999999784e+01
-5.877600000000000335e+01
-5.879200000000000159e+01
-5.834700000000000131e+01
-5.796900000000000119e+01
-5.801400000000000290e+01
-5.780100000000000193e+01
-5.783800000000000097e+01
-5.801500000000000057e+01
-5.830799999999999983e+01
-5.839500000000000313e+01
-5.880499999999999972e+01
-5.883500000000000085e+01
-5.886800000000000210e+01
-5.879899999999999949e+01
-5.868500000000000227e+01
-5.865599999999999881e+01
-5.878199999999999648e+01
-5.880700000000000216e+01
-5.871600000000000108e+01
-5.889900000000000091e+01
-5.913000000000000256e+01
-5.906799999999999784e+01
-5.852700000000000102e+01
-5.866400000000000148e+01
-5.870499999999999829e+01
-5.892999999999999972e+01
-5.918500000000000227e+01
-5.902600000000000335e+01
-5.926200000000000045e+01
-5.930599999999999739e+01
-5.930599999999999739e+01
-5.941100000000000136e+01
-5.899199999999999733e+01
-5.902700000000000102e+01
-5.950000000000000000e+01
-5.948700000000000188e+01
-5.918500000000000227e+01
-5.937100000000000222e+01
-5.910900000000000176e+01
-5.908100000000000307e+01
-5.943399999999999750e+01
-5.912400000000000233e+01
-5.875900000000000034e+01
-5.886899999999999977e+01
-5.895600000000000307e+01
-5.885699999999999932e+01
-5.860799999999999699e+01
-5.892900000000000205e+01
-5.920000000000000284e+01
-5.922200000000000131e+01
-5.899799999999999756e+01
-5.891899999999999693e+01
-5.878300000000000125e+01
-5.797200000000000131e+01
-5.711899999999999977e+01
-5.667499999999999716e+01
-5.747699999999999676e+01
-5.804899999999999949e+01
-5.839200000000000301e+01
-5.854399999999999693e+01
-5.868599999999999994e+01
-5.835999999999999943e+01
-5.859799999999999898e+01
-5.858899999999999864e+01
-5.882900000000000063e+01
-5.911599999999999966e+01
-5.897099999999999653e+01
-5.872299999999999898e+01
-5.917199999999999704e+01
-5.899900000000000233e+01
-5.906600000000000250e+01
-5.896000000000000085e+01
-5.879899999999999949e+01
-5.915599999999999881e+01
-5.915599999999999881e+01
-5.925600000000000023e+01
-5.877499999999999858e+01
-5.889200000000000301e+01
-5.878799999999999670e+01
-5.882699999999999818e+01
-5.882699999999999818e+01
-5.910499999999999687e+01
-5.872999999999999687e+01
-5.892900000000000205e+01
-5.905199999999999960e+01
-5.897800000000000153e+01
-5.898799999999999955e+01
-5.910499999999999687e+01
-5.893299999999999983e+01
-5.903399999999999892e+01
-5.927100000000000080e+01
-5.903900000000000148e+01
-5.875800000000000267e+01
-5.892900000000000205e+01
-5.896399999999999864e+01
-5.911099999999999710e+01
-5.894100000000000250e+01
-5.910600000000000165e+01
-5.905899999999999750e+01
-5.905299999999999727e+01
-5.894800000000000040e+01
-5.866199999999999903e+01
-5.883400000000000318e+01
-5.893599999999999994e+01
-5.894200000000000017e+01
-5.894200000000000017e+01
-5.867300000000000182e+01
-5.906799999999999784e+01
-5.922699999999999676e+01
-5.885300000000000153e+01
-5.892799999999999727e+01
-5.912100000000000222e+01
-5.925200000000000244e+01
-5.926100000000000279e+01
-5.917199999999999704e+01
-5.917300000000000182e+01
-5.917300000000000182e+01
-5.925000000000000000e+01
-5.903399999999999892e+01
-5.889800000000000324e+01
-5.898100000000000165e+01
-5.864300000000000068e+01
-5.890800000000000125e+01
-5.860300000000000153e+01
-5.837400000000000233e+01
-5.746200000000000330e+01
-5.666899999999999693e+01
-5.745199999999999818e+01
-5.823499999999999943e+01
-5.823100000000000165e+01
-5.840699999999999648e+01
-5.867999999999999972e+01
-5.858299999999999841e+01
-5.858299999999999841e+01
-5.853900000000000148e+01
-5.873400000000000176e+01
-5.897099999999999653e+01
-5.899499999999999744e+01
-5.899499999999999744e+01
-5.890599999999999881e+01
-5.884300000000000352e+01
-5.880599999999999739e+01
-5.879299999999999926e+01
-5.848700000000000188e+01
-5.848700000000000188e+01
-5.917300000000000182e+01
-5.927000000000000313e+01
-5.920400000000000063e+01
-5.894500000000000028e+01
-5.877100000000000080e+01
-5.888799999999999812e+01
-5.919299999999999784e+01
-5.869500000000000028e+01
-5.845600000000000307e+01
-5.877000000000000313e+01
-5.863499999999999801e+01
-5.874499999999999744e+01
-5.907099999999999795e+01
-5.929099999999999682e+01
-5.888000000000000256e+01
-5.891499999999999915e+01
-5.892000000000000171e+01
-5.892600000000000193e+01
-5.887199999999999989e+01
-5.875800000000000267e+01
-5.873799999999999955e+01
-5.874300000000000210e+01
-5.869200000000000017e+01
-5.848499999999999943e+01
-5.893999999999999773e+01
-5.902199999999999847e+01
-5.853799999999999670e+01
-5.859700000000000131e+01
-5.866400000000000148e+01
-5.860699999999999932e+01
-5.837800000000000011e+01
-5.875399999999999778e+01
-5.875399999999999778e+01
-5.899799999999999756e+01
-5.878600000000000136e+01
-5.858899999999999864e+01
-5.869899999999999807e+01
-5.883599999999999852e+01
-5.857399999999999807e+01
-5.887700000000000244e+01
-5.900000000000000000e+01
-5.875699999999999790e+01
-5.892399999999999949e+01
-5.866700000000000159e+01
-5.854399999999999693e+01
-5.852799999999999869e+01
-5.834300000000000352e+01
-5.874499999999999744e+01
-5.873400000000000176e+01
-5.888199999999999790e+01
-5.886899999999999977e+01
-5.885600000000000165e+01
-5.870799999999999841e+01
-5.852799999999999869e+01
-5.855400000000000205e+01
-5.829099999999999682e+01
-5.799900000000000233e+01
-5.803600000000000136e+01
-5.807699999999999818e+01
-5.771500000000000341e+01
-5.717699999999999960e+01
-5.741799999999999926e+01
-5.678499999999999659e+01
-5.428499999999999659e+01
-5.047899999999999920e+01
-5.306900000000000261e+01
-5.461599999999999966e+01
-5.575699999999999790e+01
-5.618599999999999994e+01
-5.647599999999999909e+01
-5.657300000000000040e+01
-5.706199999999999761e+01
-5.685699999999999932e+01
-5.710999999999999943e+01
-5.742000000000000171e+01
-5.719200000000000017e+01
-5.755100000000000193e+01
-5.782600000000000051e+01
-5.819899999999999807e+01
-5.834499999999999886e+01
-5.840299999999999869e+01
-5.857300000000000040e+01
-5.836999999999999744e+01
-5.838499999999999801e+01
-5.822599999999999909e+01
-5.859199999999999875e+01
-5.895199999999999818e+01
-5.885799999999999699e+01
-5.863000000000000256e+01
-5.882099999999999795e+01
-5.853000000000000114e+01
-5.824300000000000210e+01
-5.827799999999999869e+01
-5.876299999999999812e+01
-5.891499999999999915e+01
-5.906499999999999773e+01
-5.885499999999999687e+01
-5.865100000000000335e+01
-5.889500000000000313e+01
-5.903799999999999670e+01
-5.903799999999999670e+01
-5.914900000000000091e+01
-5.880400000000000205e+01
-5.869500000000000028e+01
-5.888000000000000256e+01
-5.910900000000000176e+01
-5.874000000000000199e+01
-5.890400000000000347e+01
-5.871200000000000330e+01
-5.903099999999999881e+01
-5.875200000000000244e+01
-5.869899999999999807e+01
-5.861800000000000210e+01
-5.861800000000000210e+01
-5.849900000000000233e+01
-5.856499999999999773e+01
-5.841700000000000159e+01
-5.867300000000000182e+01
-5.845700000000000074e+01
-5.853199999999999648e+01
-5.843099999999999739e+01
-5.854200000000000159e+01
-5.862599999999999767e+01
-5.869100000000000250e+01
-5.854699999999999704e+01
-5.837100000000000222e+01
-5.831600000000000250e+01
-5.801400000000000290e+01
-5.807999999999999829e+01
-5.782300000000000040e+01
-5.749099999999999966e+01
-5.566599999999999682e+01
-5.546000000000000085e+01
-5.060600000000000165e+01
-5.185499999999999687e+01
-5.413100000000000023e+01
-5.558400000000000318e+01
-5.627100000000000080e+01
-5.672999999999999687e+01
-5.704699999999999704e+01
-5.704699999999999704e+01
-5.758200000000000074e+01
-5.802100000000000080e+01
-5.838700000000000045e+01
-5.836599999999999966e+01
-5.871999999999999886e+01
-5.865999999999999659e+01
-5.887899999999999778e+01
-5.887500000000000000e+01
-5.874900000000000233e+01
-5.865599999999999881e+01
-5.871500000000000341e+01
-5.865999999999999659e+01
-5.877300000000000324e+01
-5.885199999999999676e+01
-5.849699999999999989e+01
-5.836800000000000210e+01
-5.855700000000000216e+01
-5.898499999999999943e+01
-5.865899999999999892e+01
-5.820000000000000284e+01
-5.841199999999999903e+01
-5.842399999999999949e+01
-5.875099999999999767e+01
-5.834100000000000108e+01
-5.818399999999999750e+01
-5.818099999999999739e+01
-5.838400000000000034e+01
-5.832099999999999795e+01
-5.806700000000000017e+01
-5.786200000000000188e+01
-5.796900000000000119e+01
-5.789800000000000324e+01
-5.757300000000000040e+01
-5.788600000000000279e+01
-5.822200000000000131e+01
-5.854800000000000182e+01
-5.827400000000000091e+01
-5.852100000000000080e+01
-5.871500000000000341e+01
-5.877700000000000102e+01
-5.891199999999999903e+01
-5.897299999999999898e+01
-5.890400000000000347e+01
-5.888300000000000267e+01
-5.873799999999999955e+01
-5.893800000000000239e+01
-5.834799999999999898e+01
-5.856700000000000017e+01
-5.836899999999999977e+01
-5.849099999999999966e+01
-5.850999999999999801e+01
-5.882699999999999818e+01
-5.876800000000000068e+01
-5.893200000000000216e+01
-5.915400000000000347e+01
-5.907300000000000040e+01
-5.905299999999999727e+01
-5.882200000000000273e+01
-5.860199999999999676e+01
-5.878300000000000125e+01
-5.892300000000000182e+01
-5.865999999999999659e+01
-5.850099999999999767e+01
-5.850099999999999767e+01
-5.883700000000000330e+01
-5.871300000000000097e+01
-5.878199999999999648e+01
-5.879299999999999926e+01
-5.854399999999999693e+01
-5.877400000000000091e+01
-5.916499999999999915e+01
-5.894899999999999807e+01
-5.893099999999999739e+01
-5.911500000000000199e+01
-5.900399999999999778e+01
-5.914600000000000080e+01
-5.888199999999999790e+01
-5.892600000000000193e+01
-5.890400000000000347e+01
-5.892600000000000193e+01
-5.884000000000000341e+01
-5.883100000000000307e+01
-5.851800000000000068e+01
-5.868299999999999983e+01
-5.858899999999999864e+01
-5.848599999999999710e+01
-5.873700000000000188e+01
-5.880899999999999750e+01
-5.915899999999999892e+01
-5.915899999999999892e+01
-5.909899999999999665e+01
-5.916400000000000148e+01
-5.893599999999999994e+01
-5.863400000000000034e+01
-5.874699999999999989e+01
-5.867399999999999949e+01
-5.886299999999999955e+01
-5.867799999999999727e+01
-5.867099999999999937e+01
-5.875900000000000034e+01
-5.858800000000000097e+01
-5.886200000000000188e+01
-5.828499999999999659e+01
-5.846099999999999852e+01
-5.845199999999999818e+01
-5.830499999999999972e+01
-5.835399999999999920e+01
-5.875699999999999790e+01
-5.872899999999999920e+01
-5.899399999999999977e+01
-5.879399999999999693e+01
-5.867600000000000193e+01
-5.870100000000000051e+01
-5.928499999999999659e+01
-5.904999999999999716e+01
-5.855100000000000193e+01
-5.870799999999999841e+01
-5.896200000000000330e+01
-5.885099999999999909e+01
-5.888000000000000256e+01
-5.914900000000000091e+01
-5.904099999999999682e+01
-5.866400000000000148e+01
-5.863199999999999790e+01
-5.842300000000000182e+01
-5.694400000000000261e+01
-5.616799999999999926e+01
-5.595900000000000318e+01
-5.650200000000000244e+01
-5.650200000000000244e+01
-5.677799999999999869e+01
-5.761099999999999710e+01
-5.817499999999999716e+01
-5.817499999999999716e+01
-5.833700000000000330e+01
-5.836500000000000199e+01
-5.828199999999999648e+01
-5.859799999999999898e+01
-5.888400000000000034e+01
-5.910199999999999676e+01
-5.896900000000000119e+01
-5.939800000000000324e+01
-5.927900000000000347e+01
-5.933599999999999852e+01
-5.914000000000000057e+01
-5.929200000000000159e+01
-5.947299999999999898e+01
-5.894400000000000261e+01
-5.870300000000000296e+01
-5.864000000000000057e+01
-5.914600000000000080e+01
-5.906600000000000250e+01
-5.882000000000000028e+01
-5.866199999999999903e+01
-5.865100000000000335e+01
-5.899900000000000233e+01
-5.899900000000000233e+01
-5.879299999999999926e+01
-5.871399999999999864e+01
-5.865599999999999881e+01
-5.944200000000000017e+01
-5.966199999999999903e+01
-5.874399999999999977e+01
-5.870000000000000284e+01
-5.870400000000000063e+01
-5.861099999999999710e+01
-5.870600000000000307e+01
-5.907000000000000028e+01
-5.880299999999999727e+01
-5.826200000000000045e+01
-5.826500000000000057e+01
-5.803499999999999659e+01
-5.795400000000000063e+01
-5.816700000000000159e+01
-5.845900000000000318e+01
-5.884300000000000352e+01
-5.906700000000000017e+01
-5.890200000000000102e+01
-5.862299999999999756e+01
-5.841899999999999693e+01
-5.846600000000000108e+01
-5.889200000000000301e+01
-5.884899999999999665e+01
-5.889000000000000057e+01
-5.853399999999999892e+01
-5.855799999999999983e+01
-5.867600000000000193e+01
-5.873799999999999955e+01
-5.864500000000000313e+01
-5.869899999999999807e+01
-5.879999999999999716e+01
-5.853099999999999881e+01
-5.831400000000000006e+01
-5.806900000000000261e+01
-5.730599999999999739e+01
-5.603499999999999659e+01
-5.596800000000000352e+01
-5.654699999999999704e+01
-5.662899999999999778e+01
-5.756700000000000017e+01
-5.818200000000000216e+01
-5.843200000000000216e+01
-5.834899999999999665e+01
-5.829500000000000171e+01
-5.829200000000000159e+01
-5.871699999999999875e+01
-5.880799999999999983e+01
-5.862599999999999767e+01
-5.892600000000000193e+01
-5.862800000000000011e+01
-5.862800000000000011e+01
-5.862400000000000233e+01
-5.873199999999999932e+01
-5.885999999999999943e+01
-5.879699999999999704e+01
-5.884100000000000108e+01
-5.897899999999999920e+01
-5.877499999999999858e+01
-5.893900000000000006e+01
-5.883200000000000074e+01
-5.870100000000000051e+01
-5.860000000000000142e+01
-5.870600000000000307e+01
-5.884400000000000119e+01
-5.872999999999999687e+01
-5.906300000000000239e+01
-5.919299999999999784e+01
-5.889399999999999835e+01
-5.890999999999999659e+01
-5.893699999999999761e+01
-5.894100000000000250e+01
-5.900500000000000256e+01
-5.891100000000000136e+01
-5.868699999999999761e+01
-5.850999999999999801e+01
-5.870199999999999818e+01
-5.860300000000000153e+01
-5.879500000000000171e+01
-5.879800000000000182e+01
-5.878900000000000148e+01
-5.890200000000000102e+01
-5.861099999999999710e+01
-5.885399999999999920e+01
-5.885399999999999920e+01
-5.875099999999999767e+01
-5.865800000000000125e+01
-5.865800000000000125e+01
-5.860099999999999909e+01
-5.909000000000000341e+01
-5.882500000000000284e+01
-5.891799999999999926e+01
-5.845100000000000051e+01
-5.857300000000000040e+01
-5.852799999999999869e+01
-5.838100000000000023e+01
-5.864399999999999835e+01
-5.880100000000000193e+01
-5.911899999999999977e+01
-5.911899999999999977e+01
-5.896200000000000330e+01
-5.897200000000000131e+01
-5.857300000000000040e+01
-5.859599999999999653e+01
-5.885799999999999699e+01
-5.874799999999999756e+01
-5.893900000000000006e+01
-5.870000000000000284e+01
-5.867999999999999972e+01
-5.856099999999999994e+01
-5.849300000000000210e+01
-5.869599999999999795e+01
-5.869700000000000273e+01
-5.898100000000000165e+01
-5.906199999999999761e+01
-5.906199999999999761e+01
-5.886399999999999721e+01
-5.854999999999999716e+01
-5.872800000000000153e+01
-5.893800000000000239e+01
-5.883800000000000097e+01
-5.883299999999999841e+01
-5.883500000000000085e+01
-5.868900000000000006e+01
-5.868999999999999773e+01
-5.850200000000000244e+01
-5.835600000000000165e+01
-5.872899999999999920e+01
-5.872899999999999920e+01
-5.850099999999999767e+01
-5.862700000000000244e+01
-5.871099999999999852e+01
-5.864800000000000324e+01
-5.842199999999999704e+01
-5.852900000000000347e+01
-5.846200000000000330e+01
-5.867799999999999727e+01
-5.839200000000000301e+01
-5.854299999999999926e+01
-5.845700000000000074e+01
-5.849499999999999744e+01
-5.836599999999999966e+01
-5.840699999999999648e+01
-5.863300000000000267e+01
-5.895300000000000296e+01
-5.864699999999999847e+01
-5.830799999999999983e+01
-5.840899999999999892e+01
-5.835600000000000165e+01
-5.836099999999999710e+01
-5.854599999999999937e+01
-5.861800000000000210e+01
-5.880499999999999972e+01
-5.871200000000000330e+01
-5.847399999999999665e+01
-5.833899999999999864e+01
-5.821999999999999886e+01
-5.780799999999999983e+01
-5.803399999999999892e+01
-5.800600000000000023e+01
-5.783299999999999841e+01
-5.751400000000000290e+01
-5.727700000000000102e+01
-5.580799999999999983e+01
-5.245300000000000296e+01
-5.253099999999999881e+01
-5.421300000000000097e+01
-5.496600000000000108e+01
-5.575800000000000267e+01
-5.589099999999999824e+01
-5.601700000000000301e+01
-5.302900000000000347e+01
-5.123199999999999932e+01
-5.153600000000000136e+01
-5.245600000000000307e+01
-5.308800000000000097e+01
-5.489200000000000301e+01
-5.609599999999999653e+01
-5.677700000000000102e+01
-5.753199999999999648e+01
-5.776100000000000279e+01
-5.793999999999999773e+01
-5.797399999999999665e+01
-5.800399999999999778e+01
-5.840599999999999881e+01
-5.828499999999999659e+01
-5.865999999999999659e+01
-5.810099999999999909e+01
-5.841499999999999915e+01
-5.792399999999999949e+01
-5.833700000000000330e+01
-5.835000000000000142e+01
-5.809799999999999898e+01
-5.854699999999999704e+01
-5.851200000000000045e+01
-5.811599999999999966e+01
-5.792199999999999704e+01
-5.814000000000000057e+01
-5.875000000000000000e+01
-5.864500000000000313e+01
-5.860699999999999932e+01
-5.873799999999999955e+01
-5.849000000000000199e+01
-5.804399999999999693e+01
-5.832600000000000051e+01
-5.860900000000000176e+01
-5.861299999999999955e+01
-5.857399999999999807e+01
-5.857399999999999807e+01
-5.886399999999999721e+01
-5.883100000000000307e+01
-5.896300000000000097e+01
-5.872699999999999676e+01
-5.862700000000000244e+01
-5.858299999999999841e+01
-5.861200000000000188e+01
-5.840899999999999892e+01
-5.845900000000000318e+01
-5.861099999999999710e+01
-5.894700000000000273e+01
-5.887700000000000244e+01
-5.879699999999999704e+01
-5.898700000000000188e+01
-5.885499999999999687e+01
-5.875000000000000000e+01
-5.874600000000000222e+01
-5.861899999999999977e+01
-5.874399999999999977e+01
-5.889000000000000057e+01
-5.871900000000000119e+01
-5.894700000000000273e+01
-5.845600000000000307e+01
-5.845600000000000307e+01
-5.882399999999999807e+01
-5.886399999999999721e+01
-5.853799999999999670e+01
-5.853799999999999670e+01
-5.864399999999999835e+01
-5.833599999999999852e+01
-5.802900000000000347e+01
-5.782800000000000296e+01
-5.789200000000000301e+01
-5.733800000000000097e+01
-5.744800000000000040e+01
-5.708500000000000085e+01
-5.495799999999999841e+01
-5.074699999999999989e+01
-5.083200000000000074e+01
-5.083200000000000074e+01
-5.401700000000000301e+01
-5.592999999999999972e+01
-5.679999999999999716e+01
-5.689600000000000080e+01
-5.756400000000000006e+01
-5.789500000000000313e+01
-5.789800000000000324e+01
-5.784799999999999898e+01
-5.826800000000000068e+01
-5.832099999999999795e+01
-5.809400000000000119e+01
-5.841700000000000159e+01
-5.834499999999999886e+01
-5.834499999999999886e+01
-5.831600000000000250e+01
-5.838499999999999801e+01
-5.825300000000000011e+01
-5.839999999999999858e+01
-5.852799999999999869e+01
-5.861500000000000199e+01
-5.894500000000000028e+01
-5.860699999999999932e+01
-5.863900000000000290e+01
-5.875300000000000011e+01
-5.927600000000000335e+01
-5.924199999999999733e+01
-5.889800000000000324e+01
-5.857399999999999807e+01
-5.855400000000000205e+01
-5.881400000000000006e+01
-5.875099999999999767e+01
-5.887299999999999756e+01
-5.861399999999999721e+01
-5.903499999999999659e+01
-5.886099999999999710e+01
-5.868699999999999761e+01
-5.865899999999999892e+01
-5.865899999999999892e+01
-5.859799999999999898e+01
-5.872299999999999898e+01
-5.866799999999999926e+01
-5.878099999999999881e+01
-5.884000000000000341e+01
-5.866299999999999670e+01
-5.854200000000000159e+01
-5.857600000000000051e+01
-5.883599999999999852e+01
-5.940899999999999892e+01
-5.924699999999999989e+01
-5.952799999999999869e+01
-5.944299999999999784e+01
-5.954399999999999693e+01
-5.899900000000000233e+01
-5.894700000000000273e+01
-5.867900000000000205e+01
-5.875099999999999767e+01
-5.918500000000000227e+01
-5.932200000000000273e+01
-5.933200000000000074e+01
-5.914000000000000057e+01
-5.914000000000000057e+01
-5.919899999999999807e+01
-5.920900000000000318e+01
-5.912599999999999767e+01
-5.912599999999999767e+01
-5.892300000000000182e+01
-5.873400000000000176e+01
-5.815999999999999659e+01
-5.817199999999999704e+01
-5.815500000000000114e+01
-5.850200000000000244e+01
-5.853199999999999648e+01
-5.895000000000000284e+01
-5.881300000000000239e+01
-5.904099999999999682e+01
-5.929899999999999949e+01
-5.885999999999999943e+01
-5.870499999999999829e+01
-5.860199999999999676e+01
-5.830899999999999750e+01
-5.809100000000000108e+01
-5.723199999999999932e+01
-5.645100000000000051e+01
-5.591899999999999693e+01
-5.681400000000000006e+01
-5.765299999999999869e+01
-5.765299999999999869e+01
-5.788199999999999790e+01
-5.838199999999999790e+01
-5.883200000000000074e+01
-5.861899999999999977e+01
-5.801899999999999835e+01
-5.821600000000000108e+01
-5.868399999999999750e+01
-5.886399999999999721e+01
-5.906099999999999994e+01
-5.914200000000000301e+01
-5.898599999999999710e+01
-5.833800000000000097e+01
-5.865800000000000125e+01
-5.894100000000000250e+01
-5.884499999999999886e+01
-5.863900000000000290e+01
-5.867300000000000182e+01
-5.906000000000000227e+01
-5.910399999999999920e+01
-5.880599999999999739e+01
-5.904299999999999926e+01
-5.907200000000000273e+01
-5.911500000000000199e+01
-5.914999999999999858e+01
-5.937700000000000244e+01
-5.964500000000000313e+01
-5.903000000000000114e+01
-5.888700000000000045e+01
-5.872200000000000131e+01
-5.909599999999999653e+01
-5.889600000000000080e+01
-5.896000000000000085e+01
-5.877499999999999858e+01
-5.881600000000000250e+01
-5.879099999999999682e+01
-5.863100000000000023e+01
-5.877400000000000091e+01
-5.867199999999999704e+01
-5.856499999999999773e+01
-5.851100000000000279e+01
-5.842300000000000182e+01
-5.898700000000000188e+01
-5.928499999999999659e+01
-5.897399999999999665e+01
-5.884599999999999653e+01
-5.937800000000000011e+01
-5.923400000000000176e+01
-5.914200000000000301e+01
-5.872899999999999920e+01
-5.886200000000000188e+01
-5.831700000000000017e+01
-5.818200000000000216e+01
-5.640699999999999648e+01
-5.630299999999999727e+01
-5.751700000000000301e+01
-5.732699999999999818e+01
-5.766700000000000159e+01
-5.804999999999999716e+01
-5.828499999999999659e+01
-5.857399999999999807e+01
-5.873100000000000165e+01
-5.875300000000000011e+01
-5.867399999999999949e+01
-5.856099999999999994e+01
-5.840100000000000335e+01
-5.816700000000000159e+01
-5.851400000000000290e+01
-5.842199999999999704e+01
-5.839099999999999824e+01
-5.839800000000000324e+01
-5.875099999999999767e+01
-5.885099999999999909e+01
-5.881400000000000006e+01
-5.877700000000000102e+01
-5.865699999999999648e+01
-5.833200000000000074e+01
-5.879200000000000159e+01
-5.851500000000000057e+01
-5.880899999999999750e+01
-5.860999999999999943e+01
-5.887299999999999756e+01
-5.890500000000000114e+01
-5.906600000000000250e+01
-5.900000000000000000e+01
-5.862299999999999756e+01
-5.871500000000000341e+01
-5.886699999999999733e+01
-5.863199999999999790e+01
-5.863199999999999790e+01
-5.890899999999999892e+01
-5.872699999999999676e+01
-5.902100000000000080e+01
-5.877900000000000347e+01
-5.839600000000000080e+01
-5.874199999999999733e+01
-5.853399999999999892e+01
-5.888199999999999790e+01
-5.875200000000000244e+01
-5.896000000000000085e+01
-5.875500000000000256e+01
-5.892799999999999727e+01
-5.866899999999999693e+01
-5.862400000000000233e+01
-5.867099999999999937e+01
-5.859199999999999875e+01
-5.835499999999999687e+01
-5.857999999999999829e+01
-5.871999999999999886e+01
-5.886800000000000210e+01
-5.885199999999999676e+01
-5.871300000000000097e+01
-5.868500000000000227e+01
-5.899600000000000222e+01
-5.919500000000000028e+01
-5.906400000000000006e+01
-5.895000000000000284e+01
-5.896200000000000330e+01
-5.904299999999999926e+01
-5.949000000000000199e+01
-5.868800000000000239e+01
-5.887100000000000222e+01
-5.875200000000000244e+01
-5.879899999999999949e+01
-5.876100000000000279e+01
-5.885099999999999909e+01
-5.870700000000000074e+01
-5.866799999999999926e+01
-5.877900000000000347e+01
-5.854500000000000171e+01
-5.838799999999999812e+01
-5.813499999999999801e+01
-5.816400000000000148e+01
-5.828300000000000125e+01
-5.849699999999999989e+01
-5.839099999999999824e+01
-5.815800000000000125e+01
-5.815800000000000125e+01
-5.816599999999999682e+01
-5.778999999999999915e+01
-5.788300000000000267e+01
-5.759799999999999898e+01
-5.756799999999999784e+01
-5.754699999999999704e+01
-5.712899999999999778e+01
-5.667399999999999949e+01
-5.353900000000000148e+01
-5.005199999999999960e+01
-4.975999999999999801e+01
-5.216100000000000136e+01
-5.456199999999999761e+01
-5.493999999999999773e+01
-5.533500000000000085e+01
-5.595600000000000307e+01
-5.635600000000000165e+01
-5.704899999999999949e+01
-5.767600000000000193e+01
-5.771099999999999852e+01
-5.779299999999999926e+01
-5.818099999999999739e+01
-5.819299999999999784e+01
-5.851100000000000279e+01
-5.846699999999999875e+01
-5.831199999999999761e+01
-5.837400000000000233e+01
-5.882800000000000296e+01
-5.903399999999999892e+01
-5.842399999999999949e+01
-5.835399999999999920e+01
-5.860499999999999687e+01
-5.860499999999999687e+01
-5.847599999999999909e+01
-5.841899999999999693e+01
-5.831000000000000227e+01
-5.833100000000000307e+01
-5.833100000000000307e+01
-5.839200000000000301e+01
-5.844299999999999784e+01
-5.848299999999999699e+01
-5.852400000000000091e+01
-5.841199999999999903e+01
-5.799699999999999989e+01
-5.802400000000000091e+01
-5.877199999999999847e+01
-5.869700000000000273e+01
-5.846300000000000097e+01
-5.844800000000000040e+01
-5.857000000000000028e+01
-5.849399999999999977e+01
-5.855100000000000193e+01
-5.873100000000000165e+01
-5.873100000000000165e+01
-5.856400000000000006e+01
-5.824600000000000222e+01
-5.846399999999999864e+01
-5.856099999999999994e+01
-5.858700000000000330e+01
-5.847999999999999687e+01
-5.836800000000000210e+01
-5.830899999999999750e+01
-5.872899999999999920e+01
-5.855400000000000205e+01
-5.863600000000000279e+01
-5.915800000000000125e+01
-5.888400000000000034e+01
-5.877000000000000313e+01
-5.858200000000000074e+01
-5.866400000000000148e+01
-5.827499999999999858e+01
-5.822200000000000131e+01
-5.810600000000000165e+01
-5.816400000000000148e+01
-5.825200000000000244e+01
-5.826599999999999824e+01
-5.846699999999999875e+01
-5.824000000000000199e+01
-5.791799999999999926e+01
-5.784700000000000131e+01
-5.784899999999999665e+01
-5.759000000000000341e+01
-5.786699999999999733e+01
-5.793200000000000216e+01
-5.793200000000000216e+01
-5.811599999999999966e+01
-5.740999999999999659e+01
-5.674900000000000233e+01
-5.671200000000000330e+01
-5.613900000000000290e+01
-5.430100000000000193e+01
-5.081199999999999761e+01
-5.055400000000000205e+01
-5.351400000000000290e+01
-5.473299999999999699e+01
-5.631199999999999761e+01
-5.696099999999999852e+01
-5.734499999999999886e+01
-5.735699999999999932e+01
-5.760999999999999943e+01
-5.743699999999999761e+01
-5.717000000000000171e+01
-5.725699999999999790e+01
-5.728300000000000125e+01
-5.744599999999999795e+01
-5.773400000000000176e+01
-5.774799999999999756e+01
-5.785999999999999943e+01
-5.789300000000000068e+01
-5.803499999999999659e+01
-5.803300000000000125e+01
-5.843699999999999761e+01
-5.850600000000000023e+01
-5.818099999999999739e+01
-5.855700000000000216e+01
-5.835199999999999676e+01
-5.816299999999999670e+01
-5.828000000000000114e+01
-5.797500000000000142e+01
-5.797500000000000142e+01
-5.822299999999999898e+01
-5.857300000000000040e+01
-5.828000000000000114e+01
-5.828000000000000114e+01
-5.815699999999999648e+01
-5.831000000000000227e+01
-5.861599999999999966e+01
-5.877400000000000091e+01
-5.877400000000000091e+01
-5.871200000000000330e+01
-5.885000000000000142e+01
-5.851400000000000290e+01
-5.841400000000000148e+01
-5.840500000000000114e+01
-5.904200000000000159e+01
-5.868699999999999761e+01
-5.836099999999999710e+01
-5.816199999999999903e+01
-5.817799999999999727e+01
-5.854800000000000182e+01
-5.857800000000000296e+01
-5.849799999999999756e+01
-5.868800000000000239e+01
-5.857200000000000273e+01
-5.799399999999999977e+01
-5.840800000000000125e+01
-5.877100000000000080e+01
-5.856499999999999773e+01
-5.856499999999999773e+01
-5.843699999999999761e+01
-5.835300000000000153e+01
-5.849699999999999989e+01
-5.861399999999999721e+01
-5.878799999999999670e+01
-5.846000000000000085e+01
-5.846000000000000085e+01
-5.861599999999999966e+01
-5.875300000000000011e+01
-5.886800000000000210e+01
-5.824399999999999977e+01
-5.831799999999999784e+01
-5.809100000000000108e+01
-5.807600000000000051e+01
-5.811899999999999977e+01
-5.843099999999999739e+01
-5.836500000000000199e+01
-5.868500000000000227e+01
-5.854800000000000182e+01
-5.823799999999999955e+01
-5.856300000000000239e+01
-5.860799999999999699e+01
-5.829899999999999949e+01
-5.832399999999999807e+01
-5.857500000000000284e+01
-5.805199999999999960e+01
-5.677000000000000313e+01
-5.688100000000000023e+01
-5.813000000000000256e+01
-5.881000000000000227e+01
-5.867000000000000171e+01
-5.862599999999999767e+01
-5.865800000000000125e+01
-5.879800000000000182e+01
-5.866199999999999903e+01
-5.861699999999999733e+01
-5.851200000000000045e+01
-5.882200000000000273e+01
-5.857099999999999795e+01
-5.855599999999999739e+01
-5.854099999999999682e+01
-5.890500000000000114e+01
-5.877900000000000347e+01
-5.893900000000000006e+01
-5.911200000000000188e+01
-5.834100000000000108e+01
-5.857999999999999829e+01
-5.897099999999999653e+01
-5.872699999999999676e+01
-5.853499999999999659e+01
-5.863199999999999790e+01
-5.880799999999999983e+01
-5.880599999999999739e+01
-5.872599999999999909e+01
-5.842600000000000193e+01
-5.869700000000000273e+01
-5.899600000000000222e+01
-5.909599999999999653e+01
-5.850399999999999778e+01
-5.821200000000000330e+01
-5.867099999999999937e+01
-5.826200000000000045e+01
-5.822899999999999920e+01
-5.801299999999999812e+01
-5.793999999999999773e+01
-5.760199999999999676e+01
-5.760199999999999676e+01
-5.745300000000000296e+01
-5.770700000000000074e+01
-5.777600000000000335e+01
-5.783700000000000330e+01
-5.738199999999999790e+01
-5.760900000000000176e+01
-5.774699999999999989e+01
-5.791799999999999926e+01
-5.805599999999999739e+01
-5.791700000000000159e+01
-5.817799999999999727e+01
-5.862199999999999989e+01
-5.836800000000000210e+01
-5.836800000000000210e+01
-5.878099999999999881e+01
-5.868399999999999750e+01
-5.879299999999999926e+01
-5.876700000000000301e+01
-5.879500000000000171e+01
-5.866599999999999682e+01
-5.853399999999999892e+01
-5.842499999999999716e+01
-5.834799999999999898e+01
-5.853000000000000114e+01
-5.852700000000000102e+01
-5.826400000000000290e+01
-5.842999999999999972e+01
-5.842999999999999972e+01
-5.856799999999999784e+01
-5.874699999999999989e+01
-5.882200000000000273e+01
-5.882200000000000273e+01
-5.857399999999999807e+01
-5.867999999999999972e+01
-5.855100000000000193e+01
-5.855100000000000193e+01
-5.820100000000000051e+01
-5.692799999999999727e+01
-5.720100000000000051e+01
-5.732300000000000040e+01
-5.732000000000000028e+01
-5.771999999999999886e+01
-5.779500000000000171e+01
-5.831400000000000006e+01
-5.831300000000000239e+01
-5.845300000000000296e+01
-5.864699999999999847e+01
-5.886999999999999744e+01
-5.893200000000000216e+01
-5.886800000000000210e+01
-5.898700000000000188e+01
-5.898700000000000188e+01
-5.862500000000000000e+01
-5.862500000000000000e+01
-5.857099999999999795e+01
-5.853000000000000114e+01
-5.889600000000000080e+01
-5.889600000000000080e+01
-5.877000000000000313e+01
-5.862100000000000222e+01
-5.857399999999999807e+01
-5.856700000000000017e+01
-5.893999999999999773e+01
-5.885799999999999699e+01
-5.826800000000000068e+01
-5.843699999999999761e+01
-5.827100000000000080e+01
-5.870199999999999818e+01
-5.877499999999999858e+01
-5.882900000000000063e+01
-5.865500000000000114e+01
-5.890200000000000102e+01
-5.876800000000000068e+01
-5.841400000000000148e+01
-5.844100000000000250e+01
-5.848100000000000165e+01
-5.874799999999999756e+01
-5.889399999999999835e+01
-5.880400000000000205e+01
-5.854999999999999716e+01
-5.868900000000000006e+01
-5.874699999999999989e+01
-5.849300000000000210e+01
-5.815999999999999659e+01
-5.759000000000000341e+01
-5.802700000000000102e+01
-5.824900000000000233e+01
-5.816599999999999682e+01
-5.831700000000000017e+01
-5.849300000000000210e+01
-5.874099999999999966e+01
-5.844899999999999807e+01
-5.889000000000000057e+01
-5.859700000000000131e+01
-5.871300000000000097e+01
-5.849199999999999733e+01
-5.853699999999999903e+01
-5.870799999999999841e+01
-5.826400000000000290e+01
-5.827400000000000091e+01
-5.827799999999999869e+01
-5.787100000000000222e+01
-5.796600000000000108e+01
-5.791499999999999915e+01
-5.815599999999999881e+01
-5.864999999999999858e+01
-5.874099999999999966e+01
-5.860099999999999909e+01
-5.866299999999999670e+01
-5.864300000000000068e+01
-5.874000000000000199e+01
-5.861399999999999721e+01
-5.844400000000000261e+01
-5.844400000000000261e+01
-5.822099999999999653e+01
-5.835099999999999909e+01
-5.817499999999999716e+01
-5.821000000000000085e+01
-5.854500000000000171e+01
-5.888000000000000256e+01
-5.878199999999999648e+01
-5.878199999999999648e+01
-5.856000000000000227e+01
-5.852499999999999858e+01
-5.856000000000000227e+01
-5.819400000000000261e+01
-5.834300000000000352e+01
-5.867600000000000193e+01
-5.855599999999999739e+01
-5.837700000000000244e+01
-5.854500000000000171e+01
-5.851500000000000057e+01
-5.833100000000000307e+01
-5.837599999999999767e+01
-5.825500000000000256e+01
-5.840299999999999869e+01
-5.870799999999999841e+01
-5.839999999999999858e+01
-5.825099999999999767e+01
-5.856600000000000250e+01
-5.820799999999999841e+01
-5.823899999999999721e+01
-5.798599999999999710e+01
-5.780499999999999972e+01
-5.797399999999999665e+01
-5.807800000000000296e+01
-5.798100000000000165e+01
-5.781799999999999784e+01
-5.730100000000000193e+01
-5.692600000000000193e+01
-5.666499999999999915e+01
-5.351400000000000290e+01
-4.930100000000000193e+01
-4.732500000000000284e+01
-5.059199999999999875e+01
-5.296900000000000119e+01
-5.501200000000000045e+01
-5.575200000000000244e+01
-5.605599999999999739e+01
-5.696900000000000119e+01
-5.733899999999999864e+01
-5.730100000000000193e+01
-5.744800000000000040e+01
-5.787100000000000222e+01
-5.780899999999999750e+01
-5.798499999999999943e+01
-5.802700000000000102e+01
-5.800800000000000267e+01
-5.827300000000000324e+01
-5.837700000000000244e+01
-5.830899999999999750e+01
-5.819700000000000273e+01
-5.797899999999999920e+01
-5.801899999999999835e+01
-5.796000000000000085e+01
-5.807099999999999795e+01
-5.824699999999999989e+01
-5.847699999999999676e+01
-5.842600000000000193e+01
-5.829099999999999682e+01
-5.835399999999999920e+01
-5.880599999999999739e+01
-5.880599999999999739e+01
-5.839399999999999835e+01
-5.852600000000000335e+01
-5.852000000000000313e+01
-5.852000000000000313e+01
-5.852199999999999847e+01
-5.835300000000000153e+01
-5.859499999999999886e+01
-5.839200000000000301e+01
-5.823100000000000165e+01
-5.822999999999999687e+01
-5.819500000000000028e+01
-5.823100000000000165e+01
-5.815500000000000114e+01
-5.799000000000000199e+01
-5.836899999999999977e+01
-5.814699999999999847e+01
-5.855299999999999727e+01
-5.828199999999999648e+01
-5.844200000000000017e+01
-5.835000000000000142e+01
-5.860099999999999909e+01
-5.868500000000000227e+01
-5.887500000000000000e+01
-5.859599999999999653e+01
-5.861299999999999955e+01
-5.824000000000000199e+01
-5.810099999999999909e+01
-5.816199999999999903e+01
-5.846699999999999875e+01
-5.849900000000000233e+01
-5.852799999999999869e+01
-5.840200000000000102e+01
-5.810699999999999932e+01
-5.803999999999999915e+01
-5.811099999999999710e+01
-5.777799999999999869e+01
-5.773100000000000165e+01
-5.806600000000000250e+01
-5.775699999999999790e+01
-5.743200000000000216e+01
-5.751899999999999835e+01
-5.748299999999999699e+01
-5.756300000000000239e+01
-5.753699999999999903e+01
-5.757600000000000051e+01
-5.685499999999999687e+01
-5.605799999999999983e+01
-5.074600000000000222e+01
-4.826200000000000045e+01
-4.775000000000000000e+01
-4.949900000000000233e+01
-5.302300000000000324e+01
-5.588000000000000256e+01
-5.668999999999999773e+01
-5.711800000000000210e+01
-5.736999999999999744e+01
-5.748899999999999721e+01
-5.757099999999999795e+01
-5.768999999999999773e+01
-5.790200000000000102e+01
-5.789900000000000091e+01
-5.788799999999999812e+01
-5.786500000000000199e+01
-5.785099999999999909e+01
-5.804999999999999716e+01
-5.828499999999999659e+01
-5.845900000000000318e+01
-5.825999999999999801e+01
-5.831099999999999994e+01
-5.844700000000000273e+01
-5.825800000000000267e+01
-5.843900000000000006e+01
-5.836599999999999966e+01
-5.836299999999999955e+01
-5.875800000000000267e+01
-5.863000000000000256e+01
-5.908299999999999841e+01
-5.875600000000000023e+01
-5.897899999999999920e+01
-5.881400000000000006e+01
-5.881400000000000006e+01
-5.886299999999999955e+01
-5.842399999999999949e+01
-5.862100000000000222e+01
-5.862100000000000222e+01
-5.844599999999999795e+01
-5.853199999999999648e+01
-5.823400000000000176e+01
-5.789600000000000080e+01
-5.809100000000000108e+01
-5.834400000000000119e+01
-5.845000000000000284e+01
-5.856000000000000227e+01
-5.845300000000000296e+01
-5.848499999999999943e+01
-5.845700000000000074e+01
-5.822800000000000153e+01
-5.819899999999999807e+01
-5.829899999999999949e+01
-5.838700000000000045e+01
-5.824300000000000210e+01
-5.844299999999999784e+01
-5.873299999999999699e+01
-5.850500000000000256e+01
-5.838799999999999812e+01
-5.839300000000000068e+01
-5.810399999999999920e+01
-5.875999999999999801e+01
-5.852499999999999858e+01
-5.791799999999999926e+01
-5.706600000000000250e+01
-5.696999999999999886e+01
-5.759400000000000119e+01
-5.760300000000000153e+01
-5.760300000000000153e+01
-5.799499999999999744e+01
-5.817199999999999704e+01
-5.843299999999999983e+01
-5.852499999999999858e+01
-5.851700000000000301e+01
-5.828399999999999892e+01
-5.873400000000000176e+01
-5.848299999999999699e+01
-5.835300000000000153e+01
-5.864900000000000091e+01
-5.858700000000000330e+01
-5.846099999999999852e+01
-5.835000000000000142e+01
-5.853199999999999648e+01
-5.852499999999999858e+01
-5.895300000000000296e+01
-5.881400000000000006e+01
-5.881400000000000006e+01
-5.901700000000000301e+01
-5.871399999999999864e+01
-5.845199999999999818e+01
-5.845199999999999818e+01
-5.872899999999999920e+01
-5.835999999999999943e+01
-5.870300000000000296e+01
-5.890699999999999648e+01
-5.852499999999999858e+01
-5.863000000000000256e+01
-5.882099999999999795e+01
-5.885799999999999699e+01
-5.854899999999999949e+01
-5.877400000000000091e+01
-5.877499999999999858e+01
-5.883899999999999864e+01
-5.876800000000000068e+01
-5.851800000000000068e+01
-5.836200000000000188e+01
-5.838799999999999812e+01
-5.874799999999999756e+01
-5.864699999999999847e+01
-5.872399999999999665e+01
-5.883500000000000085e+01
-5.880499999999999972e+01
-5.878000000000000114e+01
-5.873100000000000165e+01
-5.891299999999999670e+01
-5.859000000000000341e+01
-5.857200000000000273e+01
-5.856300000000000239e+01
-5.837599999999999767e+01
-5.809300000000000352e+01
-5.802900000000000347e+01
-5.808800000000000097e+01
-5.827100000000000080e+01
-5.822500000000000142e+01
-5.734100000000000108e+01
-5.631700000000000017e+01
-5.697099999999999653e+01
-5.754299999999999926e+01
-5.807500000000000284e+01
-5.807500000000000284e+01
-5.838600000000000279e+01
-5.831400000000000006e+01
-5.871699999999999875e+01
-5.847200000000000131e+01
-5.897099999999999653e+01
-5.853399999999999892e+01
-5.832500000000000284e+01
-5.864300000000000068e+01
-5.850900000000000034e+01
-5.860999999999999943e+01
-5.833700000000000330e+01
-5.831300000000000239e+01
-5.849900000000000233e+01
-5.867999999999999972e+01
-5.893500000000000227e+01
-5.903999999999999915e+01
-5.918800000000000239e+01
-5.898199999999999932e+01
-5.881400000000000006e+01
-5.927600000000000335e+01
-5.924799999999999756e+01
-5.873799999999999955e+01
-5.894200000000000017e+01
-5.870300000000000296e+01
-5.854699999999999704e+01
-5.837800000000000011e+01
-5.887899999999999778e+01
-5.877499999999999858e+01
-5.867499999999999716e+01
-5.850699999999999790e+01
-5.861699999999999733e+01
-5.868900000000000006e+01
-5.868900000000000006e+01
-5.871000000000000085e+01
-5.919700000000000273e+01
-5.884899999999999665e+01
-5.846500000000000341e+01
-5.853099999999999881e+01
-5.848400000000000176e+01
-5.867600000000000193e+01
-5.870700000000000074e+01
-5.851599999999999824e+01
-5.856099999999999994e+01
-5.816199999999999903e+01
-5.838799999999999812e+01
-5.815200000000000102e+01
-5.825399999999999778e+01
-5.772699999999999676e+01
-5.764099999999999824e+01
-5.791299999999999670e+01
-5.786500000000000199e+01
-5.780599999999999739e+01
-5.785600000000000165e+01
-5.809100000000000108e+01
-5.831700000000000017e+01
-5.842099999999999937e+01
-5.826599999999999824e+01
-5.827000000000000313e+01
-5.815500000000000114e+01
-5.827100000000000080e+01
-5.837199999999999989e+01
-5.845700000000000074e+01
-5.843699999999999761e+01
-5.854299999999999926e+01
-5.833599999999999852e+01
-5.850399999999999778e+01
-5.841199999999999903e+01
-5.842399999999999949e+01
-5.863400000000000034e+01
-5.852100000000000080e+01
-5.874399999999999977e+01
-5.873700000000000188e+01
-5.840299999999999869e+01
-5.852199999999999847e+01
-5.861899999999999977e+01
-5.847899999999999920e+01
-5.813100000000000023e+01
-5.806300000000000239e+01
-5.806300000000000239e+01
-5.788600000000000279e+01
-5.784700000000000131e+01
-5.826599999999999824e+01
-5.850999999999999801e+01
-5.828300000000000125e+01
-5.850600000000000023e+01
-5.834199999999999875e+01
-5.832800000000000296e+01
-5.830899999999999750e+01
-5.854599999999999937e+01
-5.854599999999999937e+01
-5.840599999999999881e+01
-5.843200000000000216e+01
-5.846800000000000352e+01
-5.811099999999999710e+01
-5.823400000000000176e+01
-5.817600000000000193e+01
-5.835300000000000153e+01
-5.816599999999999682e+01
-5.841299999999999670e+01
-5.840100000000000335e+01
-5.846800000000000352e+01
-5.852300000000000324e+01
-5.821399999999999864e+01
-5.809199999999999875e+01
-5.823100000000000165e+01
-5.829200000000000159e+01
-5.826400000000000290e+01
-5.824099999999999966e+01
-5.777700000000000102e+01
-5.803999999999999915e+01
-5.796600000000000108e+01
-5.810399999999999920e+01
-5.808200000000000074e+01
-5.789399999999999835e+01
-5.770100000000000051e+01
-5.770100000000000051e+01
-5.838100000000000023e+01
-5.840699999999999648e+01
-5.788799999999999812e+01
-5.788900000000000290e+01
-5.825000000000000000e+01
-5.798599999999999710e+01
-5.761699999999999733e+01
-5.675399999999999778e+01
-5.618299999999999983e+01
-5.561200000000000188e+01
-5.227499999999999858e+01
-4.968099999999999739e+01
-4.796200000000000330e+01
-4.870600000000000307e+01
-5.074399999999999977e+01
-5.074399999999999977e+01
-5.354800000000000182e+01
-5.498499999999999943e+01
-5.643299999999999983e+01
-5.658500000000000085e+01
-5.736599999999999966e+01
-5.729399999999999693e+01
-5.764500000000000313e+01
-5.750800000000000267e+01
-5.776599999999999824e+01
-5.778499999999999659e+01
-5.774600000000000222e+01
-5.801800000000000068e+01
-5.781900000000000261e+01
-5.798599999999999710e+01
-5.804200000000000159e+01
-5.817699999999999960e+01
-5.814300000000000068e+01
-5.811800000000000210e+01
-5.802700000000000102e+01
-5.809300000000000352e+01
-5.831199999999999761e+01
-5.826599999999999824e+01
-5.820600000000000307e+01
-5.824600000000000222e+01
-5.843999999999999773e+01
-5.848199999999999932e+01
-5.823700000000000188e+01
-5.818500000000000227e+01
-5.794100000000000250e+01
-5.806900000000000261e+01
-5.810000000000000142e+01
-5.811599999999999966e+01
-5.825200000000000244e+01
-5.787100000000000222e+01
-5.799000000000000199e+01
-5.833599999999999852e+01
-5.859300000000000352e+01
-5.875099999999999767e+01
-5.861599999999999966e+01
-5.837800000000000011e+01
-5.831099999999999994e+01
-5.835799999999999699e+01
-5.807900000000000063e+01
-5.785399999999999920e+01
-5.784700000000000131e+01
-5.809199999999999875e+01
-5.829999999999999716e+01
-5.801200000000000045e+01
-5.815299999999999869e+01
-5.843999999999999773e+01
-5.821399999999999864e+01
-5.807399999999999807e+01
-5.816599999999999682e+01
-5.790100000000000335e+01
-5.792600000000000193e+01
-5.812800000000000011e+01
-5.813000000000000256e+01
-5.817499999999999716e+01
-5.790800000000000125e+01
-5.794400000000000261e+01
-5.791400000000000148e+01
-5.812700000000000244e+01
-5.773400000000000176e+01
-5.802600000000000335e+01
-5.815899999999999892e+01
-5.797399999999999665e+01
-5.798100000000000165e+01
-5.794700000000000273e+01
-5.811500000000000199e+01
-5.839399999999999835e+01
-5.859799999999999898e+01
-5.854899999999999949e+01
-5.837700000000000244e+01
-5.822500000000000142e+01
-5.822500000000000142e+01
-5.808800000000000097e+01
-5.780299999999999727e+01
-5.793500000000000227e+01
-5.794599999999999795e+01
-5.786999999999999744e+01
-5.791700000000000159e+01
-5.820600000000000307e+01
-5.811800000000000210e+01
-5.833500000000000085e+01
-5.843200000000000216e+01
-5.798899999999999721e+01
-5.772399999999999665e+01
-5.790800000000000125e+01
-5.699699999999999989e+01
-5.531000000000000227e+01
-5.024600000000000222e+01
-5.040699999999999648e+01
-5.113000000000000256e+01
-5.311099999999999710e+01
-5.429200000000000159e+01
-5.518500000000000227e+01
-5.584799999999999898e+01
-5.607300000000000040e+01
-5.607300000000000040e+01
-5.617300000000000182e+01
-5.657099999999999795e+01
-5.705700000000000216e+01
-5.746600000000000108e+01
-5.773400000000000176e+01
-5.735799999999999699e+01
-5.754500000000000171e+01
-5.752199999999999847e+01
-5.756799999999999784e+01
-5.763799999999999812e+01
-5.752000000000000313e+01
-5.730700000000000216e+01
-5.741899999999999693e+01
-5.796300000000000097e+01
-5.811099999999999710e+01
-5.819500000000000028e+01
-5.797699999999999676e+01
-5.787400000000000233e+01
-5.793999999999999773e+01
-5.831300000000000239e+01
-5.815500000000000114e+01
-5.825000000000000000e+01
-5.822200000000000131e+01
-5.843699999999999761e+01
-5.856700000000000017e+01
-5.830199999999999960e+01
-5.830700000000000216e+01
-5.823700000000000188e+01
-5.825900000000000034e+01
-5.825900000000000034e+01
-5.820499999999999829e+01
-5.821200000000000330e+01
-5.797699999999999676e+01
-5.830700000000000216e+01
-5.811200000000000188e+01
-5.856000000000000227e+01
-5.862299999999999756e+01
-5.849900000000000233e+01
-5.843999999999999773e+01
-5.836399999999999721e+01
-5.860499999999999687e+01
-5.871699999999999875e+01
-5.905100000000000193e+01
-5.899000000000000199e+01
-5.860000000000000142e+01
-5.854899999999999949e+01
-5.847800000000000153e+01
-5.845100000000000051e+01
-5.833800000000000097e+01
-5.835099999999999909e+01
-5.828900000000000148e+01
-5.833700000000000330e+01
-5.835499999999999687e+01
-5.829399999999999693e+01
-5.809799999999999898e+01
-5.775300000000000011e+01
-5.694800000000000040e+01
-5.692499999999999716e+01
-5.766599999999999682e+01
-5.771900000000000119e+01
-5.797599999999999909e+01
-5.834700000000000131e+01
-5.832099999999999795e+01
-5.821800000000000352e+01
-5.813400000000000034e+01
-5.861800000000000210e+01
-5.848899999999999721e+01
-5.849000000000000199e+01
-5.868699999999999761e+01
-5.877100000000000080e+01
-5.827700000000000102e+01
-5.835600000000000165e+01
-5.852700000000000102e+01
-5.821900000000000119e+01
-5.834700000000000131e+01
-5.842499999999999716e+01
-5.837800000000000011e+01
-5.822500000000000142e+01
-5.828499999999999659e+01
-5.863799999999999812e+01
-5.870499999999999829e+01
-5.839399999999999835e+01
-5.838700000000000045e+01
-5.858899999999999864e+01
-5.850800000000000267e+01
-5.878399999999999892e+01
-5.854299999999999926e+01
-5.848100000000000165e+01
-5.848899999999999721e+01
-5.858200000000000074e+01
-5.849799999999999756e+01
-5.859199999999999875e+01
-5.829500000000000171e+01
-5.859899999999999665e+01
-5.861099999999999710e+01
-5.832800000000000296e+01
-5.848700000000000188e+01
-5.842300000000000182e+01
-5.853300000000000125e+01
-5.865699999999999648e+01
-5.871999999999999886e+01
-5.861999999999999744e+01
-5.878199999999999648e+01
-5.896900000000000119e+01
-5.860900000000000176e+01
-5.856199999999999761e+01
-5.854599999999999937e+01
-5.837199999999999989e+01
-5.840299999999999869e+01
-5.814300000000000068e+01
-5.851599999999999824e+01
-5.844100000000000250e+01
-5.813100000000000023e+01
-5.697099999999999653e+01
-5.712899999999999778e+01
-5.784700000000000131e+01
-5.784700000000000131e+01
-5.812400000000000233e+01
-5.795400000000000063e+01
-5.807900000000000063e+01
-5.835799999999999699e+01
-5.822299999999999898e+01
-5.871300000000000097e+01
-5.874199999999999733e+01
-5.892600000000000193e+01
-5.891799999999999926e+01
-5.848199999999999932e+01
-5.843599999999999994e+01
-5.834400000000000119e+01
-5.842399999999999949e+01
-5.873700000000000188e+01
-5.874900000000000233e+01
-5.868699999999999761e+01
-5.852900000000000347e+01
-5.852900000000000347e+01
-5.869700000000000273e+01
-5.843999999999999773e+01
-5.836200000000000188e+01
-5.756300000000000239e+01
-5.772599999999999909e+01
-5.828499999999999659e+01
-5.853099999999999881e+01
-5.836299999999999955e+01
-5.863100000000000023e+01
-5.863100000000000023e+01
-5.838600000000000279e+01
-5.839300000000000068e+01
-5.885000000000000142e+01
-5.842999999999999972e+01
-5.844500000000000028e+01
-5.852700000000000102e+01
-5.789399999999999835e+01
-5.812400000000000233e+01
-5.855100000000000193e+01
-5.859799999999999898e+01
-5.859000000000000341e+01
-5.868500000000000227e+01
-5.864399999999999835e+01
-5.853199999999999648e+01
-5.878199999999999648e+01
-5.881199999999999761e+01
-5.839800000000000324e+01
-5.865800000000000125e+01
-5.842300000000000182e+01
-5.842300000000000182e+01
-5.861399999999999721e+01
-5.828600000000000136e+01
-5.887199999999999989e+01
-5.856300000000000239e+01
-5.832699999999999818e+01
-5.831400000000000006e+01
-5.824199999999999733e+01
-5.851800000000000068e+01
-5.868099999999999739e+01
-5.861699999999999733e+01
-5.866100000000000136e+01
-5.859400000000000119e+01
-5.831700000000000017e+01
-5.851899999999999835e+01
-5.869599999999999795e+01
-5.867000000000000171e+01
-5.830700000000000216e+01
-5.858899999999999864e+01
-5.854999999999999716e+01
-5.853099999999999881e+01
-5.863400000000000034e+01
-5.856900000000000261e+01
-5.869800000000000040e+01
-5.866499999999999915e+01
-5.818299999999999983e+01
-5.789300000000000068e+01
-5.818500000000000227e+01
-5.797200000000000131e+01
-5.834400000000000119e+01
-5.842000000000000171e+01
-5.839099999999999824e+01
-5.846300000000000097e+01
-5.842499999999999716e+01
-5.857500000000000284e+01
-5.835699999999999932e+01
-5.811599999999999966e+01
-5.814999999999999858e+01
-5.812199999999999989e+01
-5.822699999999999676e+01
-5.803399999999999892e+01
-5.832800000000000296e+01
-5.836899999999999977e+01
-5.825099999999999767e+01
-5.851299999999999812e+01
-5.862599999999999767e+01
-5.838100000000000023e+01
-5.789099999999999824e+01
-5.726299999999999812e+01
-5.698799999999999955e+01
-5.763799999999999812e+01
-5.793999999999999773e+01
-5.811299999999999955e+01
-5.800300000000000011e+01
-5.834100000000000108e+01
-5.846999999999999886e+01
-5.810000000000000142e+01
-5.799499999999999744e+01
-5.787899999999999778e+01
-5.850999999999999801e+01
-5.842399999999999949e+01
-5.810499999999999687e+01
-5.827900000000000347e+01
-5.839399999999999835e+01
-5.828799999999999670e+01
-5.876500000000000057e+01
-5.847299999999999898e+01
-5.844100000000000250e+01
-5.815999999999999659e+01
-5.821399999999999864e+01
-5.800300000000000011e+01
-5.824900000000000233e+01
-5.846200000000000330e+01
-5.831499999999999773e+01
-5.825800000000000267e+01
-5.849000000000000199e+01
-5.830400000000000205e+01
-5.850699999999999790e+01
-5.832300000000000040e+01
-5.820100000000000051e+01
-5.815200000000000102e+01
-5.805100000000000193e+01
-5.807999999999999829e+01
-5.822200000000000131e+01
-5.816899999999999693e+01
-5.822599999999999909e+01
-5.816199999999999903e+01
-5.765999999999999659e+01
-5.763400000000000034e+01
-5.758899999999999864e+01
-5.751200000000000045e+01
-5.725300000000000011e+01
-5.684300000000000352e+01
-5.648599999999999710e+01
-5.171600000000000108e+01
-4.829399999999999693e+01
-4.660499999999999687e+01
-4.671699999999999875e+01
-4.671699999999999875e+01
-4.641899999999999693e+01
-5.076899999999999835e+01
-5.351299999999999812e+01
-5.540699999999999648e+01
-5.560199999999999676e+01
-5.655400000000000205e+01
-5.725500000000000256e+01
-5.759400000000000119e+01
-5.764600000000000080e+01
-5.760399999999999920e+01
-5.768299999999999983e+01
-5.753799999999999670e+01
-5.761999999999999744e+01
-5.790999999999999659e+01
-5.765500000000000114e+01
-5.768900000000000006e+01
-5.794299999999999784e+01
-5.790699999999999648e+01
-5.802400000000000091e+01
-5.816400000000000148e+01
-5.805100000000000193e+01
-5.786399999999999721e+01
-5.794299999999999784e+01
-5.769700000000000273e+01
-5.784100000000000108e+01
-5.825800000000000267e+01
-5.807999999999999829e+01
-5.800600000000000023e+01
-5.790200000000000102e+01
-5.787899999999999778e+01
-5.818500000000000227e+01
-5.814600000000000080e+01
-5.845700000000000074e+01
-5.820100000000000051e+01
-5.815100000000000335e+01
-5.825300000000000011e+01
-5.773499999999999943e+01
-5.802499999999999858e+01
-5.829099999999999682e+01
-5.830700000000000216e+01
-5.840200000000000102e+01
-5.829500000000000171e+01
-5.857600000000000051e+01
-5.802000000000000313e+01
-5.826500000000000057e+01
-5.796600000000000108e+01
-5.771800000000000352e+01
-5.790699999999999648e+01
-5.793399999999999750e+01
-5.783299999999999841e+01
-5.758700000000000330e+01
-5.772500000000000142e+01
-5.781700000000000017e+01
-5.807999999999999829e+01
-5.848100000000000165e+01
-5.811099999999999710e+01
-5.785000000000000142e+01
-5.805400000000000205e+01
-5.760199999999999676e+01
-5.788700000000000045e+01
-5.720600000000000307e+01
-5.656000000000000227e+01
-5.567099999999999937e+01
-5.072999999999999687e+01
-5.127300000000000324e+01
-5.364300000000000068e+01
-5.553999999999999915e+01
-5.623599999999999710e+01
-5.657399999999999807e+01
-5.690899999999999892e+01
-5.711200000000000188e+01
-5.692000000000000171e+01
-5.695400000000000063e+01
-5.734400000000000119e+01
-5.779999999999999716e+01
-5.773299999999999699e+01
-5.795400000000000063e+01
-5.839000000000000057e+01
-5.839000000000000057e+01
-5.826800000000000068e+01
-5.831499999999999773e+01
-5.855799999999999983e+01
-5.845799999999999841e+01
-5.818800000000000239e+01
-5.830899999999999750e+01
-5.815500000000000114e+01
-5.817000000000000171e+01
-5.841100000000000136e+01
-5.823799999999999955e+01
-5.861999999999999744e+01
-5.841199999999999903e+01
-5.860300000000000153e+01
-5.803699999999999903e+01
-5.791400000000000148e+01
-5.825300000000000011e+01
-5.834199999999999875e+01
-5.819299999999999784e+01
-5.822200000000000131e+01
-5.842199999999999704e+01
-5.840699999999999648e+01
-5.856199999999999761e+01
-5.867999999999999972e+01
-5.849499999999999744e+01
-5.857200000000000273e+01
-5.863900000000000290e+01
-5.854699999999999704e+01
-5.854699999999999704e+01
-5.867900000000000205e+01
-5.842099999999999937e+01
-5.852100000000000080e+01
-5.853199999999999648e+01
-5.851400000000000290e+01
-5.835999999999999943e+01
-5.803799999999999670e+01
-5.849300000000000210e+01
-5.838700000000000045e+01
-5.854699999999999704e+01
-5.854699999999999704e+01
-5.827400000000000091e+01
-5.810900000000000176e+01
-5.744599999999999795e+01
-5.666400000000000148e+01
-5.559000000000000341e+01
-5.621500000000000341e+01
-5.695799999999999841e+01
-5.762599999999999767e+01
-5.762599999999999767e+01
-5.806799999999999784e+01
-5.815800000000000125e+01
-5.856600000000000250e+01
-5.856600000000000250e+01
-5.818699999999999761e+01
-5.822699999999999676e+01
-5.822299999999999898e+01
-5.844700000000000273e+01
-5.844700000000000273e+01
-5.866599999999999682e+01
-5.825800000000000267e+01
-5.824699999999999989e+01
-5.841299999999999670e+01
-5.886399999999999721e+01
-5.872599999999999909e+01
-5.849499999999999744e+01
-5.857800000000000296e+01
-5.869200000000000017e+01
-5.843800000000000239e+01
-5.835000000000000142e+01
-5.823700000000000188e+01
-5.844200000000000017e+01
-5.868900000000000006e+01
-5.849199999999999733e+01
-5.890299999999999869e+01
-5.873499999999999943e+01
-5.878499999999999659e+01
-5.865200000000000102e+01
-5.845600000000000307e+01
-5.778099999999999881e+01
-5.764500000000000313e+01
-5.790400000000000347e+01
-5.825900000000000034e+01
-5.822699999999999676e+01
-5.794899999999999807e+01
-5.825699999999999790e+01
-5.848199999999999932e+01
-5.834300000000000352e+01
-5.848599999999999710e+01
-5.875900000000000034e+01
-5.855100000000000193e+01
-5.857399999999999807e+01
-5.857000000000000028e+01
-5.843299999999999983e+01
-5.842600000000000193e+01
-5.851500000000000057e+01
-5.840899999999999892e+01
-5.857699999999999818e+01
-5.821999999999999886e+01
-5.688799999999999812e+01
-5.731400000000000006e+01
-5.767300000000000182e+01
-5.819599999999999795e+01
-5.806400000000000006e+01
-5.854099999999999682e+01
-5.845100000000000051e+01
-5.855499999999999972e+01
-5.873499999999999943e+01
-5.847299999999999898e+01
-5.855100000000000193e+01
-5.873700000000000188e+01
-5.867699999999999960e+01
-5.872299999999999898e+01
-5.887199999999999989e+01
-5.872599999999999909e+01
-5.915899999999999892e+01
-5.903300000000000125e+01
-5.885900000000000176e+01
-5.881499999999999773e+01
-5.841199999999999903e+01
-5.852600000000000335e+01
-5.854299999999999926e+01
-5.867699999999999960e+01
-5.898899999999999721e+01
-5.868599999999999994e+01
-5.830199999999999960e+01
-5.847099999999999653e+01
-5.825200000000000244e+01
-5.856199999999999761e+01
-5.865899999999999892e+01
-5.854399999999999693e+01
-5.772599999999999909e+01
-5.749799999999999756e+01
-5.769500000000000028e+01
-5.811800000000000210e+01
-5.849399999999999977e+01
-5.889500000000000313e+01
-5.880199999999999960e+01
-5.882800000000000296e+01
-5.864999999999999858e+01
-5.847299999999999898e+01
-5.837100000000000222e+01
-5.859599999999999653e+01
-5.887400000000000233e+01
-5.870100000000000051e+01
-5.884499999999999886e+01
-5.883200000000000074e+01
-5.901299999999999812e+01
-5.869400000000000261e+01
-5.867499999999999716e+01
-5.854899999999999949e+01
-5.880599999999999739e+01
-5.880599999999999739e+01
-5.899099999999999966e+01
-5.869599999999999795e+01
-5.864300000000000068e+01
-5.872800000000000153e+01
-5.854899999999999949e+01
-5.862400000000000233e+01
-5.884199999999999875e+01
-5.872299999999999898e+01
-5.853600000000000136e+01
-5.858200000000000074e+01
-5.846800000000000352e+01
-5.818299999999999983e+01
-5.868599999999999994e+01
-5.850500000000000256e+01
-5.839999999999999858e+01
-5.836599999999999966e+01
-5.860900000000000176e+01
-5.870100000000000051e+01
-5.870900000000000318e+01
-5.856700000000000017e+01
-5.856700000000000017e+01
-5.840100000000000335e+01
-5.869100000000000250e+01
-5.866400000000000148e+01
-5.866799999999999926e+01
-5.849399999999999977e+01
-5.860399999999999920e+01
-5.830700000000000216e+01
-5.886299999999999955e+01
-5.851200000000000045e+01
-5.874499999999999744e+01
-5.847099999999999653e+01
-5.846399999999999864e+01
-5.862800000000000011e+01
-5.857699999999999818e+01
-5.863000000000000256e+01
-5.855899999999999750e+01
-5.888199999999999790e+01
-5.879800000000000182e+01
-5.836699999999999733e+01
-5.762899999999999778e+01
-5.811099999999999710e+01
-5.807000000000000028e+01
-5.782999999999999829e+01
-5.773499999999999943e+01
-5.773499999999999943e+01
-5.817199999999999704e+01
-5.809300000000000352e+01
-5.830799999999999983e+01
-5.795300000000000296e+01
-5.792699999999999960e+01
-5.798599999999999710e+01
-5.804399999999999693e+01
-5.814099999999999824e+01
-5.810499999999999687e+01
-5.830499999999999972e+01
-5.830799999999999983e+01
-5.826700000000000301e+01
-5.818800000000000239e+01
-5.802700000000000102e+01
-5.812899999999999778e+01
-5.811099999999999710e+01
-5.824499999999999744e+01
-5.824799999999999756e+01
-5.836500000000000199e+01
-5.842999999999999972e+01
-5.819400000000000261e+01
-5.854299999999999926e+01
-5.825399999999999778e+01
-5.787599999999999767e+01
-5.798299999999999699e+01
-5.733200000000000074e+01
-5.723199999999999932e+01
-5.713600000000000279e+01
-5.669200000000000017e+01
-5.359799999999999898e+01
-4.978900000000000148e+01
-5.014399999999999835e+01
-5.329299999999999926e+01
-5.509499999999999886e+01
-5.597399999999999665e+01
-5.664000000000000057e+01
-5.751899999999999835e+01
-5.765299999999999869e+01
-5.819700000000000273e+01
-5.795300000000000296e+01
-5.813199999999999790e+01
-5.836999999999999744e+01
-5.819599999999999795e+01
-5.842300000000000182e+01
-5.830100000000000193e+01
-5.809499999999999886e+01
-5.796099999999999852e+01
-5.807500000000000284e+01
-5.789399999999999835e+01
-5.817999999999999972e+01
-5.837800000000000011e+01
-5.807999999999999829e+01
-5.784899999999999665e+01
-5.828999999999999915e+01
-5.838700000000000045e+01
-5.802900000000000347e+01
-5.784799999999999898e+01
-5.805700000000000216e+01
-5.802799999999999869e+01
-5.845700000000000074e+01
-5.812599999999999767e+01
-5.824399999999999977e+01
-5.788700000000000045e+01
-5.792999999999999972e+01
-5.791299999999999670e+01
-5.817499999999999716e+01
-5.853600000000000136e+01
-5.802600000000000335e+01
-5.818599999999999994e+01
-5.783500000000000085e+01
-5.799799999999999756e+01
-5.797699999999999676e+01
-5.787400000000000233e+01
-5.771200000000000330e+01
-5.764600000000000080e+01
-5.766700000000000159e+01
-5.802600000000000335e+01
-5.846699999999999875e+01
-5.839600000000000080e+01
-5.825600000000000023e+01
-5.860699999999999932e+01
-5.841799999999999926e+01
-5.786999999999999744e+01
-5.767300000000000182e+01
-5.774099999999999966e+01
-5.798899999999999721e+01
-5.764699999999999847e+01
-5.760799999999999699e+01
-5.783599999999999852e+01
-5.751299999999999812e+01
-5.706600000000000250e+01
-5.609300000000000352e+01
-5.204599999999999937e+01
-5.093099999999999739e+01
-5.271500000000000341e+01
-5.355700000000000216e+01
-5.449799999999999756e+01
-5.489800000000000324e+01
-5.574799999999999756e+01
-5.585799999999999699e+01
-5.643399999999999750e+01
-5.685799999999999699e+01
-5.685799999999999699e+01
-5.689099999999999824e+01
-5.708400000000000318e+01
-5.729899999999999949e+01
-5.728000000000000114e+01
-5.744299999999999784e+01
-5.744800000000000040e+01
-5.770100000000000051e+01
-5.801800000000000068e+01
-5.779599999999999937e+01
-5.781499999999999773e+01
-5.765200000000000102e+01
-5.806499999999999773e+01
-5.798299999999999699e+01
-5.800099999999999767e+01
-5.810499999999999687e+01
-5.808700000000000330e+01
-5.798499999999999943e+01
-5.835999999999999943e+01
-5.809400000000000119e+01
-5.810900000000000176e+01
-5.818500000000000227e+01
-5.824699999999999989e+01
-5.845000000000000284e+01
-5.848100000000000165e+01
-5.843599999999999994e+01
-5.823799999999999955e+01
-5.792499999999999716e+01
-5.798899999999999721e+01
-5.845000000000000284e+01
-5.825900000000000034e+01
-5.820799999999999841e+01
-5.803399999999999892e+01
-5.832000000000000028e+01
-5.791199999999999903e+01
-5.814699999999999847e+01
-5.811699999999999733e+01
-5.832900000000000063e+01
-5.808700000000000330e+01
-5.846000000000000085e+01
-5.839099999999999824e+01
-5.839099999999999824e+01
-5.822800000000000153e+01
-5.837299999999999756e+01
-5.832300000000000040e+01
-5.811399999999999721e+01
-5.824000000000000199e+01
-5.807800000000000296e+01
-5.797699999999999676e+01
-5.825099999999999767e+01
-5.825099999999999767e+01
-5.822399999999999665e+01
-5.819100000000000250e+01
-5.833200000000000074e+01
-5.833200000000000074e+01
-5.835799999999999699e+01
-5.818500000000000227e+01
-5.845499999999999829e+01
-5.862800000000000011e+01
-5.865699999999999648e+01
-5.863799999999999812e+01
-5.881199999999999761e+01
-5.828999999999999915e+01
-5.817399999999999949e+01
-5.823100000000000165e+01
-5.826899999999999835e+01
-5.852900000000000347e+01
-5.815899999999999892e+01
-5.829399999999999693e+01
-5.843500000000000227e+01
-5.846200000000000330e+01
-5.822399999999999665e+01
-5.678199999999999648e+01
-5.661999999999999744e+01
-5.683700000000000330e+01
-5.751800000000000068e+01
-5.767799999999999727e+01
-5.797999999999999687e+01
-5.792300000000000182e+01
-5.811299999999999955e+01
-5.819800000000000040e+01
-5.812800000000000011e+01
-5.843699999999999761e+01
-5.860399999999999920e+01
-5.855700000000000216e+01
-5.856799999999999784e+01
-5.829200000000000159e+01
-5.861099999999999710e+01
-5.861099999999999710e+01
-5.840800000000000125e+01
-5.831900000000000261e+01
-5.837199999999999989e+01
-5.835600000000000165e+01
-5.859400000000000119e+01
-5.880599999999999739e+01
-5.879599999999999937e+01
-5.870100000000000051e+01
-5.845100000000000051e+01
-5.840400000000000347e+01
-5.848700000000000188e+01
-5.839900000000000091e+01
-5.814800000000000324e+01
-5.820799999999999841e+01
-5.824099999999999966e+01
-5.820400000000000063e+01
-5.836099999999999710e+01
-5.839699999999999847e+01
-5.863900000000000290e+01
-5.867900000000000205e+01
-5.849199999999999733e+01
-5.832800000000000296e+01
-5.855299999999999727e+01
-5.867600000000000193e+01
-5.851899999999999835e+01
-5.824099999999999966e+01
-5.823100000000000165e+01
-5.853499999999999659e+01
-5.860099999999999909e+01
-5.832000000000000028e+01
-5.810999999999999943e+01
-5.789999999999999858e+01
-5.804599999999999937e+01
-5.832399999999999807e+01
-5.837599999999999767e+01
-5.875900000000000034e+01
-5.870400000000000063e+01
-5.856600000000000250e+01
-5.905799999999999983e+01
-5.872299999999999898e+01
-5.820900000000000318e+01
-5.820900000000000318e+01
-5.843999999999999773e+01
-5.872399999999999665e+01
-5.850300000000000011e+01
-5.865999999999999659e+01
-5.840899999999999892e+01
-5.853900000000000148e+01
-5.867399999999999949e+01
-5.867399999999999949e+01
-5.858899999999999864e+01
-5.884300000000000352e+01
-5.874799999999999756e+01
-5.827600000000000335e+01
-5.864000000000000057e+01
-5.829200000000000159e+01
-5.684599999999999653e+01
-5.669800000000000040e+01
-5.759499999999999886e+01
-5.825300000000000011e+01
-5.836200000000000188e+01
-5.846500000000000341e+01
-5.878999999999999915e+01
-5.877499999999999858e+01
-5.846999999999999886e+01
-5.853199999999999648e+01
-5.852300000000000324e+01
-5.852300000000000324e+01
-5.883800000000000097e+01
-5.875399999999999778e+01
-5.838000000000000256e+01
-5.867999999999999972e+01
-5.866400000000000148e+01
-5.858599999999999852e+01
-5.872299999999999898e+01
-5.868399999999999750e+01
-5.877600000000000335e+01
-5.881499999999999773e+01
-5.907600000000000051e+01
-5.884100000000000108e+01
-5.897599999999999909e+01
-5.897599999999999909e+01
-5.871200000000000330e+01
-5.859199999999999875e+01
-5.878000000000000114e+01
-5.870799999999999841e+01
-5.824099999999999966e+01
-5.815299999999999869e+01
-5.820499999999999829e+01
-5.817600000000000193e+01
-5.757900000000000063e+01
-5.714200000000000301e+01
-5.688700000000000045e+01
-5.703000000000000114e+01
-5.783800000000000097e+01
-5.836599999999999966e+01
-5.868399999999999750e+01
-5.894200000000000017e+01
-5.867399999999999949e+01
-5.865899999999999892e+01
-5.841700000000000159e+01
-5.841700000000000159e+01
-5.864600000000000080e+01
-5.871500000000000341e+01
-5.914999999999999858e+01
-5.869299999999999784e+01
-5.871200000000000330e+01
-5.880100000000000193e+01
-5.873799999999999955e+01
-5.925200000000000244e+01
-5.929200000000000159e+01
-5.947299999999999898e+01
-5.878799999999999670e+01
-5.856799999999999784e+01
-5.871900000000000119e+01
-5.875900000000000034e+01
-5.843800000000000239e+01
-5.821200000000000330e+01
-5.840800000000000125e+01
-5.829200000000000159e+01
-5.837299999999999756e+01
-5.861899999999999977e+01
-5.855899999999999750e+01
-5.901700000000000301e+01
-5.859400000000000119e+01
-5.873199999999999932e+01
-5.858800000000000097e+01
-5.858800000000000097e+01
-5.858200000000000074e+01
-5.852300000000000324e+01
-5.877499999999999858e+01
-5.869100000000000250e+01
-5.860199999999999676e+01
-5.887599999999999767e+01
-5.932500000000000284e+01
-5.882099999999999795e+01
-5.875300000000000011e+01
-5.870400000000000063e+01
-5.821500000000000341e+01
-5.853900000000000148e+01
-5.863199999999999790e+01
-5.859100000000000108e+01
-5.846000000000000085e+01
-5.865699999999999648e+01
-5.868500000000000227e+01
-5.849300000000000210e+01
-5.831600000000000250e+01
-5.856700000000000017e+01
-5.839800000000000324e+01
-5.857399999999999807e+01
-5.854299999999999926e+01
-5.828799999999999670e+01
-5.833800000000000097e+01
-5.842399999999999949e+01
-5.840400000000000347e+01
-5.807300000000000040e+01
-5.816599999999999682e+01
-5.808700000000000330e+01
-5.857200000000000273e+01
-5.843200000000000216e+01
-5.809100000000000108e+01
-5.727499999999999858e+01
-5.712899999999999778e+01
-5.791100000000000136e+01
-5.796000000000000085e+01
-5.803600000000000136e+01
-5.796999999999999886e+01
-5.800999999999999801e+01
-5.832600000000000051e+01
-5.836200000000000188e+01
-5.857900000000000063e+01
-5.854399999999999693e+01
-5.848799999999999955e+01
-5.816299999999999670e+01
-5.805700000000000216e+01
-5.854099999999999682e+01
-5.854099999999999682e+01
-5.825399999999999778e+01
-5.806600000000000250e+01
-5.841799999999999926e+01
-5.833599999999999852e+01
-5.876400000000000290e+01
-5.855499999999999972e+01
-5.855499999999999972e+01
-5.870400000000000063e+01
-5.870700000000000074e+01
-5.796800000000000352e+01
-5.819400000000000261e+01
-5.834300000000000352e+01
-5.834300000000000352e+01
-5.820300000000000296e+01
-5.796600000000000108e+01
-5.797500000000000142e+01
-5.808700000000000330e+01
-5.802700000000000102e+01
-5.826100000000000279e+01
-5.857099999999999795e+01
-5.832500000000000284e+01
-5.852799999999999869e+01
-5.815899999999999892e+01
-5.800500000000000256e+01
-5.792999999999999972e+01
-5.792999999999999972e+01
-5.778399999999999892e+01
-5.778199999999999648e+01
-5.758800000000000097e+01
-5.732699999999999818e+01
-5.708400000000000318e+01
-5.388300000000000267e+01
-5.388300000000000267e+01
-4.981199999999999761e+01
-5.318900000000000006e+01
-5.473899999999999721e+01
-5.578300000000000125e+01
-5.693900000000000006e+01
-5.693900000000000006e+01
-5.727199999999999847e+01
-5.749499999999999744e+01
-5.790699999999999648e+01
-5.825300000000000011e+01
-5.854399999999999693e+01
-5.868900000000000006e+01
-5.857900000000000063e+01
-5.821900000000000119e+01
-5.820700000000000074e+01
-5.844100000000000250e+01
-5.831199999999999761e+01
-5.854500000000000171e+01
-5.833899999999999864e+01
-5.811999999999999744e+01
-5.824000000000000199e+01
-5.820799999999999841e+01
-5.815699999999999648e+01
-5.817300000000000182e+01
-5.806099999999999994e+01
-5.809400000000000119e+01
-5.832699999999999818e+01
-5.831199999999999761e+01
-5.839200000000000301e+01
-5.827499999999999858e+01
-5.849000000000000199e+01
-5.867399999999999949e+01
-5.828900000000000148e+01
-5.849499999999999744e+01
-5.827000000000000313e+01
-5.801599999999999824e+01
-5.814999999999999858e+01
-5.789800000000000324e+01
-5.832900000000000063e+01
-5.818699999999999761e+01
-5.786699999999999733e+01
-5.766700000000000159e+01
-5.782099999999999795e+01
-5.823100000000000165e+01
-5.815699999999999648e+01
-5.806799999999999784e+01
-5.798400000000000176e+01
-5.774499999999999744e+01
-5.724000000000000199e+01
-5.600200000000000244e+01
-5.227199999999999847e+01
-4.849699999999999989e+01
-5.139300000000000068e+01
-5.378499999999999659e+01
-5.511699999999999733e+01
-5.620000000000000284e+01
-5.641499999999999915e+01
-5.659199999999999875e+01
-5.677000000000000313e+01
-5.706199999999999761e+01
-5.752400000000000091e+01
-5.747099999999999653e+01
-5.772699999999999676e+01
-5.817600000000000193e+01
-5.819500000000000028e+01
-5.831799999999999784e+01
-5.831799999999999784e+01
-5.849099999999999966e+01
-5.849600000000000222e+01
-5.838199999999999790e+01
-5.858599999999999852e+01
-5.819400000000000261e+01
-5.818999999999999773e+01
-5.840200000000000102e+01
-5.830899999999999750e+01
-5.835799999999999699e+01
-5.811800000000000210e+01
-5.837500000000000000e+01
-5.836500000000000199e+01
-5.828199999999999648e+01
-5.800999999999999801e+01
-5.797200000000000131e+01
-5.791599999999999682e+01
-5.809400000000000119e+01
-5.813900000000000290e+01
-5.839300000000000068e+01
-5.847699999999999676e+01
-5.853600000000000136e+01
-5.862100000000000222e+01
-5.824499999999999744e+01
-5.839000000000000057e+01
-5.838199999999999790e+01
-5.816499999999999915e+01
-5.832999999999999829e+01
-5.807900000000000063e+01
-5.767900000000000205e+01
-5.807999999999999829e+01
-5.672500000000000142e+01
-5.635999999999999943e+01
-5.723499999999999943e+01
-5.723499999999999943e+01
-5.782699999999999818e+01
-5.805400000000000205e+01
-5.840999999999999659e+01
-5.839399999999999835e+01
-5.839399999999999835e+01
-5.812800000000000011e+01
-5.847599999999999909e+01
-5.835399999999999920e+01
-5.880400000000000205e+01
-5.834100000000000108e+01
-5.854999999999999716e+01
-5.861999999999999744e+01
-5.827199999999999847e+01
-5.836599999999999966e+01
-5.825500000000000256e+01
-5.827199999999999847e+01
-5.814800000000000324e+01
-5.829200000000000159e+01
-5.815800000000000125e+01
-5.837800000000000011e+01
-5.868599999999999994e+01
-5.859100000000000108e+01
-5.859199999999999875e+01
-5.859199999999999875e+01
-5.827900000000000347e+01
-5.828000000000000114e+01
-5.893399999999999750e+01
-5.880899999999999750e+01
-5.893999999999999773e+01
-5.836399999999999721e+01
-5.815699999999999648e+01
-5.846900000000000119e+01
-5.827700000000000102e+01
-5.812800000000000011e+01
-5.821399999999999864e+01
-5.820000000000000284e+01
-5.819100000000000250e+01
-5.847500000000000142e+01
-5.852799999999999869e+01
-5.869800000000000040e+01
-5.849600000000000222e+01
-5.830400000000000205e+01
-5.845300000000000296e+01
-5.845300000000000296e+01
-5.834899999999999665e+01
-5.854999999999999716e+01
-5.863900000000000290e+01
-5.861299999999999955e+01
-5.858100000000000307e+01
-5.874300000000000210e+01
-5.863600000000000279e+01
-5.845499999999999829e+01
-5.845199999999999818e+01
-5.845100000000000051e+01
-5.820000000000000284e+01
-5.833299999999999841e+01
-5.846300000000000097e+01
-5.846300000000000097e+01
-5.822200000000000131e+01
-5.863499999999999801e+01
-5.859300000000000352e+01
-5.879399999999999693e+01
-5.853600000000000136e+01
-5.877100000000000080e+01
-5.835300000000000153e+01
-5.847299999999999898e+01
-5.828900000000000148e+01
-5.746300000000000097e+01
-5.688400000000000034e+01
-5.763300000000000267e+01
-5.766400000000000148e+01
-5.763900000000000290e+01
-5.786699999999999733e+01
-5.776599999999999824e+01
-5.832200000000000273e+01
-5.867000000000000171e+01
-5.895900000000000318e+01
-5.875699999999999790e+01
-5.851500000000000057e+01
-5.827199999999999847e+01
-5.846099999999999852e+01
-5.866599999999999682e+01
-5.849499999999999744e+01
-5.849600000000000222e+01
-5.864600000000000080e+01
-5.853399999999999892e+01
-5.871900000000000119e+01
-5.871900000000000119e+01
-5.861299999999999955e+01
-5.854800000000000182e+01
-5.877499999999999858e+01
-5.863199999999999790e+01
-5.859100000000000108e+01
-5.838700000000000045e+01
-5.828099999999999881e+01
-5.804599999999999937e+01
-5.755599999999999739e+01
-5.755599999999999739e+01
-5.732600000000000051e+01
-5.792300000000000182e+01
-5.804099999999999682e+01
-5.819899999999999807e+01
-5.844700000000000273e+01
-5.810199999999999676e+01
-5.839999999999999858e+01
-5.851899999999999835e+01
-5.842799999999999727e+01
-5.854200000000000159e+01
-5.836399999999999721e+01
-5.842600000000000193e+01
-5.864699999999999847e+01
-5.849399999999999977e+01
-5.832600000000000051e+01
-5.811299999999999955e+01
-5.829800000000000182e+01
-5.821000000000000085e+01
-5.827100000000000080e+01
-5.838700000000000045e+01
-5.816599999999999682e+01
-5.816599999999999682e+01
-5.844599999999999795e+01
-5.826400000000000290e+01
-5.819400000000000261e+01
-5.819400000000000261e+01
-5.850300000000000011e+01
-5.881600000000000250e+01
-5.839300000000000068e+01
-5.821300000000000097e+01
-5.852499999999999858e+01
-5.845400000000000063e+01
-5.857600000000000051e+01
-5.850200000000000244e+01
-5.812700000000000244e+01
-5.816599999999999682e+01
-5.817399999999999949e+01
-5.811399999999999721e+01
-5.809700000000000131e+01
-5.827600000000000335e+01
-5.819100000000000250e+01
-5.805499999999999972e+01
-5.837400000000000233e+01
-5.821399999999999864e+01
-5.837899999999999778e+01
-5.829599999999999937e+01
-5.843299999999999983e+01
-5.843299999999999983e+01
-5.838700000000000045e+01
-5.840400000000000347e+01
-5.840400000000000347e+01
-5.835799999999999699e+01
-5.809700000000000131e+01
-5.819700000000000273e+01
-5.819700000000000273e+01
-5.823100000000000165e+01
-5.815299999999999869e+01
-5.835399999999999920e+01
-5.837299999999999756e+01
-5.827199999999999847e+01
-5.724900000000000233e+01
-5.755599999999999739e+01
-5.747299999999999898e+01
-5.771699999999999875e+01
-5.770499999999999829e+01
-5.801500000000000057e+01
-5.791499999999999915e+01
-5.811800000000000210e+01
-5.793699999999999761e+01
-5.809499999999999886e+01
-5.825000000000000000e+01
-5.815500000000000114e+01
-5.794899999999999807e+01
-5.797099999999999653e+01
-5.822699999999999676e+01
-5.809199999999999875e+01
-5.835499999999999687e+01
-5.887599999999999767e+01
-5.846200000000000330e+01
-5.792300000000000182e+01
-5.842900000000000205e+01
-5.800000000000000000e+01
-5.773199999999999932e+01
-5.777900000000000347e+01
-5.796200000000000330e+01
-5.796200000000000330e+01
-5.807000000000000028e+01
-5.790599999999999881e+01
-5.803099999999999881e+01
-5.832300000000000040e+01
-5.837899999999999778e+01
-5.822800000000000153e+01
-5.836800000000000210e+01
-5.807399999999999807e+01
-5.807000000000000028e+01
-5.803900000000000148e+01
-5.787100000000000222e+01
-5.800399999999999778e+01
-5.819599999999999795e+01
-5.819400000000000261e+01
-5.796099999999999852e+01
-5.816400000000000148e+01
-5.801800000000000068e+01
-5.788900000000000290e+01
-5.774099999999999966e+01
-5.766700000000000159e+01
-5.745499999999999829e+01
-5.705100000000000193e+01
-5.652900000000000347e+01
-5.082399999999999807e+01
-5.148899999999999721e+01
-5.388300000000000267e+01
-5.550500000000000256e+01
-5.632800000000000296e+01
-5.673899999999999721e+01
-5.694299999999999784e+01
-5.724600000000000222e+01
-5.759499999999999886e+01
-5.788199999999999790e+01
-5.799699999999999989e+01
-5.777100000000000080e+01
-5.763400000000000034e+01
-5.789699999999999847e+01
-5.818099999999999739e+01
-5.823400000000000176e+01
-5.792999999999999972e+01
-5.800500000000000256e+01
-5.809300000000000352e+01
-5.794899999999999807e+01
-5.825699999999999790e+01
-5.866499999999999915e+01
-5.866499999999999915e+01
-5.850999999999999801e+01
-5.852900000000000347e+01
-5.826200000000000045e+01
-5.832099999999999795e+01
-5.825900000000000034e+01
-5.836299999999999955e+01
-5.800600000000000023e+01
-5.796399999999999864e+01
-5.796399999999999864e+01
-5.794899999999999807e+01
-5.826100000000000279e+01
-5.794599999999999795e+01
-5.784700000000000131e+01
-5.793699999999999761e+01
-5.774699999999999989e+01
-5.782200000000000273e+01
-5.803199999999999648e+01
-5.798299999999999699e+01
-5.771000000000000085e+01
-5.771000000000000085e+01
-5.771000000000000085e+01
-5.746000000000000085e+01
-5.782000000000000028e+01
-5.791199999999999903e+01
-5.774900000000000233e+01
-5.763000000000000256e+01
-5.769899999999999807e+01
-5.789999999999999858e+01
-5.764800000000000324e+01
-5.763700000000000045e+01
-5.773100000000000165e+01
-5.805599999999999739e+01
-5.788199999999999790e+01
-5.756499999999999773e+01
-5.724300000000000210e+01
-5.675099999999999767e+01
-5.660699999999999932e+01
-5.673100000000000165e+01
-5.680499999999999972e+01
-5.662599999999999767e+01
-5.647899999999999920e+01
-5.640800000000000125e+01
-5.607999999999999829e+01
-5.570199999999999818e+01
-5.229699999999999704e+01
-5.055100000000000193e+01
-5.289200000000000301e+01
-5.447999999999999687e+01
-5.563499999999999801e+01
-5.685799999999999699e+01
-5.728699999999999903e+01
-5.735499999999999687e+01
-5.728099999999999881e+01
-5.761999999999999744e+01
-5.757099999999999795e+01
-5.776599999999999824e+01
-5.745100000000000051e+01
-5.743999999999999773e+01
-5.738499999999999801e+01
-5.786500000000000199e+01
-5.791299999999999670e+01
-5.814600000000000080e+01
-5.780799999999999983e+01
-5.804500000000000171e+01
-5.801100000000000279e+01
-5.824199999999999733e+01
-5.800699999999999790e+01
-5.800000000000000000e+01
-5.776899999999999835e+01
-5.760399999999999920e+01
-5.731799999999999784e+01
-5.789099999999999824e+01
-5.823599999999999710e+01
-5.805100000000000193e+01
-5.792099999999999937e+01
-5.789200000000000301e+01
-5.813400000000000034e+01
-5.819400000000000261e+01
-5.825099999999999767e+01
-5.835099999999999909e+01
-5.846500000000000341e+01
-5.854200000000000159e+01
-5.860199999999999676e+01
-5.880100000000000193e+01
-5.891299999999999670e+01
-5.856000000000000227e+01
-5.838100000000000023e+01
-5.848400000000000176e+01
-5.840999999999999659e+01
-5.827199999999999847e+01
-5.889999999999999858e+01
-5.864500000000000313e+01
-5.846699999999999875e+01
-5.859599999999999653e+01
-5.858400000000000318e+01
-5.864099999999999824e+01
-5.889099999999999824e+01
-5.860000000000000142e+01
-5.836399999999999721e+01
-5.861699999999999733e+01
-5.817499999999999716e+01
-5.813799999999999812e+01
-5.827199999999999847e+01
-5.825500000000000256e+01
-5.854999999999999716e+01
-5.849199999999999733e+01
-5.809599999999999653e+01
-5.805299999999999727e+01
-5.816299999999999670e+01
-5.812400000000000233e+01
-5.712899999999999778e+01
-5.666799999999999926e+01
-5.740500000000000114e+01
-5.774600000000000222e+01
-5.774600000000000222e+01
-5.835099999999999909e+01
-5.826500000000000057e+01
-5.866799999999999926e+01
-5.867799999999999727e+01
-5.869899999999999807e+01
-5.862599999999999767e+01
-5.834799999999999898e+01
-5.828699999999999903e+01
-5.822099999999999653e+01
-5.804699999999999704e+01
-5.845700000000000074e+01
-5.831199999999999761e+01
-5.806700000000000017e+01
-5.839699999999999847e+01
-5.844700000000000273e+01
-5.871000000000000085e+01
-5.858899999999999864e+01
-5.831000000000000227e+01
-5.841199999999999903e+01
-5.849099999999999966e+01
-5.820400000000000063e+01
-5.812700000000000244e+01
-5.802900000000000347e+01
-5.802900000000000347e+01
-5.819700000000000273e+01
-5.853600000000000136e+01
-5.889200000000000301e+01
-5.881099999999999994e+01
-5.869599999999999795e+01
-5.851899999999999835e+01
-5.823400000000000176e+01
-5.823400000000000176e+01
-5.810300000000000153e+01
-5.842499999999999716e+01
-5.852499999999999858e+01
-5.852499999999999858e+01
-5.853999999999999915e+01
-5.829699999999999704e+01
-5.830899999999999750e+01
-5.825699999999999790e+01
-5.822399999999999665e+01
-5.847999999999999687e+01
-5.832699999999999818e+01
-5.839900000000000091e+01
-5.858800000000000097e+01
-5.888499999999999801e+01
-5.889800000000000324e+01
-5.895199999999999818e+01
-5.857999999999999829e+01
-5.852700000000000102e+01
-5.861899999999999977e+01
-5.861899999999999977e+01
-5.854800000000000182e+01
-5.831400000000000006e+01
-5.865200000000000102e+01
-5.859700000000000131e+01
-5.860799999999999699e+01
-5.853699999999999903e+01
-5.861800000000000210e+01
-5.875200000000000244e+01
-5.846399999999999864e+01
-5.831400000000000006e+01
-5.836200000000000188e+01
-5.846800000000000352e+01
-5.837199999999999989e+01
-5.837199999999999989e+01
-5.820300000000000296e+01
-5.807000000000000028e+01
-5.729699999999999704e+01
-5.651400000000000290e+01
-5.530499999999999972e+01
-5.663100000000000023e+01
-5.756499999999999773e+01
-5.791299999999999670e+01
-5.814099999999999824e+01
-5.829699999999999704e+01
-5.847500000000000142e+01
-5.847500000000000142e+01
-5.835699999999999932e+01
-5.824300000000000210e+01
-5.839800000000000324e+01
-5.873899999999999721e+01
-5.884300000000000352e+01
-5.885799999999999699e+01
-5.888100000000000023e+01
-5.895400000000000063e+01
-5.856600000000000250e+01
-5.842799999999999727e+01
-5.869299999999999784e+01
-5.883100000000000307e+01
-5.882800000000000296e+01
-5.866299999999999670e+01
-5.863100000000000023e+01
-5.855100000000000193e+01
-5.813499999999999801e+01
-5.754299999999999926e+01
-5.813199999999999790e+01
-5.808100000000000307e+01
-5.853900000000000148e+01
-5.815899999999999892e+01
-5.853999999999999915e+01
-5.834199999999999875e+01
-5.817000000000000171e+01
-5.831499999999999773e+01
-5.843200000000000216e+01
-5.839500000000000313e+01
-5.866400000000000148e+01
-5.864500000000000313e+01
-5.873499999999999943e+01
-5.853000000000000114e+01
-5.823599999999999710e+01
-5.840699999999999648e+01
-5.816400000000000148e+01
-5.859499999999999886e+01
-5.809300000000000352e+01
-5.849600000000000222e+01
-5.821200000000000330e+01
-5.859899999999999665e+01
-5.840200000000000102e+01
-5.855899999999999750e+01
-5.892900000000000205e+01
-5.872699999999999676e+01
-5.886599999999999966e+01
-5.884100000000000108e+01
-5.877100000000000080e+01
-5.872399999999999665e+01
-5.862700000000000244e+01
-5.834199999999999875e+01
-5.833599999999999852e+01
-5.853199999999999648e+01
-5.881300000000000239e+01
-5.819599999999999795e+01
-5.806799999999999784e+01
-5.799000000000000199e+01
-5.853000000000000114e+01
-5.851299999999999812e+01
-5.830599999999999739e+01
-5.855100000000000193e+01
-5.860600000000000165e+01
-5.850399999999999778e+01
-5.892999999999999972e+01
-5.871500000000000341e+01
-5.868500000000000227e+01
-5.863400000000000034e+01
-5.849799999999999756e+01
-5.854399999999999693e+01
-5.874799999999999756e+01
-5.842000000000000171e+01
-5.821600000000000108e+01
-5.842799999999999727e+01
-5.842799999999999727e+01
-5.818500000000000227e+01
-5.759100000000000108e+01
-5.804099999999999682e+01
-5.787100000000000222e+01
-5.804399999999999693e+01
-5.800399999999999778e+01
-5.828999999999999915e+01
-5.850900000000000034e+01
-5.845600000000000307e+01
-5.843699999999999761e+01
-5.850500000000000256e+01
-5.868399999999999750e+01
-5.825699999999999790e+01
-5.848899999999999721e+01
-5.818699999999999761e+01
-5.816299999999999670e+01
-5.816299999999999670e+01
-5.804800000000000182e+01
-5.859700000000000131e+01
-5.856300000000000239e+01
-5.856300000000000239e+01
-5.835600000000000165e+01
-5.798299999999999699e+01
-5.798400000000000176e+01
-5.827000000000000313e+01
-5.814300000000000068e+01
-5.795199999999999818e+01
-5.819500000000000028e+01
-5.820300000000000296e+01
-5.812899999999999778e+01
-5.806099999999999994e+01
-5.839800000000000324e+01
-5.839300000000000068e+01
-5.839699999999999847e+01
-5.814999999999999858e+01
-5.774900000000000233e+01
-5.763100000000000023e+01
-5.730899999999999750e+01
-5.665599999999999881e+01
-5.620499999999999829e+01
-5.119599999999999795e+01
-5.366599999999999682e+01
-5.516799999999999926e+01
-5.641700000000000159e+01
-5.711500000000000199e+01
-5.742499999999999716e+01
-5.755199999999999960e+01
-5.785399999999999920e+01
-5.815899999999999892e+01
-5.829999999999999716e+01
-5.792600000000000193e+01
-5.769800000000000040e+01
-5.778999999999999915e+01
-5.779699999999999704e+01
-5.764500000000000313e+01
-5.757500000000000284e+01
-5.754899999999999949e+01
-5.756099999999999994e+01
-5.836599999999999966e+01
-5.829999999999999716e+01
-5.801299999999999812e+01
-5.809700000000000131e+01
-5.791199999999999903e+01
-5.800300000000000011e+01
-5.814999999999999858e+01
-5.812800000000000011e+01
-5.776299999999999812e+01
-5.774600000000000222e+01
-5.768699999999999761e+01
-5.782300000000000040e+01
-5.792600000000000193e+01
-5.780599999999999739e+01
-5.826400000000000290e+01
-5.803000000000000114e+01
-5.787100000000000222e+01
-5.779500000000000171e+01
-5.779899999999999949e+01
-5.798899999999999721e+01
-5.805899999999999750e+01
-5.793800000000000239e+01
-5.771200000000000330e+01
-5.755299999999999727e+01
-5.737800000000000011e+01
-5.714000000000000057e+01
-5.707600000000000051e+01
-5.663400000000000034e+01
-5.622500000000000142e+01
-5.622500000000000142e+01
-5.593500000000000227e+01
-5.030299999999999727e+01
-5.195600000000000307e+01
-5.418500000000000227e+01
-5.588199999999999790e+01
-5.656499999999999773e+01
-5.726500000000000057e+01
-5.778499999999999659e+01
-5.761500000000000199e+01
-5.754099999999999682e+01
-5.750500000000000256e+01
-5.794899999999999807e+01
-5.812199999999999989e+01
-5.841400000000000148e+01
-5.833599999999999852e+01
-5.802499999999999858e+01
-5.811800000000000210e+01
-5.791899999999999693e+01
-5.837500000000000000e+01
-5.840200000000000102e+01
-5.817600000000000193e+01
-5.827000000000000313e+01
-5.780499999999999972e+01
-5.787199999999999989e+01
-5.778300000000000125e+01
-5.760099999999999909e+01
-5.777000000000000313e+01
-5.808500000000000085e+01
-5.842699999999999960e+01
-5.851500000000000057e+01
-5.834700000000000131e+01
-5.844599999999999795e+01
-5.816799999999999926e+01
-5.823100000000000165e+01
-5.830100000000000193e+01
-5.846000000000000085e+01
-5.835999999999999943e+01
-5.819800000000000040e+01
-5.853999999999999915e+01
-5.844899999999999807e+01
-5.844899999999999807e+01
-5.832000000000000028e+01
-5.784700000000000131e+01
-5.784700000000000131e+01
-5.627900000000000347e+01
-5.715999999999999659e+01
-5.740299999999999869e+01
-5.736800000000000210e+01
-5.770499999999999829e+01
-5.828199999999999648e+01
-5.819899999999999807e+01
-5.831000000000000227e+01
-5.830799999999999983e+01
-5.822800000000000153e+01
-5.847399999999999665e+01
-5.827300000000000324e+01
-5.827300000000000324e+01
-5.830499999999999972e+01
-5.814500000000000313e+01
-5.835999999999999943e+01
-5.836699999999999733e+01
-5.819200000000000017e+01
-5.807399999999999807e+01
-5.793299999999999983e+01
-5.800800000000000267e+01
-5.835699999999999932e+01
-5.799799999999999756e+01
-5.837100000000000222e+01
-5.868299999999999983e+01
-5.854699999999999704e+01
-5.838000000000000256e+01
-5.867300000000000182e+01
-5.850300000000000011e+01
-5.847399999999999665e+01
-5.872200000000000131e+01
-5.845799999999999841e+01
-5.847500000000000142e+01
-5.851700000000000301e+01
-5.842699999999999960e+01
-5.877499999999999858e+01
-5.835600000000000165e+01
-5.847399999999999665e+01
-5.819100000000000250e+01
-5.823599999999999710e+01
-5.857300000000000040e+01
-5.855199999999999960e+01
-5.858299999999999841e+01
-5.830599999999999739e+01
-5.851800000000000068e+01
-5.867999999999999972e+01
-5.863900000000000290e+01
-5.858400000000000318e+01
-5.827700000000000102e+01
-5.829899999999999949e+01
-5.817900000000000205e+01
-5.817900000000000205e+01
-5.819500000000000028e+01
-5.821000000000000085e+01
-5.836200000000000188e+01
-5.821200000000000330e+01
-5.696200000000000330e+01
-5.693399999999999750e+01
-5.694899999999999807e+01
-5.797999999999999687e+01
-5.837100000000000222e+01
-5.852100000000000080e+01
-5.856600000000000250e+01
-5.849099999999999966e+01
-5.893099999999999739e+01
-5.825000000000000000e+01
-5.825000000000000000e+01
-5.824099999999999966e+01
-5.846200000000000330e+01
-5.873899999999999721e+01
-5.911399999999999721e+01
-5.859400000000000119e+01
-5.862599999999999767e+01
-5.862599999999999767e+01
-5.875399999999999778e+01
-5.846399999999999864e+01
-5.821200000000000330e+01
-5.787299999999999756e+01
-5.809100000000000108e+01
-5.820799999999999841e+01
-5.835099999999999909e+01
-5.825200000000000244e+01
-5.861099999999999710e+01
-5.850699999999999790e+01
-5.845000000000000284e+01
-5.847800000000000153e+01
-5.832699999999999818e+01
-5.843500000000000227e+01
-5.847200000000000131e+01
-5.872399999999999665e+01
-5.841100000000000136e+01
-5.822800000000000153e+01
-5.837800000000000011e+01
-5.831700000000000017e+01
-5.857099999999999795e+01
-5.885300000000000153e+01
-5.859400000000000119e+01
-5.826100000000000279e+01
-5.835799999999999699e+01
-5.835799999999999699e+01
-5.849300000000000210e+01
-5.849900000000000233e+01
-5.860199999999999676e+01
-5.853900000000000148e+01
-5.853900000000000148e+01
-5.840699999999999648e+01
-5.827300000000000324e+01
-5.816400000000000148e+01
-5.816400000000000148e+01
-5.858700000000000330e+01
-5.859199999999999875e+01
-5.877100000000000080e+01
-5.804500000000000171e+01
-5.806700000000000017e+01
-5.847299999999999898e+01
-5.855499999999999972e+01
-5.828799999999999670e+01
-5.866400000000000148e+01
-5.851400000000000290e+01
-5.857099999999999795e+01
-5.840699999999999648e+01
-5.861500000000000199e+01
-5.825099999999999767e+01
-5.831900000000000261e+01
-5.809300000000000352e+01
-5.848700000000000188e+01
-5.824900000000000233e+01
-5.824900000000000233e+01
-5.777900000000000347e+01
-5.810300000000000153e+01
-5.860600000000000165e+01
-5.860600000000000165e+01
-5.865899999999999892e+01
-5.857300000000000040e+01
-5.831499999999999773e+01
-5.739000000000000057e+01
-5.693299999999999983e+01
-5.680199999999999960e+01
-5.721600000000000108e+01
-5.729800000000000182e+01
-5.773400000000000176e+01
-5.794200000000000017e+01
-5.801500000000000057e+01
-5.810999999999999943e+01
-5.843399999999999750e+01
-5.809100000000000108e+01
-5.794100000000000250e+01
-5.802300000000000324e+01
-5.808100000000000307e+01
-5.805700000000000216e+01
-5.830299999999999727e+01
-5.819500000000000028e+01
-5.842600000000000193e+01
-5.817300000000000182e+01
-5.840599999999999881e+01
-5.817000000000000171e+01
-5.813100000000000023e+01
-5.813100000000000023e+01
-5.822200000000000131e+01
-5.817600000000000193e+01
-5.819700000000000273e+01
-5.793099999999999739e+01
-5.836200000000000188e+01
-5.838000000000000256e+01
-5.814800000000000324e+01
-5.819400000000000261e+01
-5.808299999999999841e+01
-5.766499999999999915e+01
-5.778600000000000136e+01
-5.796600000000000108e+01
-5.816899999999999693e+01
-5.825000000000000000e+01
-5.791599999999999682e+01
-5.789500000000000313e+01
-5.832900000000000063e+01
-5.812899999999999778e+01
-5.800300000000000011e+01
-5.790699999999999648e+01
-5.816599999999999682e+01
-5.804299999999999926e+01
-5.787100000000000222e+01
-5.819800000000000040e+01
-5.765299999999999869e+01
-5.761899999999999977e+01
-5.802700000000000102e+01
-5.785999999999999943e+01
-5.759400000000000119e+01
-5.747500000000000142e+01
-5.774699999999999989e+01
-5.767300000000000182e+01
-5.738900000000000290e+01
-5.717799999999999727e+01
-5.740500000000000114e+01
-5.682200000000000273e+01
-5.645100000000000051e+01
-5.496800000000000352e+01
-5.016499999999999915e+01
-4.818699999999999761e+01
-5.017199999999999704e+01
-5.193099999999999739e+01
-5.249399999999999977e+01
-5.372299999999999898e+01
-5.410600000000000165e+01
-5.478000000000000114e+01
-5.582099999999999795e+01
-5.613499999999999801e+01
-5.646999999999999886e+01
-5.714399999999999835e+01
-5.732600000000000051e+01
-5.734300000000000352e+01
-5.750300000000000011e+01
-5.779999999999999716e+01
-5.779200000000000159e+01
-5.796600000000000108e+01
-5.814099999999999824e+01
-5.825500000000000256e+01
-5.775800000000000267e+01
-5.797899999999999920e+01
-5.821900000000000119e+01
-5.808700000000000330e+01
-5.789800000000000324e+01
-5.785099999999999909e+01
-5.761099999999999710e+01
-5.761099999999999710e+01
-5.772200000000000131e+01
-5.799300000000000210e+01
-5.816499999999999915e+01
-5.840599999999999881e+01
-5.866100000000000136e+01
-5.836099999999999710e+01
-5.812299999999999756e+01
-5.821099999999999852e+01
-5.795000000000000284e+01
-5.791799999999999926e+01
-5.754099999999999682e+01
-5.844599999999999795e+01
-5.841499999999999915e+01
-5.840100000000000335e+01
-5.841400000000000148e+01
-5.854999999999999716e+01
-5.818599999999999994e+01
-5.828199999999999648e+01
-5.799900000000000233e+01
-5.799900000000000233e+01
-5.834100000000000108e+01
-5.824900000000000233e+01
-5.846200000000000330e+01
-5.841799999999999926e+01
-5.811299999999999955e+01
-5.793900000000000006e+01
-5.813100000000000023e+01
-5.825500000000000256e+01
-5.820100000000000051e+01
-5.843500000000000227e+01
-5.838499999999999801e+01
-5.827600000000000335e+01
-5.868299999999999983e+01
-5.839399999999999835e+01
-5.805799999999999983e+01
-5.814399999999999835e+01
-5.809700000000000131e+01
-5.820499999999999829e+01
-5.807699999999999818e+01
-5.796200000000000330e+01
-5.782800000000000296e+01
-5.788000000000000256e+01
-5.784700000000000131e+01
-5.815200000000000102e+01
-5.790500000000000114e+01
-5.794400000000000261e+01
-5.768099999999999739e+01
-5.770600000000000307e+01
-5.774600000000000222e+01
-5.754599999999999937e+01
-5.737199999999999989e+01
-5.714900000000000091e+01
-5.714300000000000068e+01
-5.711999999999999744e+01
-5.731900000000000261e+01
-5.728000000000000114e+01
-5.726599999999999824e+01
-5.738799999999999812e+01
-5.753900000000000148e+01
-5.723799999999999955e+01
-5.748100000000000165e+01
-5.692000000000000171e+01
-5.686699999999999733e+01
-5.603399999999999892e+01
-5.096200000000000330e+01
-4.944299999999999784e+01
-5.243800000000000239e+01
-5.460699999999999932e+01
-5.597599999999999909e+01
-5.638700000000000045e+01
-5.673100000000000165e+01
-5.725000000000000000e+01
-5.733700000000000330e+01
-5.699199999999999733e+01
-5.704099999999999682e+01
-5.728900000000000148e+01
-5.705199999999999960e+01
-5.752000000000000313e+01
-5.796099999999999852e+01
-5.788700000000000045e+01
-5.797800000000000153e+01
-5.810099999999999909e+01
-5.789800000000000324e+01
-5.804200000000000159e+01
-5.825800000000000267e+01
-5.822599999999999909e+01
-5.825699999999999790e+01
-5.838799999999999812e+01
-5.838199999999999790e+01
-5.811399999999999721e+01
-5.809199999999999875e+01
-5.802799999999999869e+01
-5.835699999999999932e+01
-5.858599999999999852e+01
-5.837899999999999778e+01
-5.804999999999999716e+01
-5.795799999999999841e+01
-5.795799999999999841e+01
-5.823599999999999710e+01
-5.842499999999999716e+01
-5.852799999999999869e+01
-5.853799999999999670e+01
-5.825600000000000023e+01
-5.829899999999999949e+01
-5.821900000000000119e+01
-5.838400000000000034e+01
-5.859499999999999886e+01
-5.871099999999999852e+01
-5.894200000000000017e+01
-5.907600000000000051e+01
-5.844100000000000250e+01
-5.824000000000000199e+01
-5.819899999999999807e+01
-5.815800000000000125e+01
-5.815299999999999869e+01
-5.821699999999999875e+01
-5.828999999999999915e+01
-5.835199999999999676e+01
-5.828399999999999892e+01
-5.840699999999999648e+01
-5.768900000000000006e+01
-5.744599999999999795e+01
-5.814200000000000301e+01
-5.817399999999999949e+01
-5.827000000000000313e+01
-5.832200000000000273e+01
-5.872899999999999920e+01
-5.877600000000000335e+01
-5.854599999999999937e+01
-5.820199999999999818e+01
-5.818999999999999773e+01
-5.845300000000000296e+01
-5.832200000000000273e+01
-5.870700000000000074e+01
-5.803600000000000136e+01
-5.817499999999999716e+01
-5.834499999999999886e+01
-5.793500000000000227e+01
-5.778799999999999670e+01
-5.796999999999999886e+01
-5.824000000000000199e+01
-5.835000000000000142e+01
-5.831000000000000227e+01
-5.844400000000000261e+01
-5.820000000000000284e+01
-5.822200000000000131e+01
-5.820300000000000296e+01
-5.811399999999999721e+01
-5.813700000000000045e+01
-5.848799999999999955e+01
-5.832000000000000028e+01
-5.833500000000000085e+01
-5.879899999999999949e+01
-5.843900000000000006e+01
-5.870000000000000284e+01
-5.848299999999999699e+01
-5.825300000000000011e+01
-5.866700000000000159e+01
-5.810699999999999932e+01
-5.818999999999999773e+01
-5.849799999999999756e+01
-5.833500000000000085e+01
-5.839500000000000313e+01
-5.852000000000000313e+01
-5.850699999999999790e+01
-5.863499999999999801e+01
-5.850900000000000034e+01
-5.870199999999999818e+01
-5.863000000000000256e+01
-5.839300000000000068e+01
-5.820400000000000063e+01
-5.803000000000000114e+01
-5.821300000000000097e+01
-5.831000000000000227e+01
-5.791899999999999693e+01
-5.868399999999999750e+01
-5.899600000000000222e+01
-5.892900000000000205e+01
-5.834199999999999875e+01
-5.809300000000000352e+01
-5.826800000000000068e+01
-5.811200000000000188e+01
-5.810999999999999943e+01
-5.823299999999999699e+01
-5.845400000000000063e+01
-5.853999999999999915e+01
-5.840899999999999892e+01
-5.855299999999999727e+01
-5.871800000000000352e+01
-5.872099999999999653e+01
-5.818599999999999994e+01
-5.835600000000000165e+01
-5.849900000000000233e+01
-5.832999999999999829e+01
-5.847399999999999665e+01
-5.864200000000000301e+01
-5.854800000000000182e+01
-5.847200000000000131e+01
-5.867499999999999716e+01
-5.845700000000000074e+01
-5.833899999999999864e+01
-5.765400000000000347e+01
-5.685499999999999687e+01
-5.634199999999999875e+01
-5.663900000000000290e+01
-5.745799999999999841e+01
-5.807800000000000296e+01
-5.830199999999999960e+01
-5.818999999999999773e+01
-5.826599999999999824e+01
-5.921699999999999875e+01
-5.889900000000000091e+01
-5.874799999999999756e+01
-5.902700000000000102e+01
-5.902600000000000335e+01
-5.887599999999999767e+01
-5.878199999999999648e+01
-5.897899999999999920e+01
-5.875399999999999778e+01
-5.835499999999999687e+01
-5.773199999999999932e+01
-5.791799999999999926e+01
-5.825200000000000244e+01
-5.825200000000000244e+01
-5.831099999999999994e+01
-5.827499999999999858e+01
-5.796099999999999852e+01
-5.832500000000000284e+01
-5.848499999999999943e+01
-5.820700000000000074e+01
-5.850200000000000244e+01
-5.840400000000000347e+01
-5.820700000000000074e+01
-5.839300000000000068e+01
-5.824600000000000222e+01
-5.866199999999999903e+01
-5.865299999999999869e+01
-5.846900000000000119e+01
-5.850099999999999767e+01
-5.829999999999999716e+01
-5.831799999999999784e+01
-5.843599999999999994e+01
-5.838100000000000023e+01
-5.866400000000000148e+01
-5.843299999999999983e+01
-5.815800000000000125e+01
-5.859700000000000131e+01
-5.871800000000000352e+01
-5.878000000000000114e+01
-5.865999999999999659e+01
-5.902199999999999847e+01
-5.861899999999999977e+01
-5.837899999999999778e+01
-5.887800000000000011e+01
-5.853000000000000114e+01
-5.822899999999999920e+01
-5.832000000000000028e+01
-5.832000000000000028e+01
-5.861800000000000210e+01
-5.828000000000000114e+01
-5.856000000000000227e+01
-5.853099999999999881e+01
-5.860600000000000165e+01
-5.850099999999999767e+01
-5.841899999999999693e+01
-5.838100000000000023e+01
-5.850300000000000011e+01
-5.864900000000000091e+01
-5.847599999999999909e+01
-5.837100000000000222e+01
-5.837800000000000011e+01
-5.827900000000000347e+01
-5.830899999999999750e+01
-5.857800000000000296e+01
-5.833200000000000074e+01
-5.842199999999999704e+01
-5.857000000000000028e+01
-5.776899999999999835e+01
-5.767199999999999704e+01
-5.801100000000000279e+01
-5.779599999999999937e+01
-5.749300000000000210e+01
-5.740699999999999648e+01
-5.792199999999999704e+01
-5.810900000000000176e+01
-5.830599999999999739e+01
-5.860099999999999909e+01
-5.858899999999999864e+01
-5.846600000000000108e+01
-5.835199999999999676e+01
-5.820000000000000284e+01
-5.836599999999999966e+01
-5.830700000000000216e+01
-5.886099999999999710e+01
-5.898599999999999710e+01
-5.838799999999999812e+01
-5.853000000000000114e+01
-5.812899999999999778e+01
-5.837299999999999756e+01
-5.816199999999999903e+01
-5.799399999999999977e+01
-5.806900000000000261e+01
-5.828900000000000148e+01
-5.826899999999999835e+01
-5.826599999999999824e+01
-5.828000000000000114e+01
-5.834799999999999898e+01
-5.859400000000000119e+01
-5.840400000000000347e+01
-5.830899999999999750e+01
-5.818599999999999994e+01
-5.858800000000000097e+01
-5.824399999999999977e+01
-5.803300000000000125e+01
-5.803300000000000125e+01
-5.778699999999999903e+01
-5.800999999999999801e+01
-5.800699999999999790e+01
-5.801100000000000279e+01
-5.835099999999999909e+01
-5.822399999999999665e+01
-5.831099999999999994e+01
-5.811500000000000199e+01
-5.796800000000000352e+01
-5.792000000000000171e+01
-5.798899999999999721e+01
-5.758200000000000074e+01
-5.722699999999999676e+01
-5.731600000000000250e+01
-5.650999999999999801e+01
-5.289300000000000068e+01
-5.074300000000000210e+01
-5.362800000000000011e+01
-5.441599999999999682e+01
-5.665500000000000114e+01
-5.700999999999999801e+01
-5.737599999999999767e+01
-5.822999999999999687e+01
-5.792600000000000193e+01
-5.763000000000000256e+01
-5.798400000000000176e+01
-5.816299999999999670e+01
-5.833100000000000307e+01
-5.818299999999999983e+01
-5.810399999999999920e+01
-5.795499999999999829e+01
-5.819899999999999807e+01
-5.835399999999999920e+01
-5.825900000000000034e+01
-5.820000000000000284e+01
-5.816899999999999693e+01
-5.795300000000000296e+01
-5.793299999999999983e+01
-5.802199999999999847e+01
-5.813700000000000045e+01
-5.809499999999999886e+01
-5.818299999999999983e+01
-5.827100000000000080e+01
-5.815999999999999659e+01
-5.826599999999999824e+01
-5.823899999999999721e+01
-5.837400000000000233e+01
-5.830700000000000216e+01
-5.817000000000000171e+01
-5.806499999999999773e+01
-5.817099999999999937e+01
-5.851700000000000301e+01
-5.857399999999999807e+01
-5.845199999999999818e+01
-5.797699999999999676e+01
-5.796500000000000341e+01
-5.810099999999999909e+01
-5.801299999999999812e+01
-5.815800000000000125e+01
-5.807000000000000028e+01
-5.782300000000000040e+01
-5.803499999999999659e+01
-5.802199999999999847e+01
-5.785499999999999687e+01
-5.778600000000000136e+01
-5.757399999999999807e+01
-5.709100000000000108e+01
-5.651500000000000057e+01
-5.400699999999999790e+01
-5.111099999999999710e+01
-4.967900000000000205e+01
-4.764000000000000057e+01
-4.787400000000000233e+01
-4.998700000000000188e+01
-5.332200000000000273e+01
-5.431099999999999994e+01
-5.525999999999999801e+01
-5.620900000000000318e+01
-5.701700000000000301e+01
-5.739399999999999835e+01
-5.760900000000000176e+01
-5.765999999999999659e+01
-5.788799999999999812e+01
-5.790800000000000125e+01
-5.782500000000000284e+01
-5.769100000000000250e+01
-5.771800000000000352e+01
-5.789900000000000091e+01
-5.781300000000000239e+01
-5.814399999999999835e+01
-5.811500000000000199e+01
-5.773599999999999710e+01
-5.773599999999999710e+01
-5.790299999999999869e+01
-5.824000000000000199e+01
-5.835699999999999932e+01
-5.816599999999999682e+01
-5.813700000000000045e+01
-5.836800000000000210e+01
-5.822800000000000153e+01
-5.843699999999999761e+01
-5.849699999999999989e+01
-5.846800000000000352e+01
-5.882399999999999807e+01
-5.866700000000000159e+01
-5.833700000000000330e+01
-5.828199999999999648e+01
-5.823299999999999699e+01
-5.838400000000000034e+01
-5.815999999999999659e+01
-5.846699999999999875e+01
-5.834599999999999653e+01
-5.851599999999999824e+01
-5.856799999999999784e+01
-5.830899999999999750e+01
-5.840299999999999869e+01
-5.840200000000000102e+01
-5.831099999999999994e+01
-5.816100000000000136e+01
-5.797399999999999665e+01
-5.807000000000000028e+01
-5.844100000000000250e+01
-5.829399999999999693e+01
-5.839300000000000068e+01
-5.676500000000000057e+01
-5.608100000000000307e+01
-5.608100000000000307e+01
-5.562599999999999767e+01
-5.690800000000000125e+01
-5.722299999999999898e+01
-5.782800000000000296e+01
-5.778399999999999892e+01
-5.798899999999999721e+01
-5.843399999999999750e+01
-5.877499999999999858e+01
-5.850999999999999801e+01
-5.841400000000000148e+01
-5.828099999999999881e+01
-5.849099999999999966e+01
-5.806300000000000239e+01
-5.813799999999999812e+01
-5.818200000000000216e+01
-5.864500000000000313e+01
-5.882900000000000063e+01
-5.846699999999999875e+01
-5.842799999999999727e+01
-5.813600000000000279e+01
-5.844200000000000017e+01
-5.815299999999999869e+01
-5.831199999999999761e+01
-5.859199999999999875e+01
-5.832900000000000063e+01
-5.804599999999999937e+01
-5.840500000000000114e+01
-5.845199999999999818e+01
-5.845199999999999818e+01
-5.871000000000000085e+01
-5.824000000000000199e+01
-5.817499999999999716e+01
-5.825800000000000267e+01
-5.835999999999999943e+01
-5.846000000000000085e+01
-5.868699999999999761e+01
-5.864900000000000091e+01
-5.825399999999999778e+01
-5.833899999999999864e+01
-5.825000000000000000e+01
-5.825000000000000000e+01
-5.809400000000000119e+01
-5.811099999999999710e+01
-5.838300000000000267e+01
-5.848899999999999721e+01
-5.815899999999999892e+01
-5.822099999999999653e+01
-5.833599999999999852e+01
-5.833599999999999852e+01
-5.827100000000000080e+01
-5.822500000000000142e+01
-5.796300000000000097e+01
-5.796300000000000097e+01
-5.838499999999999801e+01
-5.858100000000000307e+01
-5.829299999999999926e+01
-5.753799999999999670e+01
-5.769500000000000028e+01
-5.832099999999999795e+01
-5.852900000000000347e+01
-5.852900000000000347e+01
-5.859100000000000108e+01
-5.853600000000000136e+01
-5.885300000000000153e+01
-5.888600000000000279e+01
-5.842799999999999727e+01
-5.879999999999999716e+01
-5.870900000000000318e+01
-5.866599999999999682e+01
-5.826100000000000279e+01
-5.788600000000000279e+01
-5.819700000000000273e+01
-5.838300000000000267e+01
-5.836999999999999744e+01
-5.872699999999999676e+01
-5.860499999999999687e+01
-5.839699999999999847e+01
-5.839500000000000313e+01
-5.834400000000000119e+01
-5.861699999999999733e+01
-5.884000000000000341e+01
-5.861200000000000188e+01
-5.819299999999999784e+01
-5.819299999999999784e+01
-5.833200000000000074e+01
-5.870199999999999818e+01
-5.870000000000000284e+01
-5.858500000000000085e+01
-5.850300000000000011e+01
-5.829699999999999704e+01
-5.859199999999999875e+01
-5.848599999999999710e+01
-5.839900000000000091e+01
-5.851599999999999824e+01
-5.855199999999999960e+01
-5.895700000000000074e+01
-5.831300000000000239e+01
-5.848499999999999943e+01
-5.856799999999999784e+01
-5.856799999999999784e+01
-5.854899999999999949e+01
-5.844100000000000250e+01
-5.847299999999999898e+01
-5.832699999999999818e+01
-5.805299999999999727e+01
-5.813100000000000023e+01
-5.835799999999999699e+01
-5.853199999999999648e+01
-5.833299999999999841e+01
-5.817000000000000171e+01
-5.814300000000000068e+01
-5.848899999999999721e+01
-5.844500000000000028e+01
-5.848100000000000165e+01
-5.810999999999999943e+01
-5.797500000000000142e+01
-5.822500000000000142e+01
-5.814699999999999847e+01
-5.793399999999999750e+01
-5.784300000000000352e+01
-5.755499999999999972e+01
-5.727300000000000324e+01
-5.734700000000000131e+01
-5.763900000000000290e+01
-5.780899999999999750e+01
-5.785399999999999920e+01
-5.812400000000000233e+01
-5.848400000000000176e+01
-5.856199999999999761e+01
-5.868399999999999750e+01
-5.831199999999999761e+01
-5.846800000000000352e+01
-5.827100000000000080e+01
-5.827400000000000091e+01
-5.827400000000000091e+01
-5.844800000000000040e+01
-5.831700000000000017e+01
-5.817499999999999716e+01
-5.845000000000000284e+01
-5.865999999999999659e+01
-5.840800000000000125e+01
-5.822699999999999676e+01
-5.831099999999999994e+01
-5.837700000000000244e+01
-5.838900000000000290e+01
-5.849699999999999989e+01
-5.874399999999999977e+01
-5.844500000000000028e+01
-5.837299999999999756e+01
-5.825300000000000011e+01
-5.802199999999999847e+01
-5.822699999999999676e+01
-5.819299999999999784e+01
-5.843599999999999994e+01
-5.843599999999999994e+01
-5.831099999999999994e+01
-5.870400000000000063e+01
-5.834300000000000352e+01
-5.831499999999999773e+01
-5.834000000000000341e+01
-5.848299999999999699e+01
-5.834499999999999886e+01
-5.797200000000000131e+01
-5.789000000000000057e+01
-5.779899999999999949e+01
-5.795499999999999829e+01
-5.801500000000000057e+01
-5.755799999999999983e+01
-5.779200000000000159e+01
-5.817199999999999704e+01
-5.798299999999999699e+01
-5.786099999999999710e+01
-5.764999999999999858e+01
-5.785600000000000165e+01
-5.794500000000000028e+01
-5.754999999999999716e+01
-5.739600000000000080e+01
-5.747299999999999898e+01
-5.715400000000000347e+01
-5.594200000000000017e+01
-5.282999999999999829e+01
-4.832699999999999818e+01
-5.023799999999999955e+01
-5.289000000000000057e+01
-5.503699999999999903e+01
-5.610900000000000176e+01
-5.670600000000000307e+01
-5.717699999999999960e+01
-5.723799999999999955e+01
-5.717799999999999727e+01
-5.740100000000000335e+01
-5.739600000000000080e+01
-5.745000000000000284e+01
-5.753699999999999903e+01
-5.769100000000000250e+01
-5.774099999999999966e+01
-5.794500000000000028e+01
-5.776400000000000290e+01
-5.807600000000000051e+01
-5.789000000000000057e+01
-5.797599999999999909e+01
-5.822599999999999909e+01
-5.821099999999999852e+01
-5.785199999999999676e+01
-5.787899999999999778e+01
-5.811599999999999966e+01
-5.827100000000000080e+01
-5.793099999999999739e+01
-5.868200000000000216e+01
-5.831099999999999994e+01
-5.801400000000000290e+01
-5.817900000000000205e+01
-5.802600000000000335e+01
-5.821900000000000119e+01
-5.820400000000000063e+01
-5.839200000000000301e+01
-5.819700000000000273e+01
-5.798899999999999721e+01
-5.837700000000000244e+01
-5.828399999999999892e+01
-5.826299999999999812e+01
-5.803600000000000136e+01
-5.806099999999999994e+01
-5.766899999999999693e+01
-5.773400000000000176e+01
-5.773899999999999721e+01
-5.805899999999999750e+01
-5.810300000000000153e+01
-5.815999999999999659e+01
-5.811899999999999977e+01
-5.789500000000000313e+01
-5.789500000000000313e+01
-5.807300000000000040e+01
-5.821500000000000341e+01
-5.801400000000000290e+01
-5.799499999999999744e+01
-5.763199999999999790e+01
-5.747399999999999665e+01
-5.721600000000000108e+01
-5.654800000000000182e+01
-5.314200000000000301e+01
-5.260099999999999909e+01
-5.492199999999999704e+01
-5.492199999999999704e+01
-5.592999999999999972e+01
-5.686099999999999710e+01
-5.753499999999999659e+01
-5.746999999999999886e+01
-5.775399999999999778e+01
-5.743200000000000216e+01
-5.770600000000000307e+01
-5.775600000000000023e+01
-5.778499999999999659e+01
-5.815699999999999648e+01
-5.785699999999999932e+01
-5.794599999999999795e+01
-5.815800000000000125e+01
-5.807500000000000284e+01
-5.795300000000000296e+01
-5.824199999999999733e+01
-5.817099999999999937e+01
-5.827900000000000347e+01
-5.833100000000000307e+01
-5.809499999999999886e+01
-5.793999999999999773e+01
-5.800999999999999801e+01
-5.828000000000000114e+01
-5.875300000000000011e+01
-5.836500000000000199e+01
-5.883899999999999864e+01
-5.846000000000000085e+01
-5.817199999999999704e+01
-5.833200000000000074e+01
-5.834799999999999898e+01
-5.844599999999999795e+01
-5.814600000000000080e+01
-5.815299999999999869e+01
-5.812500000000000000e+01
-5.815200000000000102e+01
-5.809300000000000352e+01
-5.807500000000000284e+01
-5.800399999999999778e+01
-5.773899999999999721e+01
-5.665299999999999869e+01
-5.726299999999999812e+01
-5.723799999999999955e+01
-5.774799999999999756e+01
-5.787500000000000000e+01
-5.799900000000000233e+01
-5.797500000000000142e+01
-5.759599999999999653e+01
-5.814399999999999835e+01
-5.817699999999999960e+01
-5.832999999999999829e+01
-5.880199999999999960e+01
-5.866799999999999926e+01
-5.833599999999999852e+01
-5.859700000000000131e+01
-5.835600000000000165e+01
-5.846699999999999875e+01
-5.863700000000000045e+01
-5.880899999999999750e+01
-5.881300000000000239e+01
-5.883299999999999841e+01
-5.845100000000000051e+01
-5.841100000000000136e+01
-5.815299999999999869e+01
-5.819800000000000040e+01
-5.843200000000000216e+01
-5.834799999999999898e+01
-5.848400000000000176e+01
-5.838900000000000290e+01
-5.859100000000000108e+01
-5.847099999999999653e+01
-5.895400000000000063e+01
-5.866400000000000148e+01
-5.883500000000000085e+01
-5.861200000000000188e+01
-5.850000000000000000e+01
-5.862500000000000000e+01
-5.860900000000000176e+01
-5.879399999999999693e+01
-5.861599999999999966e+01
-5.877100000000000080e+01
-5.837400000000000233e+01
-5.867000000000000171e+01
-5.887700000000000244e+01
-5.860799999999999699e+01
-5.842099999999999937e+01
-5.855799999999999983e+01
-5.881099999999999994e+01
-5.903199999999999648e+01
-5.870199999999999818e+01
-5.855400000000000205e+01
-5.860799999999999699e+01
-5.866299999999999670e+01
-5.805599999999999739e+01
-5.803199999999999648e+01
-5.682699999999999818e+01
-5.735699999999999932e+01
-5.779500000000000171e+01
-5.837899999999999778e+01
-5.871399999999999864e+01
-5.861599999999999966e+01
-5.870400000000000063e+01
-5.847099999999999653e+01
-5.822399999999999665e+01
-5.764000000000000057e+01
-5.754699999999999704e+01
-5.766499999999999915e+01
-5.833800000000000097e+01
-5.841899999999999693e+01
-5.841899999999999693e+01
-5.838400000000000034e+01
-5.843299999999999983e+01
-5.859700000000000131e+01
-5.859700000000000131e+01
-5.842799999999999727e+01
-5.849199999999999733e+01
-5.849199999999999733e+01
-5.821800000000000352e+01
-5.819599999999999795e+01
-5.842799999999999727e+01
-5.837100000000000222e+01
-5.828499999999999659e+01
-5.827499999999999858e+01
-5.845700000000000074e+01
-5.844100000000000250e+01
-5.861500000000000199e+01
-5.824300000000000210e+01
-5.856499999999999773e+01
-5.861200000000000188e+01
-5.896099999999999852e+01
-5.868200000000000216e+01
-5.829299999999999926e+01
-5.859300000000000352e+01
-5.843599999999999994e+01
-5.862700000000000244e+01
-5.857999999999999829e+01
-5.852199999999999847e+01
-5.874499999999999744e+01
-5.856700000000000017e+01
-5.895000000000000284e+01
-5.864800000000000324e+01
-5.871000000000000085e+01
-5.853000000000000114e+01
-5.839600000000000080e+01
-5.835199999999999676e+01
-5.821000000000000085e+01
-5.811399999999999721e+01
-5.827199999999999847e+01
-5.830899999999999750e+01
-5.831799999999999784e+01
-5.831799999999999784e+01
-5.840699999999999648e+01
-5.852700000000000102e+01
-5.858200000000000074e+01
-5.842600000000000193e+01
-5.829999999999999716e+01
-5.882000000000000028e+01
-5.828199999999999648e+01
-5.797299999999999898e+01
-5.808200000000000074e+01
-5.810199999999999676e+01
-5.879999999999999716e+01
-5.839200000000000301e+01
-5.880299999999999727e+01
-5.877400000000000091e+01
-5.902700000000000102e+01
-5.891799999999999926e+01
-5.862400000000000233e+01
-5.867999999999999972e+01
-5.824399999999999977e+01
-5.827199999999999847e+01
-5.808500000000000085e+01
-5.805100000000000193e+01
-5.804800000000000182e+01
-5.797699999999999676e+01
-5.789500000000000313e+01
-5.842099999999999937e+01
-5.864200000000000301e+01
-5.828999999999999915e+01
-5.845700000000000074e+01
-5.833599999999999852e+01
-5.828600000000000136e+01
-5.821800000000000352e+01
-5.847399999999999665e+01
-5.873499999999999943e+01
-5.853300000000000125e+01
-5.857500000000000284e+01
-5.866100000000000136e+01
-5.848700000000000188e+01
-5.870000000000000284e+01
-5.840999999999999659e+01
-5.854699999999999704e+01
-5.836800000000000210e+01
-5.839500000000000313e+01
-5.832699999999999818e+01
-5.796000000000000085e+01
-5.826500000000000057e+01
-5.816100000000000136e+01
-5.818099999999999739e+01
-5.854299999999999926e+01
-5.869400000000000261e+01
-5.822099999999999653e+01
-5.805499999999999972e+01
-5.833100000000000307e+01
-5.823100000000000165e+01
-5.819899999999999807e+01
-5.815800000000000125e+01
-5.829899999999999949e+01
-5.857000000000000028e+01
-5.849900000000000233e+01
-5.867399999999999949e+01
-5.803799999999999670e+01
-5.810499999999999687e+01
-5.829899999999999949e+01
-5.830100000000000193e+01
-5.800099999999999767e+01
-5.813100000000000023e+01
-5.856700000000000017e+01
-5.834799999999999898e+01
-5.817999999999999972e+01
-5.817999999999999972e+01
-5.799699999999999989e+01
-5.780899999999999750e+01
-5.803099999999999881e+01
-5.803099999999999881e+01
-5.822699999999999676e+01
-5.796000000000000085e+01
-5.795900000000000318e+01
-5.833400000000000318e+01
-5.802000000000000313e+01
-5.788400000000000034e+01
-5.785900000000000176e+01
-5.736099999999999710e+01
-5.690800000000000125e+01
-5.682200000000000273e+01
-5.616700000000000159e+01
-5.186899999999999977e+01
-4.894599999999999795e+01
-4.718500000000000227e+01
-4.599399999999999977e+01
-4.543200000000000216e+01
-4.930599999999999739e+01
-5.249399999999999977e+01
-5.281099999999999994e+01
-5.453099999999999881e+01
-5.577600000000000335e+01
-5.672599999999999909e+01
-5.672599999999999909e+01
-5.709499999999999886e+01
-5.714099999999999824e+01
-5.775300000000000011e+01
-5.800900000000000034e+01
-5.809799999999999898e+01
-5.802199999999999847e+01
-5.778699999999999903e+01
-5.793999999999999773e+01
-5.820900000000000318e+01
-5.751100000000000279e+01
-5.778900000000000148e+01
-5.777799999999999869e+01
-5.758500000000000085e+01
-5.806199999999999761e+01
-5.797999999999999687e+01
-5.823100000000000165e+01
-5.815599999999999881e+01
-5.831499999999999773e+01
-5.810000000000000142e+01
-5.803499999999999659e+01
-5.810600000000000165e+01
-5.818999999999999773e+01
-5.803099999999999881e+01
-5.821099999999999852e+01
-5.859599999999999653e+01
-5.860999999999999943e+01
-5.860999999999999943e+01
-5.864500000000000313e+01
-5.848199999999999932e+01
-5.864000000000000057e+01
-5.807500000000000284e+01
-5.864300000000000068e+01
-5.866899999999999693e+01
-5.801800000000000068e+01
-5.840100000000000335e+01
-5.830899999999999750e+01
-5.852700000000000102e+01
-5.823899999999999721e+01
-5.828900000000000148e+01
-5.799099999999999966e+01
-5.817600000000000193e+01
-5.840999999999999659e+01
-5.833599999999999852e+01
-5.845900000000000318e+01
-5.824000000000000199e+01
-5.829899999999999949e+01
-5.790400000000000347e+01
-5.806900000000000261e+01
-5.844899999999999807e+01
-5.824799999999999756e+01
-5.819899999999999807e+01
-5.833599999999999852e+01
-5.825800000000000267e+01
-5.818999999999999773e+01
-5.824900000000000233e+01
-5.811099999999999710e+01
-5.826899999999999835e+01
-5.817099999999999937e+01
-5.826400000000000290e+01
-5.800600000000000023e+01
-5.765899999999999892e+01
-5.781900000000000261e+01
-5.776800000000000068e+01
-5.760499999999999687e+01
-5.799499999999999744e+01
-5.786399999999999721e+01
-5.769100000000000250e+01
-5.801200000000000045e+01
-5.767999999999999972e+01
-5.751200000000000045e+01
-5.565100000000000335e+01
-5.101599999999999824e+01
-4.835300000000000153e+01
-4.787899999999999778e+01
-4.765800000000000125e+01
-4.975699999999999790e+01
-5.286899999999999977e+01
-5.483800000000000097e+01
-5.624000000000000199e+01
-5.677400000000000091e+01
-5.677400000000000091e+01
-5.719899999999999807e+01
-5.727799999999999869e+01
-5.761200000000000188e+01
-5.800500000000000256e+01
-5.784000000000000341e+01
-5.802799999999999869e+01
-5.802799999999999869e+01
-5.772800000000000153e+01
-5.831300000000000239e+01
-5.836899999999999977e+01
-5.818099999999999739e+01
-5.797099999999999653e+01
-5.813900000000000290e+01
-5.807000000000000028e+01
-5.801400000000000290e+01
-5.836399999999999721e+01
-5.799699999999999989e+01
-5.814600000000000080e+01
-5.803099999999999881e+01
-5.772500000000000142e+01
-5.782800000000000296e+01
-5.809899999999999665e+01
-5.784799999999999898e+01
-5.823100000000000165e+01
-5.858299999999999841e+01
-5.861399999999999721e+01
-5.854200000000000159e+01
-5.829699999999999704e+01
-5.861500000000000199e+01
-5.845000000000000284e+01
-5.828699999999999903e+01
-5.850800000000000267e+01
-5.867799999999999727e+01
-5.852199999999999847e+01
-5.855299999999999727e+01
-5.846099999999999852e+01
-5.835900000000000176e+01
-5.858700000000000330e+01
-5.857000000000000028e+01
-5.827900000000000347e+01
-5.871099999999999852e+01
-5.836599999999999966e+01
-5.829999999999999716e+01
-5.875000000000000000e+01
-5.875000000000000000e+01
-5.846600000000000108e+01
-5.848799999999999955e+01
-5.857900000000000063e+01
-5.854599999999999937e+01
-5.838600000000000279e+01
-5.867799999999999727e+01
-5.887800000000000011e+01
-5.874300000000000210e+01
-5.881099999999999994e+01
-5.882200000000000273e+01
-5.858299999999999841e+01
-5.870100000000000051e+01
-5.858299999999999841e+01
-5.841899999999999693e+01
-5.831099999999999994e+01
-5.818900000000000006e+01
-5.831199999999999761e+01
-5.825399999999999778e+01
-5.853600000000000136e+01
-5.812100000000000222e+01
-5.841799999999999926e+01
-5.806799999999999784e+01
-5.787299999999999756e+01
-5.686399999999999721e+01
-5.707200000000000273e+01
-5.790999999999999659e+01
-5.807800000000000296e+01
-5.807800000000000296e+01
-5.828000000000000114e+01
-5.849600000000000222e+01
-5.861200000000000188e+01
-5.881199999999999761e+01
-5.896399999999999864e+01
-5.902400000000000091e+01
-5.861200000000000188e+01
-5.832800000000000296e+01
-5.816100000000000136e+01
-5.806700000000000017e+01
-5.853499999999999659e+01
-5.850099999999999767e+01
-5.848799999999999955e+01
-5.829399999999999693e+01
-5.846800000000000352e+01
-5.822800000000000153e+01
-5.852300000000000324e+01
-5.852300000000000324e+01
-5.843099999999999739e+01
-5.870700000000000074e+01
-5.860300000000000153e+01
-5.860300000000000153e+01
-5.845000000000000284e+01
-5.845900000000000318e+01
-5.853499999999999659e+01
-5.853999999999999915e+01
-5.850999999999999801e+01
-5.858100000000000307e+01
-5.826899999999999835e+01
-5.822999999999999687e+01
-5.833500000000000085e+01
-5.846099999999999852e+01
-5.870199999999999818e+01
-5.812199999999999989e+01
-5.812199999999999989e+01
-5.834700000000000131e+01
-5.820499999999999829e+01
-5.857999999999999829e+01
-5.863799999999999812e+01
-5.861599999999999966e+01
-5.863499999999999801e+01
-5.839500000000000313e+01
-5.820300000000000296e+01
-5.845100000000000051e+01
-5.838000000000000256e+01
-5.852900000000000347e+01
-5.859199999999999875e+01
-5.877600000000000335e+01
-5.913900000000000290e+01
-5.873100000000000165e+01
-5.899600000000000222e+01
-5.885999999999999943e+01
-5.751599999999999824e+01
-5.760699999999999932e+01
-5.774399999999999977e+01
-5.808200000000000074e+01
-5.818099999999999739e+01
-5.790999999999999659e+01
-5.853799999999999670e+01
-5.849199999999999733e+01
-5.859700000000000131e+01
-5.888900000000000290e+01
-5.869400000000000261e+01
-5.858100000000000307e+01
-5.895900000000000318e+01
-5.888000000000000256e+01
-5.849300000000000210e+01
-5.820700000000000074e+01
-5.835799999999999699e+01
-5.878900000000000148e+01
-5.871699999999999875e+01
-5.878699999999999903e+01
-5.894899999999999807e+01
-5.874900000000000233e+01
-5.875600000000000023e+01
-5.883400000000000318e+01
-5.883400000000000318e+01
-5.923799999999999955e+01
-5.903900000000000148e+01
-5.882800000000000296e+01
-5.860699999999999932e+01
-5.880400000000000205e+01
-5.854200000000000159e+01
-5.859400000000000119e+01
-5.849399999999999977e+01
-5.878799999999999670e+01
-5.877700000000000102e+01
-5.867699999999999960e+01
-5.864099999999999824e+01
-5.862599999999999767e+01
-5.840999999999999659e+01
-5.872299999999999898e+01
-5.885499999999999687e+01
-5.856099999999999994e+01
-5.882300000000000040e+01
-5.855299999999999727e+01
-5.878999999999999915e+01
-5.871800000000000352e+01
-5.835699999999999932e+01
-5.873199999999999932e+01
-5.875800000000000267e+01
-5.858200000000000074e+01
-5.862500000000000000e+01
-5.852300000000000324e+01
-5.828499999999999659e+01
-5.866299999999999670e+01
-5.878699999999999903e+01
-5.841299999999999670e+01
-5.850800000000000267e+01
-5.880599999999999739e+01
-5.824900000000000233e+01
-5.826400000000000290e+01
-5.821900000000000119e+01
-5.780199999999999960e+01
-5.799099999999999966e+01
-5.798499999999999943e+01
-5.842999999999999972e+01
-5.850099999999999767e+01
-5.824699999999999989e+01
-5.850300000000000011e+01
-5.860399999999999920e+01
-5.849799999999999756e+01
-5.841299999999999670e+01
-5.833200000000000074e+01
-5.827499999999999858e+01
-5.824000000000000199e+01
-5.834899999999999665e+01
-5.861899999999999977e+01
-5.796600000000000108e+01
-5.784599999999999653e+01
-5.776299999999999812e+01
-5.795499999999999829e+01
-5.815599999999999881e+01
-5.875999999999999801e+01
-5.862199999999999989e+01
-5.858899999999999864e+01
-5.849699999999999989e+01
-5.856900000000000261e+01
-5.856900000000000261e+01
-5.887400000000000233e+01
-5.872200000000000131e+01
-5.832000000000000028e+01
-5.832000000000000028e+01
-5.813100000000000023e+01
-5.877100000000000080e+01
-5.853099999999999881e+01
-5.835399999999999920e+01
-5.829099999999999682e+01
-5.834300000000000352e+01
-5.806799999999999784e+01
-5.812800000000000011e+01
-5.785900000000000176e+01
-5.842199999999999704e+01
-5.844700000000000273e+01
-5.807500000000000284e+01
-5.808800000000000097e+01
-5.842499999999999716e+01
-5.833400000000000318e+01
-5.843599999999999994e+01
-5.828999999999999915e+01
-5.828399999999999892e+01
-5.759000000000000341e+01
-5.789300000000000068e+01
-5.806900000000000261e+01
-5.768800000000000239e+01
-5.519800000000000040e+01
-5.122099999999999653e+01
-5.303499999999999659e+01
-5.444400000000000261e+01
-5.522099999999999653e+01
-5.601400000000000290e+01
-5.656400000000000006e+01
-5.693299999999999983e+01
-5.725200000000000244e+01
-5.708800000000000097e+01
-5.728900000000000148e+01
-5.751100000000000279e+01
-5.806499999999999773e+01
-5.832399999999999807e+01
-5.828199999999999648e+01
-5.814500000000000313e+01
-5.814699999999999847e+01
-5.826899999999999835e+01
-5.833400000000000318e+01
-5.822399999999999665e+01
-5.873499999999999943e+01
-5.834599999999999653e+01
-5.823700000000000188e+01
-5.848799999999999955e+01
-5.854099999999999682e+01
-5.859799999999999898e+01
-5.859499999999999886e+01
-5.818500000000000227e+01
-5.825900000000000034e+01
-5.823899999999999721e+01
-5.847200000000000131e+01
-5.847500000000000142e+01
-5.830899999999999750e+01
-5.854299999999999926e+01
-5.848700000000000188e+01
-5.870300000000000296e+01
-5.833100000000000307e+01
-5.814999999999999858e+01
-5.828099999999999881e+01
-5.849699999999999989e+01
-5.843800000000000239e+01
-5.851599999999999824e+01
-5.831400000000000006e+01
-5.879800000000000182e+01
-5.850500000000000256e+01
-5.802900000000000347e+01
-5.801400000000000290e+01
-5.827700000000000102e+01
-5.805199999999999960e+01
-5.794299999999999784e+01
-5.805299999999999727e+01
-5.780199999999999960e+01
-5.772399999999999665e+01
-5.769800000000000040e+01
-5.747200000000000131e+01
-5.769400000000000261e+01
-5.776800000000000068e+01
-5.803199999999999648e+01
-5.778399999999999892e+01
-5.784199999999999875e+01
-5.707099999999999795e+01
-5.673799999999999955e+01
-5.639600000000000080e+01
-5.285799999999999699e+01
-4.872699999999999676e+01
-5.157399999999999807e+01
-5.404500000000000171e+01
-5.540100000000000335e+01
-5.540100000000000335e+01
-5.652199999999999847e+01
-5.694100000000000250e+01
-5.734300000000000352e+01
-5.753399999999999892e+01
-5.768399999999999750e+01
-5.778699999999999903e+01
-5.780100000000000193e+01
-5.818299999999999983e+01
-5.792499999999999716e+01
-5.797099999999999653e+01
-5.806400000000000006e+01
-5.845900000000000318e+01
-5.871500000000000341e+01
-5.856499999999999773e+01
-5.849699999999999989e+01
-5.784300000000000352e+01
-5.805499999999999972e+01
-5.801200000000000045e+01
-5.801200000000000045e+01
-5.820300000000000296e+01
-5.839699999999999847e+01
-5.850399999999999778e+01
-5.845199999999999818e+01
-5.853000000000000114e+01
-5.835199999999999676e+01
-5.802499999999999858e+01
-5.837299999999999756e+01
-5.836599999999999966e+01
-5.877300000000000324e+01
-5.864300000000000068e+01
-5.844400000000000261e+01
-5.814099999999999824e+01
-5.830599999999999739e+01
-5.827000000000000313e+01
-5.816599999999999682e+01
-5.809599999999999653e+01
-5.850500000000000256e+01
-5.842300000000000182e+01
-5.812100000000000222e+01
-5.823499999999999943e+01
-5.835799999999999699e+01
-5.845100000000000051e+01
-5.834700000000000131e+01
-5.840200000000000102e+01
-5.822399999999999665e+01
-5.821200000000000330e+01
-5.817300000000000182e+01
-5.834199999999999875e+01
-5.819500000000000028e+01
-5.844500000000000028e+01
-5.839300000000000068e+01
-5.859499999999999886e+01
-5.850300000000000011e+01
-5.847200000000000131e+01
-5.854500000000000171e+01
-5.858599999999999852e+01
-5.828799999999999670e+01
-5.812800000000000011e+01
-5.744700000000000273e+01
-5.661299999999999955e+01
-5.753099999999999881e+01
-5.781300000000000239e+01
-5.818500000000000227e+01
-5.845300000000000296e+01
-5.849099999999999966e+01
-5.885300000000000153e+01
-5.885099999999999909e+01
-5.869200000000000017e+01
-5.884799999999999898e+01
-5.895400000000000063e+01
-5.884499999999999886e+01
-5.904899999999999949e+01
-5.928999999999999915e+01
-5.893999999999999773e+01
-5.889800000000000324e+01
-5.877900000000000347e+01
-5.883299999999999841e+01
-5.877400000000000091e+01
-5.899900000000000233e+01
-5.884700000000000131e+01
-5.863700000000000045e+01
-5.874699999999999989e+01
-5.874300000000000210e+01
-5.890100000000000335e+01
-5.907900000000000063e+01
-5.873599999999999710e+01
-5.878699999999999903e+01
-5.869800000000000040e+01
-5.846699999999999875e+01
-5.837800000000000011e+01
-5.799300000000000210e+01
-5.834100000000000108e+01
-5.824000000000000199e+01
-5.831199999999999761e+01
-5.850699999999999790e+01
-5.853000000000000114e+01
-5.854299999999999926e+01
-5.850000000000000000e+01
-5.813799999999999812e+01
-5.808500000000000085e+01
-5.899199999999999733e+01
-5.882500000000000284e+01
-5.901899999999999835e+01
-5.909700000000000131e+01
-5.896000000000000085e+01
-5.872999999999999687e+01
-5.857800000000000296e+01
-5.734400000000000119e+01
-5.741499999999999915e+01
-5.779699999999999704e+01
-5.838400000000000034e+01
-5.877900000000000347e+01
-5.884000000000000341e+01
-5.864200000000000301e+01
-5.862100000000000222e+01
-5.880299999999999727e+01
-5.904200000000000159e+01
-5.880899999999999750e+01
-5.882800000000000296e+01
-5.849600000000000222e+01
-5.871300000000000097e+01
-5.870900000000000318e+01
-5.844599999999999795e+01
-5.838600000000000279e+01
-5.838600000000000279e+01
-5.828999999999999915e+01
-5.852799999999999869e+01
-5.875200000000000244e+01
-5.914600000000000080e+01
-5.909700000000000131e+01
-5.872899999999999920e+01
-5.851299999999999812e+01
-5.892399999999999949e+01
-5.879800000000000182e+01
-5.847099999999999653e+01
-5.879200000000000159e+01
-5.863000000000000256e+01
-5.850399999999999778e+01
-5.841700000000000159e+01
-5.846999999999999886e+01
-5.869100000000000250e+01
-5.885600000000000165e+01
-5.842399999999999949e+01
-5.865500000000000114e+01
-5.855799999999999983e+01
-5.865899999999999892e+01
-5.884400000000000119e+01
-5.887400000000000233e+01
-5.867199999999999704e+01
-5.847200000000000131e+01
-5.860300000000000153e+01
-5.852000000000000313e+01
-5.849300000000000210e+01
-5.889300000000000068e+01
-5.852199999999999847e+01
-5.852499999999999858e+01
-5.865100000000000335e+01
-5.831499999999999773e+01
-5.830700000000000216e+01
-5.848299999999999699e+01
-5.867199999999999704e+01
-5.854899999999999949e+01
-5.860799999999999699e+01
-5.902700000000000102e+01
-5.827499999999999858e+01
-5.824900000000000233e+01
-5.834300000000000352e+01
-5.860099999999999909e+01
-5.873599999999999710e+01
-5.852499999999999858e+01
-5.845199999999999818e+01
-5.887800000000000011e+01
-5.887199999999999989e+01
-5.851800000000000068e+01
-5.857300000000000040e+01
-5.864500000000000313e+01
-5.850399999999999778e+01
-5.856900000000000261e+01
-5.847099999999999653e+01
-5.849600000000000222e+01
-5.832900000000000063e+01
-5.844599999999999795e+01
-5.831099999999999994e+01
-5.847999999999999687e+01
-5.856600000000000250e+01
-5.857000000000000028e+01
-5.873299999999999699e+01
-5.840599999999999881e+01
-5.876700000000000301e+01
-5.880700000000000216e+01
-5.848599999999999710e+01
-5.821300000000000097e+01
-5.851299999999999812e+01
-5.839699999999999847e+01
-5.875900000000000034e+01
-5.868200000000000216e+01
-5.887800000000000011e+01
-5.864399999999999835e+01
-5.832900000000000063e+01
-5.818399999999999750e+01
-5.829200000000000159e+01
-5.847800000000000153e+01
-5.836099999999999710e+01
-5.854699999999999704e+01
-5.848499999999999943e+01
-5.846500000000000341e+01
-5.848499999999999943e+01
-5.820100000000000051e+01
-5.816700000000000159e+01
-5.814800000000000324e+01
-5.800699999999999790e+01
-5.811200000000000188e+01
-5.819500000000000028e+01
-5.793999999999999773e+01
-5.810399999999999920e+01
-5.835699999999999932e+01
-5.850999999999999801e+01
-5.846200000000000330e+01
-5.828499999999999659e+01
-5.837400000000000233e+01
-5.843500000000000227e+01
-5.844200000000000017e+01
-5.878099999999999881e+01
-5.844500000000000028e+01
-5.830199999999999960e+01
-5.806900000000000261e+01
-5.784100000000000108e+01
-5.792399999999999949e+01
-5.824499999999999744e+01
-5.788600000000000279e+01
-5.764900000000000091e+01
-5.727300000000000324e+01
-5.740899999999999892e+01
-5.725300000000000011e+01
-5.749699999999999989e+01
-5.724600000000000222e+01
-5.727000000000000313e+01
-5.708599999999999852e+01
-5.709400000000000119e+01
-5.708200000000000074e+01
-5.670000000000000284e+01
-5.672699999999999676e+01
-5.661999999999999744e+01
-5.641299999999999670e+01
-5.635000000000000142e+01
-5.623499999999999943e+01
-5.583700000000000330e+01
-5.578799999999999670e+01
-5.430899999999999750e+01
-5.123799999999999955e+01
-4.786599999999999966e+01
-4.980400000000000205e+01
-5.279599999999999937e+01
-5.466899999999999693e+01
-5.592300000000000182e+01
-5.592300000000000182e+01
-5.673899999999999721e+01
-5.728999999999999915e+01
-5.784000000000000341e+01
-5.784000000000000341e+01
-5.773199999999999932e+01
-5.774799999999999756e+01
-5.784499999999999886e+01
-5.773700000000000188e+01
-5.779999999999999716e+01
-5.763199999999999790e+01
-5.769700000000000273e+01
-5.801200000000000045e+01
-5.803399999999999892e+01
-5.808500000000000085e+01
-5.815599999999999881e+01
-5.775000000000000000e+01
-5.814300000000000068e+01
-5.832500000000000284e+01
-5.835900000000000176e+01
-5.822999999999999687e+01
-5.829599999999999937e+01
-5.831499999999999773e+01
-5.840200000000000102e+01
-5.849199999999999733e+01
-5.830199999999999960e+01
-5.823700000000000188e+01
-5.837299999999999756e+01
-5.818999999999999773e+01
-5.833100000000000307e+01
-5.835199999999999676e+01
-5.818399999999999750e+01
-5.828600000000000136e+01
-5.830499999999999972e+01
-5.860900000000000176e+01
-5.821800000000000352e+01
-5.776599999999999824e+01
-5.776599999999999824e+01
-5.791599999999999682e+01
-5.785499999999999687e+01
-5.821800000000000352e+01
-5.832099999999999795e+01
-5.812299999999999756e+01
-5.829399999999999693e+01
-5.848299999999999699e+01
-5.817000000000000171e+01
-5.809000000000000341e+01
-5.805499999999999972e+01
-5.827900000000000347e+01
-5.836899999999999977e+01
-5.818800000000000239e+01
-5.820300000000000296e+01
-5.849300000000000210e+01
-5.869599999999999795e+01
-5.843399999999999750e+01
-5.819400000000000261e+01
-5.758899999999999864e+01
-5.767900000000000205e+01
-5.787800000000000011e+01
-5.753999999999999915e+01
-5.747999999999999687e+01
-5.739600000000000080e+01
-5.671300000000000097e+01
-5.674099999999999966e+01
-5.590200000000000102e+01
-5.433100000000000307e+01
-5.261999999999999744e+01
-5.068299999999999983e+01
-4.909100000000000108e+01
-4.804899999999999949e+01
-5.057699999999999818e+01
-5.215500000000000114e+01
-5.155199999999999960e+01
-5.415500000000000114e+01
-5.531000000000000227e+01
-5.620000000000000284e+01
-5.664000000000000057e+01
-5.728199999999999648e+01
-5.699600000000000222e+01
-5.752799999999999869e+01
-5.794200000000000017e+01
-5.798899999999999721e+01
-5.791599999999999682e+01
-5.806700000000000017e+01
-5.821099999999999852e+01
-5.831600000000000250e+01
-5.847099999999999653e+01
-5.826100000000000279e+01
-5.814999999999999858e+01
-5.791799999999999926e+01
-5.795600000000000307e+01
-5.843999999999999773e+01
-5.848199999999999932e+01
-5.819100000000000250e+01
-5.818399999999999750e+01
-5.851200000000000045e+01
-5.842799999999999727e+01
-5.842799999999999727e+01
-5.817199999999999704e+01
-5.859300000000000352e+01
-5.865800000000000125e+01
-5.884100000000000108e+01
-5.856900000000000261e+01
-5.839000000000000057e+01
-5.831300000000000239e+01
-5.849199999999999733e+01
-5.855100000000000193e+01
-5.851899999999999835e+01
-5.864099999999999824e+01
-5.849799999999999756e+01
-5.850600000000000023e+01
-5.854500000000000171e+01
-5.882699999999999818e+01
-5.852799999999999869e+01
-5.873400000000000176e+01
-5.857300000000000040e+01
-5.876800000000000068e+01
-5.852900000000000347e+01
-5.861399999999999721e+01
-5.840599999999999881e+01
-5.854899999999999949e+01
-5.851299999999999812e+01
-5.883100000000000307e+01
-5.875300000000000011e+01
-5.890500000000000114e+01
-5.845799999999999841e+01
-5.850399999999999778e+01
-5.847200000000000131e+01
-5.836899999999999977e+01
-5.851899999999999835e+01
-5.825099999999999767e+01
-5.724900000000000233e+01
-5.740599999999999881e+01
-5.779200000000000159e+01
-5.801800000000000068e+01
-5.835900000000000176e+01
-5.867900000000000205e+01
-5.866599999999999682e+01
-5.874799999999999756e+01
-5.864500000000000313e+01
-5.839000000000000057e+01
-5.851299999999999812e+01
-5.849099999999999966e+01
-5.836599999999999966e+01
-5.863000000000000256e+01
-5.846200000000000330e+01
-5.814999999999999858e+01
-5.829399999999999693e+01
-5.842399999999999949e+01
-5.852000000000000313e+01
-5.850000000000000000e+01
-5.851400000000000290e+01
-5.793999999999999773e+01
-5.829099999999999682e+01
-5.839200000000000301e+01
-5.864900000000000091e+01
-5.893599999999999994e+01
-5.900900000000000034e+01
-5.883200000000000074e+01
-5.885699999999999932e+01
-5.851500000000000057e+01
-5.852199999999999847e+01
-5.867099999999999937e+01
-5.841100000000000136e+01
-5.841100000000000136e+01
-5.833100000000000307e+01
-5.832099999999999795e+01
-5.843599999999999994e+01
-5.848400000000000176e+01
-5.832999999999999829e+01
-5.836200000000000188e+01
-5.852100000000000080e+01
-5.858899999999999864e+01
-5.893900000000000006e+01
-5.908599999999999852e+01
-5.884899999999999665e+01
-5.840699999999999648e+01
-5.801899999999999835e+01
-5.817300000000000182e+01
-5.803199999999999648e+01
-5.795799999999999841e+01
-5.808800000000000097e+01
-5.742600000000000193e+01
-5.779099999999999682e+01
-5.835399999999999920e+01
-5.866499999999999915e+01
-5.834599999999999653e+01
-5.856600000000000250e+01
-5.856600000000000250e+01
-5.858800000000000097e+01
-5.857500000000000284e+01
-5.847999999999999687e+01
-5.838700000000000045e+01
-5.850999999999999801e+01
-5.871900000000000119e+01
-5.875399999999999778e+01
-5.867399999999999949e+01
-5.881099999999999994e+01
-5.882300000000000040e+01
-5.918299999999999983e+01
-5.874399999999999977e+01
-5.909100000000000108e+01
-5.919700000000000273e+01
-5.900399999999999778e+01
-5.881799999999999784e+01
-5.868999999999999773e+01
-5.846800000000000352e+01
-5.842699999999999960e+01
-5.892199999999999704e+01
-5.881799999999999784e+01
-5.861899999999999977e+01
-5.856700000000000017e+01
-5.865800000000000125e+01
-5.825200000000000244e+01
-5.834300000000000352e+01
-5.867199999999999704e+01
-5.842900000000000205e+01
-5.866499999999999915e+01
-5.857699999999999818e+01
-5.853600000000000136e+01
-5.867900000000000205e+01
-5.873799999999999955e+01
-5.846600000000000108e+01
-5.822999999999999687e+01
-5.847699999999999676e+01
-5.853999999999999915e+01
-5.830799999999999983e+01
-5.828799999999999670e+01
-5.794899999999999807e+01
-5.761399999999999721e+01
-5.768299999999999983e+01
-5.790899999999999892e+01
-5.784899999999999665e+01
-5.847899999999999920e+01
-5.813000000000000256e+01
-5.782000000000000028e+01
-5.792799999999999727e+01
-5.802499999999999858e+01
-5.823799999999999955e+01
-5.828999999999999915e+01
-5.844700000000000273e+01
-5.836699999999999733e+01
-5.878799999999999670e+01
-5.864500000000000313e+01
-5.856799999999999784e+01
-5.837500000000000000e+01
-5.840899999999999892e+01
-5.854299999999999926e+01
-5.821900000000000119e+01
-5.831799999999999784e+01
-5.848299999999999699e+01
-5.852400000000000091e+01
-5.858100000000000307e+01
-5.844500000000000028e+01
-5.832500000000000284e+01
-5.850999999999999801e+01
-5.850999999999999801e+01
-5.864500000000000313e+01
-5.838499999999999801e+01
-5.857900000000000063e+01
-5.879699999999999704e+01
-5.884700000000000131e+01
-5.856900000000000261e+01
-5.810300000000000153e+01
-5.853399999999999892e+01
-5.876500000000000057e+01
-5.852499999999999858e+01
-5.849900000000000233e+01
-5.894100000000000250e+01
-5.826899999999999835e+01
-5.827799999999999869e+01
-5.818099999999999739e+01
-5.834799999999999898e+01
-5.832699999999999818e+01
-5.815599999999999881e+01
-5.850800000000000267e+01
-5.807900000000000063e+01
-5.810999999999999943e+01
-5.791100000000000136e+01
-5.794800000000000040e+01
-5.816199999999999903e+01
-5.811699999999999733e+01
-5.782900000000000063e+01
-5.761099999999999710e+01
-5.800300000000000011e+01
-5.787199999999999989e+01
-5.761500000000000199e+01
-5.769500000000000028e+01
-5.735499999999999687e+01
-5.684400000000000119e+01
-5.647599999999999909e+01
-5.603199999999999648e+01
-5.603199999999999648e+01
-5.510799999999999699e+01
-5.135000000000000142e+01
-4.911699999999999733e+01
-5.042900000000000205e+01
-5.189600000000000080e+01
-5.390999999999999659e+01
-5.527499999999999858e+01
-5.644400000000000261e+01
-5.666100000000000136e+01
-5.697599999999999909e+01
-5.747399999999999665e+01
-5.744700000000000273e+01
-5.744700000000000273e+01
-5.770199999999999818e+01
-5.784899999999999665e+01
-5.814300000000000068e+01
-5.807600000000000051e+01
-5.808400000000000318e+01
-5.801200000000000045e+01
-5.784199999999999875e+01
-5.779599999999999937e+01
-5.863300000000000267e+01
-5.833700000000000330e+01
-5.847800000000000153e+01
-5.852300000000000324e+01
-5.847399999999999665e+01
-5.825500000000000256e+01
-5.847999999999999687e+01
-5.834700000000000131e+01
-5.844599999999999795e+01
-5.859400000000000119e+01
-5.876400000000000290e+01
-5.852600000000000335e+01
-5.845000000000000284e+01
-5.877799999999999869e+01
-5.836399999999999721e+01
-5.837199999999999989e+01
-5.828900000000000148e+01
-5.835699999999999932e+01
-5.879399999999999693e+01
-5.825399999999999778e+01
-5.825399999999999778e+01
-5.807800000000000296e+01
-5.807200000000000273e+01
-5.813400000000000034e+01
-5.802799999999999869e+01
-5.795000000000000284e+01
-5.815400000000000347e+01
-5.815400000000000347e+01
-5.806199999999999761e+01
-5.840200000000000102e+01
-5.824600000000000222e+01
-5.824699999999999989e+01
-5.801500000000000057e+01
-5.799199999999999733e+01
-5.752700000000000102e+01
-5.730499999999999972e+01
-5.735499999999999687e+01
-5.686999999999999744e+01
-5.697999999999999687e+01
-5.705299999999999727e+01
-5.632000000000000028e+01
-5.595199999999999818e+01
-5.552100000000000080e+01
-5.158700000000000330e+01
-4.952499999999999858e+01
-4.952499999999999858e+01
-4.687800000000000011e+01
-4.944299999999999784e+01
-5.074499999999999744e+01
-5.136699999999999733e+01
-5.323499999999999943e+01
-5.538100000000000023e+01
-5.659799999999999898e+01
-5.699199999999999733e+01
-5.718699999999999761e+01
-5.746699999999999875e+01
-5.784599999999999653e+01
-5.786399999999999721e+01
-5.833599999999999852e+01
-5.831900000000000261e+01
-5.809499999999999886e+01
-5.807399999999999807e+01
-5.825300000000000011e+01
-5.780299999999999727e+01
-5.785099999999999909e+01
-5.805499999999999972e+01
-5.802300000000000324e+01
-5.818900000000000006e+01
-5.818699999999999761e+01
-5.858800000000000097e+01
-5.823899999999999721e+01
-5.841400000000000148e+01
-5.840999999999999659e+01
-5.839000000000000057e+01
-5.824699999999999989e+01
-5.860499999999999687e+01
-5.849000000000000199e+01
-5.841599999999999682e+01
-5.881000000000000227e+01
-5.847599999999999909e+01
-5.834599999999999653e+01
-5.850500000000000256e+01
-5.838300000000000267e+01
-5.853000000000000114e+01
-5.851700000000000301e+01
-5.852799999999999869e+01
-5.810699999999999932e+01
-5.839099999999999824e+01
-5.863000000000000256e+01
-5.883200000000000074e+01
-5.905100000000000193e+01
-5.847200000000000131e+01
-5.817600000000000193e+01
-5.847299999999999898e+01
-5.844500000000000028e+01
-5.838199999999999790e+01
-5.820499999999999829e+01
-5.811299999999999955e+01
-5.820300000000000296e+01
-5.833599999999999852e+01
-5.840899999999999892e+01
-5.831499999999999773e+01
-5.822899999999999920e+01
-5.811899999999999977e+01
-5.818900000000000006e+01
-5.820199999999999818e+01
-5.818500000000000227e+01
-5.787800000000000011e+01
-5.834599999999999653e+01
-5.821099999999999852e+01
-5.853900000000000148e+01
-5.853900000000000148e+01
-5.861299999999999955e+01
-5.756000000000000227e+01
-5.728799999999999670e+01
-5.748899999999999721e+01
-5.740599999999999881e+01
-5.701400000000000290e+01
-5.668399999999999750e+01
-5.689800000000000324e+01
-5.776700000000000301e+01
-5.832000000000000028e+01
-5.835900000000000176e+01
-5.857999999999999829e+01
-5.875600000000000023e+01
-5.867799999999999727e+01
-5.850999999999999801e+01
-5.825300000000000011e+01
-5.851700000000000301e+01
-5.868099999999999739e+01
-5.887500000000000000e+01
-5.886500000000000199e+01
-5.886699999999999733e+01
-5.857300000000000040e+01
-5.884599999999999653e+01
-5.877900000000000347e+01
-5.888000000000000256e+01
-5.889999999999999858e+01
-5.889999999999999858e+01
-5.846399999999999864e+01
-5.839300000000000068e+01
-5.838300000000000267e+01
-5.830400000000000205e+01
-5.849900000000000233e+01
-5.857699999999999818e+01
-5.879699999999999704e+01
-5.863499999999999801e+01
-5.848199999999999932e+01
-5.846800000000000352e+01
-5.865100000000000335e+01
-5.814500000000000313e+01
-5.841499999999999915e+01
-5.864300000000000068e+01
-5.878999999999999915e+01
-5.863600000000000279e+01
-5.868599999999999994e+01
-5.830599999999999739e+01
-5.849900000000000233e+01
-5.869400000000000261e+01
-5.880199999999999960e+01
-5.875099999999999767e+01
-5.854599999999999937e+01
-5.871999999999999886e+01
-5.853499999999999659e+01
-5.872399999999999665e+01
-5.853799999999999670e+01
-5.860000000000000142e+01
-5.875000000000000000e+01
-5.855100000000000193e+01
-5.853300000000000125e+01
-5.819800000000000040e+01
-5.865200000000000102e+01
-5.844100000000000250e+01
-5.891899999999999693e+01
-5.861200000000000188e+01
-5.835999999999999943e+01
-5.864800000000000324e+01
-5.840200000000000102e+01
-5.838300000000000267e+01
-5.826899999999999835e+01
-5.846399999999999864e+01
-5.819200000000000017e+01
-5.828999999999999915e+01
-5.826200000000000045e+01
-5.809499999999999886e+01
-5.828999999999999915e+01
-5.843900000000000006e+01
-5.854599999999999937e+01
-5.742499999999999716e+01
-5.752499999999999858e+01
-5.791299999999999670e+01
-5.820300000000000296e+01
-5.839699999999999847e+01
-5.795499999999999829e+01
-5.827799999999999869e+01
-5.832800000000000296e+01
-5.815299999999999869e+01
-5.863799999999999812e+01
-5.873400000000000176e+01
-5.886999999999999744e+01
-5.885600000000000165e+01
-5.855400000000000205e+01
-5.872599999999999909e+01
-5.882800000000000296e+01
-5.885199999999999676e+01
-5.858400000000000318e+01
-5.858400000000000318e+01
-5.844700000000000273e+01
-5.842300000000000182e+01
-5.842600000000000193e+01
-5.858299999999999841e+01
-5.860300000000000153e+01
-5.873799999999999955e+01
-5.866400000000000148e+01
-5.857699999999999818e+01
-5.913900000000000290e+01
-5.924199999999999733e+01
-5.914699999999999847e+01
-5.872200000000000131e+01
-5.869599999999999795e+01
-5.839200000000000301e+01
-5.849699999999999989e+01
-5.844700000000000273e+01
-5.867900000000000205e+01
-5.850600000000000023e+01
-5.872500000000000142e+01
-5.865200000000000102e+01
-5.866299999999999670e+01
-5.867799999999999727e+01
-5.862800000000000011e+01
-5.906799999999999784e+01
-5.882699999999999818e+01
-5.915299999999999869e+01
-5.892699999999999960e+01
-5.872099999999999653e+01
-5.872099999999999653e+01
-5.876400000000000290e+01
-5.854599999999999937e+01
-5.865800000000000125e+01
-5.867399999999999949e+01
-5.877900000000000347e+01
-5.882500000000000284e+01
-5.862800000000000011e+01
-5.853000000000000114e+01
-5.852300000000000324e+01
-5.854500000000000171e+01
-5.899300000000000210e+01
-5.899300000000000210e+01
-5.894599999999999795e+01
-5.843699999999999761e+01
-5.821500000000000341e+01
-5.847699999999999676e+01
-5.830599999999999739e+01
-5.831799999999999784e+01
-5.857399999999999807e+01
-5.811800000000000210e+01
-5.811800000000000210e+01
-5.836800000000000210e+01
-5.812599999999999767e+01
-5.819899999999999807e+01
-5.850999999999999801e+01
-5.852300000000000324e+01
-5.855400000000000205e+01
-5.881000000000000227e+01
-5.853099999999999881e+01
-5.850099999999999767e+01
-5.834199999999999875e+01
-5.827000000000000313e+01
-5.827000000000000313e+01
-5.852400000000000091e+01
-5.834400000000000119e+01
-5.825200000000000244e+01
-5.836899999999999977e+01
-5.827300000000000324e+01
-5.878699999999999903e+01
-5.841700000000000159e+01
-5.848700000000000188e+01
-5.851700000000000301e+01
-5.776500000000000057e+01
-5.799300000000000210e+01
-5.828300000000000125e+01
-5.801500000000000057e+01
-5.821300000000000097e+01
-5.855899999999999750e+01
-5.868900000000000006e+01
-5.835399999999999920e+01
-5.819299999999999784e+01
-5.841400000000000148e+01
-5.859799999999999898e+01
-5.855499999999999972e+01
-5.865400000000000347e+01
-5.861099999999999710e+01
-5.858400000000000318e+01
-5.832300000000000040e+01
-5.827499999999999858e+01
-5.832600000000000051e+01
-5.818099999999999739e+01
-5.768500000000000227e+01
-5.799499999999999744e+01
-5.799199999999999733e+01
-5.774000000000000199e+01
-5.782999999999999829e+01
-5.795300000000000296e+01
-5.796600000000000108e+01
-5.802300000000000324e+01
-5.796600000000000108e+01
-5.783100000000000307e+01
-5.769899999999999807e+01
-5.733500000000000085e+01
-5.733800000000000097e+01
-5.708100000000000307e+01
-5.569200000000000017e+01
-4.993599999999999994e+01
-5.236599999999999966e+01
-5.408200000000000074e+01
-5.558400000000000318e+01
-5.636399999999999721e+01
-5.673700000000000188e+01
-5.747099999999999653e+01
-5.740500000000000114e+01
-5.740999999999999659e+01
-5.779200000000000159e+01
-5.772899999999999920e+01
-5.772899999999999920e+01
-5.764900000000000091e+01
-5.768299999999999983e+01
-5.799199999999999733e+01
-5.829599999999999937e+01
-5.825300000000000011e+01
-5.830599999999999739e+01
-5.814800000000000324e+01
-5.778699999999999903e+01
-5.793099999999999739e+01
-5.809700000000000131e+01
-5.848299999999999699e+01
-5.836500000000000199e+01
-5.857699999999999818e+01
-5.854399999999999693e+01
-5.828499999999999659e+01
-5.829399999999999693e+01
-5.863100000000000023e+01
-5.819100000000000250e+01
-5.845499999999999829e+01
-5.832900000000000063e+01
-5.829299999999999926e+01
-5.802400000000000091e+01
-5.825800000000000267e+01
-5.802199999999999847e+01
-5.816599999999999682e+01
-5.847500000000000142e+01
-5.843200000000000216e+01
-5.791899999999999693e+01
-5.781600000000000250e+01
-5.815100000000000335e+01
-5.824600000000000222e+01
-5.815999999999999659e+01
-5.819400000000000261e+01
-5.842600000000000193e+01
-5.793500000000000227e+01
-5.802700000000000102e+01
-5.784000000000000341e+01
-5.782500000000000284e+01
-5.744400000000000261e+01
-5.745799999999999841e+01
-5.712700000000000244e+01
-5.686299999999999955e+01
-5.627900000000000347e+01
-5.498299999999999699e+01
-5.339600000000000080e+01
-4.911599999999999966e+01
-5.154500000000000171e+01
-5.425800000000000267e+01
-5.562400000000000233e+01
-5.637500000000000000e+01
-5.738900000000000290e+01
-5.756499999999999773e+01
-5.781199999999999761e+01
-5.790299999999999869e+01
-5.784300000000000352e+01
-5.784599999999999653e+01
-5.787700000000000244e+01
-5.782000000000000028e+01
-5.817000000000000171e+01
-5.816599999999999682e+01
-5.794599999999999795e+01
-5.822899999999999920e+01
-5.836599999999999966e+01
-5.839500000000000313e+01
-5.839200000000000301e+01
-5.832000000000000028e+01
-5.842000000000000171e+01
-5.804299999999999926e+01
-5.816299999999999670e+01
-5.809700000000000131e+01
-5.809100000000000108e+01
-5.801500000000000057e+01
-5.846500000000000341e+01
-5.846800000000000352e+01
-5.851299999999999812e+01
-5.839200000000000301e+01
-5.853399999999999892e+01
-5.839500000000000313e+01
-5.892799999999999727e+01
-5.865100000000000335e+01
-5.856600000000000250e+01
-5.834499999999999886e+01
-5.839000000000000057e+01
-5.821000000000000085e+01
-5.856499999999999773e+01
-5.852300000000000324e+01
-5.850500000000000256e+01
-5.847500000000000142e+01
-5.870799999999999841e+01
-5.874900000000000233e+01
-5.895799999999999841e+01
-5.891499999999999915e+01
-5.874099999999999966e+01
-5.890500000000000114e+01
-5.878199999999999648e+01
-5.878199999999999648e+01
-5.848700000000000188e+01
-5.854899999999999949e+01
-5.856900000000000261e+01
-5.858500000000000085e+01
-5.840800000000000125e+01
-5.836399999999999721e+01
-5.859700000000000131e+01
-5.874499999999999744e+01
-5.874499999999999744e+01
-5.845300000000000296e+01
-5.854299999999999926e+01
-5.896900000000000119e+01
-5.820900000000000318e+01
-5.816899999999999693e+01
-5.810600000000000165e+01
-5.764399999999999835e+01
-5.739999999999999858e+01
-5.761899999999999977e+01
-5.838499999999999801e+01
-5.836099999999999710e+01
-5.837100000000000222e+01
-5.895700000000000074e+01
-5.859000000000000341e+01
-5.853799999999999670e+01
-5.878499999999999659e+01
-5.876800000000000068e+01
-5.877199999999999847e+01
-5.833200000000000074e+01
-5.833200000000000074e+01
-5.838100000000000023e+01
-5.843299999999999983e+01
-5.826100000000000279e+01
-5.847999999999999687e+01
-5.923599999999999710e+01
-5.913900000000000290e+01
-5.888000000000000256e+01
-5.889099999999999824e+01
-5.889099999999999824e+01
-5.897500000000000142e+01
-5.853999999999999915e+01
-5.864600000000000080e+01
-5.861899999999999977e+01
-5.887400000000000233e+01
-5.882999999999999829e+01
-5.879299999999999926e+01
-5.881799999999999784e+01
-5.890699999999999648e+01
-5.884700000000000131e+01
-5.886899999999999977e+01
-5.888900000000000290e+01
-5.876899999999999835e+01
-5.857800000000000296e+01
-5.832699999999999818e+01
-5.823499999999999943e+01
-5.859599999999999653e+01
-5.860199999999999676e+01
-5.879699999999999704e+01
-5.865100000000000335e+01
-5.854699999999999704e+01
-5.878699999999999903e+01
-5.848299999999999699e+01
-5.844899999999999807e+01
-5.817499999999999716e+01
-5.832399999999999807e+01
-5.856300000000000239e+01
-5.853999999999999915e+01
-5.849900000000000233e+01
-5.887500000000000000e+01
-5.825200000000000244e+01
-5.840800000000000125e+01
-5.853799999999999670e+01
-5.833200000000000074e+01
-5.783700000000000330e+01
-5.774699999999999989e+01
-5.762599999999999767e+01
-5.815999999999999659e+01
-5.843900000000000006e+01
-5.860999999999999943e+01
-5.860999999999999943e+01
-5.880899999999999750e+01
-5.887400000000000233e+01
-5.890899999999999892e+01
-5.899900000000000233e+01
-5.840699999999999648e+01
-5.807900000000000063e+01
-5.857200000000000273e+01
-5.857200000000000273e+01
-5.860099999999999909e+01
-5.925000000000000000e+01
-5.900399999999999778e+01
-5.910999999999999943e+01
-5.905400000000000205e+01
-5.925000000000000000e+01
-5.922599999999999909e+01
-5.855799999999999983e+01
-5.884199999999999875e+01
-5.864200000000000301e+01
-5.887899999999999778e+01
-5.893699999999999761e+01
-5.894400000000000261e+01
-5.900399999999999778e+01
-5.908200000000000074e+01
-5.901100000000000279e+01
-5.863700000000000045e+01
-5.865200000000000102e+01
-5.857000000000000028e+01
-5.860399999999999920e+01
-5.845400000000000063e+01
-5.854699999999999704e+01
-5.810300000000000153e+01
-5.837400000000000233e+01
-5.828999999999999915e+01
-5.822099999999999653e+01
-5.851700000000000301e+01
-5.885399999999999920e+01
-5.857399999999999807e+01
-5.871399999999999864e+01
-5.896900000000000119e+01
-5.862599999999999767e+01
-5.837599999999999767e+01
-5.852700000000000102e+01
-5.834899999999999665e+01
-5.845900000000000318e+01
-5.845499999999999829e+01
-5.855599999999999739e+01
-5.835199999999999676e+01
-5.840100000000000335e+01
-5.817600000000000193e+01
-5.851400000000000290e+01
-5.823499999999999943e+01
-5.848400000000000176e+01
-5.840800000000000125e+01
-5.828600000000000136e+01
-5.869100000000000250e+01
-5.836500000000000199e+01
-5.832200000000000273e+01
-5.817799999999999727e+01
-5.847200000000000131e+01
-5.869200000000000017e+01
-5.911500000000000199e+01
-5.908800000000000097e+01
-5.874199999999999733e+01
-5.845100000000000051e+01
-5.812199999999999989e+01
-5.801100000000000279e+01
-5.823400000000000176e+01
-5.823599999999999710e+01
-5.879099999999999682e+01
-5.855499999999999972e+01
-5.873299999999999699e+01
-5.838199999999999790e+01
-5.810799999999999699e+01
-5.857600000000000051e+01
-5.890999999999999659e+01
-5.839200000000000301e+01
-5.842300000000000182e+01
-5.842300000000000182e+01
-5.843299999999999983e+01
-5.826599999999999824e+01
-5.805199999999999960e+01
-5.835799999999999699e+01
-5.818299999999999983e+01
-5.789399999999999835e+01
-5.800999999999999801e+01
-5.827900000000000347e+01
-5.832800000000000296e+01
-5.809300000000000352e+01
-5.800900000000000034e+01
-5.775300000000000011e+01
-5.733899999999999864e+01
-5.751800000000000068e+01
-5.708800000000000097e+01
-5.714000000000000057e+01
-5.690599999999999881e+01
-5.655100000000000193e+01
-5.655100000000000193e+01
-5.626800000000000068e+01
-5.238400000000000034e+01
-5.220600000000000307e+01
-5.220600000000000307e+01
-5.387299999999999756e+01
-5.549399999999999977e+01
-5.649499999999999744e+01
-5.714600000000000080e+01
-5.718800000000000239e+01
-5.807000000000000028e+01
-5.786099999999999710e+01
-5.804599999999999937e+01
-5.804599999999999937e+01
-5.826400000000000290e+01
-5.823400000000000176e+01
-5.818999999999999773e+01
-5.835000000000000142e+01
-5.864300000000000068e+01
-5.890800000000000125e+01
-5.849799999999999756e+01
-5.859899999999999665e+01
-5.847899999999999920e+01
-5.860300000000000153e+01
-5.829399999999999693e+01
-5.832800000000000296e+01
-5.835300000000000153e+01
-5.842000000000000171e+01
-5.838499999999999801e+01
-5.837800000000000011e+01
-5.819800000000000040e+01
-5.832399999999999807e+01
-5.853099999999999881e+01
-5.853099999999999881e+01
-5.837599999999999767e+01
-5.828399999999999892e+01
-5.812299999999999756e+01
-5.774600000000000222e+01
-5.773599999999999710e+01
-5.773599999999999710e+01
-5.758700000000000330e+01
-5.733899999999999864e+01
-5.745100000000000051e+01
-5.521800000000000352e+01
-5.630599999999999739e+01
-5.590299999999999869e+01
-5.590299999999999869e+01
-5.671900000000000119e+01
-5.675500000000000256e+01
-5.646099999999999852e+01
-5.470100000000000051e+01
-4.966100000000000136e+01
-4.915299999999999869e+01
-5.262800000000000011e+01
-5.491400000000000148e+01
-5.568299999999999983e+01
-5.648899999999999721e+01
-5.675099999999999767e+01
-5.724099999999999966e+01
-5.761399999999999721e+01
-5.792999999999999972e+01
-5.760199999999999676e+01
-5.760199999999999676e+01
-5.787899999999999778e+01
-5.836800000000000210e+01
-5.797899999999999920e+01
-5.797899999999999920e+01
-5.826700000000000301e+01
-5.782500000000000284e+01
-5.809799999999999898e+01
-5.766400000000000148e+01
-5.773199999999999932e+01
-5.780499999999999972e+01
-5.825800000000000267e+01
-5.833700000000000330e+01
-5.819800000000000040e+01
-5.836699999999999733e+01
-5.831499999999999773e+01
-5.842999999999999972e+01
-5.832999999999999829e+01
-5.810900000000000176e+01
-5.838499999999999801e+01
-5.828199999999999648e+01
-5.838000000000000256e+01
-5.855700000000000216e+01
-5.836699999999999733e+01
-5.831799999999999784e+01
-5.831199999999999761e+01
-5.829999999999999716e+01
-5.875399999999999778e+01
-5.857999999999999829e+01
-5.889600000000000080e+01
-5.861899999999999977e+01
-5.861899999999999977e+01
-5.868500000000000227e+01
-5.850399999999999778e+01
-5.846999999999999886e+01
-5.820700000000000074e+01
-5.830400000000000205e+01
-5.822999999999999687e+01
-5.825099999999999767e+01
-5.846300000000000097e+01
-5.841400000000000148e+01
-5.847299999999999898e+01
-5.863400000000000034e+01
-5.860000000000000142e+01
-5.874000000000000199e+01
-5.844100000000000250e+01
-5.773499999999999943e+01
-5.759100000000000108e+01
-5.749900000000000233e+01
-5.782399999999999807e+01
-5.794800000000000040e+01
-5.803600000000000136e+01
-5.815899999999999892e+01
-5.804500000000000171e+01
-5.809799999999999898e+01
-5.830499999999999972e+01
-5.848100000000000165e+01
-5.871200000000000330e+01
-5.874099999999999966e+01
-5.902000000000000313e+01
-5.886599999999999966e+01
-5.895799999999999841e+01
-5.901400000000000290e+01
-5.887700000000000244e+01
-5.871200000000000330e+01
-5.854200000000000159e+01
-5.859499999999999886e+01
-5.878699999999999903e+01
-5.877600000000000335e+01
-5.866100000000000136e+01
-5.885300000000000153e+01
-5.875099999999999767e+01
-5.874699999999999989e+01
-5.877000000000000313e+01
-5.860499999999999687e+01
-5.864200000000000301e+01
-5.906900000000000261e+01
-5.896999999999999886e+01
-5.859599999999999653e+01
-5.842099999999999937e+01
-5.849699999999999989e+01
-5.865999999999999659e+01
-5.837899999999999778e+01
-5.903199999999999648e+01
-5.903199999999999648e+01
-5.876899999999999835e+01
-5.883500000000000085e+01
-5.875800000000000267e+01
-5.898599999999999710e+01
-5.898599999999999710e+01
-5.886999999999999744e+01
-5.889600000000000080e+01
-5.864999999999999858e+01
-5.843699999999999761e+01
-5.833599999999999852e+01
-5.856700000000000017e+01
-5.856700000000000017e+01
-5.859499999999999886e+01
-5.854399999999999693e+01
-5.872500000000000142e+01
-5.876400000000000290e+01
-5.830499999999999972e+01
-5.793200000000000216e+01
-5.841100000000000136e+01
-5.850600000000000023e+01
-5.833599999999999852e+01
-5.843800000000000239e+01
-5.847599999999999909e+01
-5.853999999999999915e+01
-5.896699999999999875e+01
-5.887199999999999989e+01
-5.880599999999999739e+01
-5.853099999999999881e+01
-5.853099999999999881e+01
-5.862800000000000011e+01
-5.882900000000000063e+01
-5.872500000000000142e+01
-5.858599999999999852e+01
-5.883700000000000330e+01
-5.871300000000000097e+01
-5.869299999999999784e+01
-5.845400000000000063e+01
-5.866499999999999915e+01
-5.908100000000000307e+01
-5.906499999999999773e+01
-5.888700000000000045e+01
-5.864900000000000091e+01
-5.867699999999999960e+01
-5.894899999999999807e+01
-5.846099999999999852e+01
-5.860300000000000153e+01
-5.868299999999999983e+01
-5.879800000000000182e+01
-5.854699999999999704e+01
-5.848100000000000165e+01
-5.847699999999999676e+01
-5.829800000000000182e+01
-5.829800000000000182e+01
-5.843999999999999773e+01
-5.853600000000000136e+01
-5.855499999999999972e+01
-5.808100000000000307e+01
-5.787500000000000000e+01
-5.780799999999999983e+01
-5.810900000000000176e+01
-5.831600000000000250e+01
-5.852600000000000335e+01
-5.872500000000000142e+01
-5.817900000000000205e+01
-5.829999999999999716e+01
-5.822099999999999653e+01
-5.838700000000000045e+01
-5.832399999999999807e+01
-5.852100000000000080e+01
-5.840100000000000335e+01
-5.849300000000000210e+01
-5.866799999999999926e+01
-5.845000000000000284e+01
-5.871999999999999886e+01
-5.829699999999999704e+01
-5.840400000000000347e+01
-5.878900000000000148e+01
-5.889900000000000091e+01
-5.870700000000000074e+01
-5.869800000000000040e+01
-5.875999999999999801e+01
-5.889500000000000313e+01
-5.853300000000000125e+01
-5.840400000000000347e+01
-5.847699999999999676e+01
-5.897500000000000142e+01
-5.854399999999999693e+01
-5.853399999999999892e+01
-5.852199999999999847e+01
-5.855199999999999960e+01
-5.848700000000000188e+01
-5.847500000000000142e+01
-5.847500000000000142e+01
-5.858500000000000085e+01
-5.857999999999999829e+01
-5.835099999999999909e+01
-5.841700000000000159e+01
-5.854299999999999926e+01
-5.836800000000000210e+01
-5.822099999999999653e+01
-5.816199999999999903e+01
-5.821200000000000330e+01
-5.843800000000000239e+01
-5.843800000000000239e+01
-5.832999999999999829e+01
-5.876800000000000068e+01
-5.857500000000000284e+01
-5.848899999999999721e+01
-5.848400000000000176e+01
-5.845799999999999841e+01
-5.838799999999999812e+01
-5.850999999999999801e+01
-5.835300000000000153e+01
-5.831099999999999994e+01
-5.831099999999999994e+01
-5.832600000000000051e+01
-5.780799999999999983e+01
-5.814099999999999824e+01
-5.789300000000000068e+01
-5.797200000000000131e+01
-5.792999999999999972e+01
-5.822200000000000131e+01
-5.833400000000000318e+01
-5.827799999999999869e+01
-5.827799999999999869e+01
-5.826599999999999824e+01
-5.839800000000000324e+01
-5.844100000000000250e+01
-5.840800000000000125e+01
-5.832999999999999829e+01
-5.888000000000000256e+01
-5.844299999999999784e+01
-5.834199999999999875e+01
-5.841199999999999903e+01
-5.832600000000000051e+01
-5.800600000000000023e+01
-5.857600000000000051e+01
-5.875000000000000000e+01
-5.830199999999999960e+01
-5.814200000000000301e+01
-5.821399999999999864e+01
-5.810999999999999943e+01
-5.859100000000000108e+01
-5.837400000000000233e+01
-5.812299999999999756e+01
-5.796300000000000097e+01
-5.764300000000000068e+01
-5.751200000000000045e+01
-5.757999999999999829e+01
-5.760000000000000142e+01
-5.776899999999999835e+01
-5.776899999999999835e+01
-5.748599999999999710e+01
-5.633800000000000097e+01
-5.505299999999999727e+01
-5.510600000000000165e+01
-5.467699999999999960e+01
-5.050600000000000023e+01
-4.790800000000000125e+01
-5.049600000000000222e+01
-5.335799999999999699e+01
-5.508400000000000318e+01
-5.565500000000000114e+01
-5.615800000000000125e+01
-5.660900000000000176e+01
-5.702799999999999869e+01
-5.694800000000000040e+01
-5.694800000000000040e+01
-5.757900000000000063e+01
-5.771900000000000119e+01
-5.769500000000000028e+01
-5.769500000000000028e+01
-5.779800000000000182e+01
-5.778000000000000114e+01
-5.765100000000000335e+01
-5.820700000000000074e+01
-5.794700000000000273e+01
-5.821699999999999875e+01
-5.775999999999999801e+01
-5.826599999999999824e+01
-5.803699999999999903e+01
-5.817399999999999949e+01
-5.807600000000000051e+01
-5.822599999999999909e+01
-5.818599999999999994e+01
-5.818399999999999750e+01
-5.834400000000000119e+01
-5.857600000000000051e+01
-5.829500000000000171e+01
-5.769899999999999807e+01
-5.809000000000000341e+01
-5.807900000000000063e+01
-5.850399999999999778e+01
-5.835499999999999687e+01
-5.871800000000000352e+01
-5.838600000000000279e+01
-5.830100000000000193e+01
-5.839399999999999835e+01
-5.847200000000000131e+01
-5.832900000000000063e+01
-5.867300000000000182e+01
-5.825999999999999801e+01
-5.836599999999999966e+01
-5.819299999999999784e+01
-5.850699999999999790e+01
-5.828499999999999659e+01
-5.785000000000000142e+01
-5.773499999999999943e+01
-5.818999999999999773e+01
-5.818900000000000006e+01
-5.807000000000000028e+01
-5.779099999999999682e+01
-5.779099999999999682e+01
-5.788199999999999790e+01
-5.769100000000000250e+01
-5.789900000000000091e+01
-5.789900000000000091e+01
-5.802799999999999869e+01
-5.755599999999999739e+01
-5.780899999999999750e+01
-5.780899999999999750e+01
-5.745700000000000074e+01
-5.710000000000000142e+01
-5.690899999999999892e+01
-5.677499999999999858e+01
-5.662899999999999778e+01
-5.657699999999999818e+01
-5.642499999999999716e+01
-5.626899999999999835e+01
-5.621399999999999864e+01
-5.632399999999999807e+01
-5.604099999999999682e+01
-5.580899999999999750e+01
-5.362899999999999778e+01
-4.969500000000000028e+01
-5.014999999999999858e+01
-5.266299999999999670e+01
-5.307800000000000296e+01
-5.296900000000000119e+01
-5.436899999999999977e+01
-5.492799999999999727e+01
-5.606099999999999994e+01
-5.666599999999999682e+01
-5.690599999999999881e+01
-5.703099999999999881e+01
-5.729800000000000182e+01
-5.777600000000000335e+01
-5.760600000000000165e+01
-5.772800000000000153e+01
-5.762400000000000233e+01
-5.789300000000000068e+01
-5.789200000000000301e+01
-5.795700000000000074e+01
-5.793599999999999994e+01
-5.811699999999999733e+01
-5.797599999999999909e+01
-5.766499999999999915e+01
-5.767300000000000182e+01
-5.761299999999999955e+01
-5.775099999999999767e+01
-5.783899999999999864e+01
-5.791899999999999693e+01
-5.802000000000000313e+01
-5.838400000000000034e+01
-5.861099999999999710e+01
-5.846900000000000119e+01
-5.865599999999999881e+01
-5.858500000000000085e+01
-5.838100000000000023e+01
-5.840899999999999892e+01
-5.842399999999999949e+01
-5.842399999999999949e+01
-5.826899999999999835e+01
-5.810699999999999932e+01
-5.815500000000000114e+01
-5.814699999999999847e+01
-5.814800000000000324e+01
-5.820799999999999841e+01
-5.835900000000000176e+01
-5.832800000000000296e+01
-5.837199999999999989e+01
-5.856000000000000227e+01
-5.844100000000000250e+01
-5.843699999999999761e+01
-5.884700000000000131e+01
-5.831199999999999761e+01
-5.843399999999999750e+01
-5.870799999999999841e+01
-5.870199999999999818e+01
-5.875000000000000000e+01
-5.871699999999999875e+01
-5.867600000000000193e+01
-5.885399999999999920e+01
-5.860799999999999699e+01
-5.859499999999999886e+01
-5.874600000000000222e+01
-5.840299999999999869e+01
-5.834499999999999886e+01
-5.827700000000000102e+01
-5.837400000000000233e+01
-5.856400000000000006e+01
-5.835499999999999687e+01
-5.843800000000000239e+01
-5.834199999999999875e+01
-5.834199999999999875e+01
-5.867999999999999972e+01
-5.857900000000000063e+01
-5.844200000000000017e+01
-5.844200000000000017e+01
-5.848599999999999710e+01
-5.860199999999999676e+01
-5.842300000000000182e+01
-5.861800000000000210e+01
-5.845700000000000074e+01
-5.800600000000000023e+01
-5.838000000000000256e+01
-5.826200000000000045e+01
-5.849300000000000210e+01
-5.810099999999999909e+01
-5.852700000000000102e+01
-5.790200000000000102e+01
-5.822099999999999653e+01
-5.825399999999999778e+01
-5.810799999999999699e+01
-5.847399999999999665e+01
-5.832200000000000273e+01
-5.849900000000000233e+01
-5.874399999999999977e+01
-5.902700000000000102e+01
-5.865100000000000335e+01
-5.878799999999999670e+01
-5.905799999999999983e+01
-5.871300000000000097e+01
-5.848400000000000176e+01
-5.888600000000000279e+01
-5.870900000000000318e+01
-5.864399999999999835e+01
-5.852400000000000091e+01
-5.840200000000000102e+01
-5.860499999999999687e+01
-5.898700000000000188e+01
-5.889500000000000313e+01
-5.885699999999999932e+01
-5.860900000000000176e+01
-5.888900000000000290e+01
-5.856700000000000017e+01
-5.842600000000000193e+01
-5.851899999999999835e+01
-5.833200000000000074e+01
-5.820400000000000063e+01
-5.829399999999999693e+01
-5.836299999999999955e+01
-5.849199999999999733e+01
-5.856900000000000261e+01
-5.865100000000000335e+01
-5.855899999999999750e+01
-5.846699999999999875e+01
-5.878300000000000125e+01
-5.860399999999999920e+01
-5.884400000000000119e+01
-5.877799999999999869e+01
-5.855599999999999739e+01
-5.869700000000000273e+01
-5.844500000000000028e+01
-5.884199999999999875e+01
-5.870000000000000284e+01
-5.869200000000000017e+01
-5.870000000000000284e+01
-5.884000000000000341e+01
-5.865200000000000102e+01
-5.865200000000000102e+01
-5.843699999999999761e+01
-5.839999999999999858e+01
-5.846900000000000119e+01
-5.797999999999999687e+01
-5.784799999999999898e+01
-5.810199999999999676e+01
-5.831900000000000261e+01
-5.843500000000000227e+01
-5.839999999999999858e+01
-5.835399999999999920e+01
-5.833299999999999841e+01
-5.861699999999999733e+01
-5.851200000000000045e+01
-5.845000000000000284e+01
-5.831499999999999773e+01
-5.830299999999999727e+01
-5.865100000000000335e+01
-5.901400000000000290e+01
-5.874099999999999966e+01
-5.877300000000000324e+01
-5.900900000000000034e+01
-5.834599999999999653e+01
-5.857699999999999818e+01
-5.872399999999999665e+01
-5.839300000000000068e+01
-5.895799999999999841e+01
-5.862500000000000000e+01
-5.870700000000000074e+01
-5.826500000000000057e+01
-5.809899999999999665e+01
-5.841700000000000159e+01
-5.886800000000000210e+01
-5.867399999999999949e+01
-5.863199999999999790e+01
-5.862400000000000233e+01
-5.839399999999999835e+01
-5.871600000000000108e+01
-5.844599999999999795e+01
-5.826599999999999824e+01
-5.807500000000000284e+01
-5.818299999999999983e+01
-5.798299999999999699e+01
-5.799300000000000210e+01
-5.809000000000000341e+01
-5.808400000000000318e+01
-5.802000000000000313e+01
-5.832800000000000296e+01
-5.840400000000000347e+01
-5.864399999999999835e+01
-5.813199999999999790e+01
-5.822599999999999909e+01
-5.806799999999999784e+01
-5.826599999999999824e+01
-5.826599999999999824e+01
-5.802300000000000324e+01
-5.799699999999999989e+01
-5.825300000000000011e+01
-5.828499999999999659e+01
-5.846800000000000352e+01
-5.813000000000000256e+01
-5.813000000000000256e+01
-5.816899999999999693e+01
-5.830400000000000205e+01
-5.828300000000000125e+01
-5.878999999999999915e+01
-5.857800000000000296e+01
-5.870499999999999829e+01
-5.872599999999999909e+01
-5.819899999999999807e+01
-5.780499999999999972e+01
-5.791799999999999926e+01
-5.789800000000000324e+01
-5.822099999999999653e+01
-5.848199999999999932e+01
-5.835099999999999909e+01
-5.801100000000000279e+01
-5.842099999999999937e+01
-5.839500000000000313e+01
-5.831199999999999761e+01
-5.800000000000000000e+01
-5.788199999999999790e+01
-5.802499999999999858e+01
-5.795199999999999818e+01
-5.788300000000000267e+01
-5.766499999999999915e+01
-5.761500000000000199e+01
-5.761500000000000199e+01
-5.743500000000000227e+01
-5.721399999999999864e+01
-5.696999999999999886e+01
-5.696999999999999886e+01
-5.645799999999999841e+01
-5.178399999999999892e+01
-4.863600000000000279e+01
-4.845199999999999818e+01
-4.971000000000000085e+01
-5.239800000000000324e+01
-5.443399999999999750e+01
-5.567600000000000193e+01
-5.642300000000000182e+01
-5.664500000000000313e+01
-5.706499999999999773e+01
-5.707699999999999818e+01
-5.739900000000000091e+01
-5.764600000000000080e+01
-5.748400000000000176e+01
-5.760099999999999909e+01
-5.752100000000000080e+01
-5.785399999999999920e+01
-5.749600000000000222e+01
-5.779800000000000182e+01
-5.759899999999999665e+01
-5.782099999999999795e+01
-5.827300000000000324e+01
-5.811699999999999733e+01
-5.747299999999999898e+01
-5.786500000000000199e+01
-5.766400000000000148e+01
-5.780100000000000193e+01
-5.764500000000000313e+01
-5.789800000000000324e+01
-5.785399999999999920e+01
-5.809899999999999665e+01
-5.846500000000000341e+01
-5.846999999999999886e+01
-5.861800000000000210e+01
-5.875900000000000034e+01
-5.836899999999999977e+01
-5.845700000000000074e+01
-5.771900000000000119e+01
-5.789500000000000313e+01
-5.795000000000000284e+01
-5.784899999999999665e+01
-5.757000000000000028e+01
-5.776100000000000279e+01
-5.794299999999999784e+01
-5.760900000000000176e+01
-5.750399999999999778e+01
-5.728499999999999659e+01
-5.732300000000000040e+01
-5.684300000000000352e+01
-5.647599999999999909e+01
-5.589399999999999835e+01
-5.352199999999999847e+01
-5.088000000000000256e+01
-5.348599999999999710e+01
-5.483500000000000085e+01
-5.593800000000000239e+01
-5.678300000000000125e+01
-5.707200000000000273e+01
-5.740999999999999659e+01
-5.735000000000000142e+01
-5.738799999999999812e+01
-5.753799999999999670e+01
-5.787599999999999767e+01
-5.754299999999999926e+01
-5.755400000000000205e+01
-5.785000000000000142e+01
-5.785000000000000142e+01
-5.829299999999999926e+01
-5.828600000000000136e+01
-5.838799999999999812e+01
-5.816599999999999682e+01
-5.842000000000000171e+01
-5.857699999999999818e+01
-5.814900000000000091e+01
-5.853000000000000114e+01
-5.840800000000000125e+01
-5.808400000000000318e+01
-5.816400000000000148e+01
-5.817999999999999972e+01
-5.808500000000000085e+01
-5.810399999999999920e+01
-5.815800000000000125e+01
-5.792799999999999727e+01
-5.799799999999999756e+01
-5.783800000000000097e+01
-5.776700000000000301e+01
-5.777400000000000091e+01
-5.808299999999999841e+01
-5.823299999999999699e+01
-5.823299999999999699e+01
-5.836800000000000210e+01
-5.850600000000000023e+01
-5.816799999999999926e+01
-5.861500000000000199e+01
-5.859100000000000108e+01
-5.842000000000000171e+01
-5.822800000000000153e+01
-5.834300000000000352e+01
-5.825600000000000023e+01
-5.835399999999999920e+01
-5.836800000000000210e+01
-5.833899999999999864e+01
-5.846000000000000085e+01
-5.853600000000000136e+01
-5.826200000000000045e+01
-5.803399999999999892e+01
-5.837500000000000000e+01
-5.818299999999999983e+01
-5.814900000000000091e+01
-5.815200000000000102e+01
-5.818500000000000227e+01
-5.847099999999999653e+01
-5.861599999999999966e+01
-5.843900000000000006e+01
-5.815200000000000102e+01
-5.769500000000000028e+01
-5.771200000000000330e+01
-5.763199999999999790e+01
-5.761099999999999710e+01
-5.795000000000000284e+01
-5.797599999999999909e+01
-5.846999999999999886e+01
-5.845100000000000051e+01
-5.847599999999999909e+01
-5.812500000000000000e+01
-5.839500000000000313e+01
-5.839500000000000313e+01
-5.878099999999999881e+01
-5.883500000000000085e+01
-5.855700000000000216e+01
-5.855899999999999750e+01
-5.866400000000000148e+01
-5.844700000000000273e+01
-5.832000000000000028e+01
-5.850099999999999767e+01
-5.891499999999999915e+01
-5.830700000000000216e+01
-5.871500000000000341e+01
-5.882399999999999807e+01
-5.874099999999999966e+01
-5.868299999999999983e+01
-5.860399999999999920e+01
-5.844100000000000250e+01
-5.871900000000000119e+01
-5.839300000000000068e+01
-5.832600000000000051e+01
-5.814600000000000080e+01
-5.822399999999999665e+01
-5.824799999999999756e+01
-5.801500000000000057e+01
-5.822899999999999920e+01
-5.849799999999999756e+01
-5.864600000000000080e+01
-5.888100000000000023e+01
-5.888100000000000023e+01
-5.898499999999999943e+01
-5.865699999999999648e+01
-5.857200000000000273e+01
-5.839200000000000301e+01
-5.853900000000000148e+01
-5.853900000000000148e+01
-5.849300000000000210e+01
-5.867199999999999704e+01
-5.846399999999999864e+01
-5.850000000000000000e+01
-5.872999999999999687e+01
-5.852400000000000091e+01
-5.859199999999999875e+01
-5.859199999999999875e+01
-5.813300000000000267e+01
-5.840899999999999892e+01
-5.840899999999999892e+01
-5.850000000000000000e+01
-5.807099999999999795e+01
-5.834199999999999875e+01
-5.845100000000000051e+01
-5.847299999999999898e+01
-5.851500000000000057e+01
-5.857000000000000028e+01
-5.846900000000000119e+01
-5.866499999999999915e+01
-5.872999999999999687e+01
-5.867999999999999972e+01
-5.843500000000000227e+01
-5.870900000000000318e+01
-5.848599999999999710e+01
-5.839699999999999847e+01
-5.856799999999999784e+01
-5.859799999999999898e+01
-5.811099999999999710e+01
-5.794899999999999807e+01
-5.794899999999999807e+01
-5.868900000000000006e+01
-5.834599999999999653e+01
-5.839600000000000080e+01
-5.848100000000000165e+01
-5.854999999999999716e+01
-5.851800000000000068e+01
-5.838400000000000034e+01
-5.863799999999999812e+01
-5.858100000000000307e+01
-5.826599999999999824e+01
-5.851500000000000057e+01
-5.793999999999999773e+01
-5.774099999999999966e+01
-5.801899999999999835e+01
-5.804399999999999693e+01
-5.842699999999999960e+01
-5.850900000000000034e+01
-5.834400000000000119e+01
-5.831300000000000239e+01
-5.802700000000000102e+01
-5.818500000000000227e+01
-5.827499999999999858e+01
-5.866700000000000159e+01
-5.832200000000000273e+01
-5.858500000000000085e+01
-5.836599999999999966e+01
-5.817300000000000182e+01
-5.850800000000000267e+01
-5.815699999999999648e+01
-5.792099999999999937e+01
-5.849199999999999733e+01
-5.807000000000000028e+01
-5.789600000000000080e+01
-5.798799999999999955e+01
-5.804800000000000182e+01
-5.769500000000000028e+01
-5.746099999999999852e+01
-5.765100000000000335e+01
-5.817000000000000171e+01
-5.793999999999999773e+01
-5.804899999999999949e+01
-5.801800000000000068e+01
-5.831600000000000250e+01
-5.831700000000000017e+01
-5.837899999999999778e+01
-5.836299999999999955e+01
-5.793399999999999750e+01
-5.807399999999999807e+01
-5.804200000000000159e+01
-5.811399999999999721e+01
-5.814300000000000068e+01
-5.833400000000000318e+01
-5.851299999999999812e+01
-5.846000000000000085e+01
-5.841599999999999682e+01
-5.852100000000000080e+01
-5.852700000000000102e+01
-5.814900000000000091e+01
-5.782200000000000273e+01
-5.782999999999999829e+01
-5.816499999999999915e+01
-5.818500000000000227e+01
-5.817999999999999972e+01
-5.811299999999999955e+01
-5.818999999999999773e+01
-5.804999999999999716e+01
-5.808299999999999841e+01
-5.809000000000000341e+01
-5.860199999999999676e+01
-5.808100000000000307e+01
-5.793599999999999994e+01
-5.845400000000000063e+01
-5.830599999999999739e+01
-5.827300000000000324e+01
-5.831700000000000017e+01
-5.820700000000000074e+01
-5.781099999999999994e+01
-5.748899999999999721e+01
-5.767199999999999704e+01
-5.816899999999999693e+01
-5.831499999999999773e+01
-5.854399999999999693e+01
-5.848100000000000165e+01
-5.846099999999999852e+01
-5.810099999999999909e+01
-5.819100000000000250e+01
-5.803799999999999670e+01
-5.770799999999999841e+01
-5.728099999999999881e+01
-5.709700000000000131e+01
-5.715400000000000347e+01
-5.682000000000000028e+01
-5.665999999999999659e+01
-5.571099999999999852e+01
-5.231700000000000017e+01
-4.971500000000000341e+01
-5.220400000000000063e+01
-5.416899999999999693e+01
-5.573199999999999932e+01
-5.660300000000000153e+01
-5.711200000000000188e+01
-5.747099999999999653e+01
-5.759300000000000352e+01
-5.734100000000000108e+01
-5.758100000000000307e+01
-5.757800000000000296e+01
-5.761699999999999733e+01
-5.791199999999999903e+01
-5.787199999999999989e+01
-5.822399999999999665e+01
-5.824300000000000210e+01
-5.816199999999999903e+01
-5.814500000000000313e+01
-5.829399999999999693e+01
-5.820700000000000074e+01
-5.777900000000000347e+01
-5.844500000000000028e+01
-5.801299999999999812e+01
-5.804699999999999704e+01
-5.813400000000000034e+01
-5.818200000000000216e+01
-5.848499999999999943e+01
-5.857399999999999807e+01
-5.819200000000000017e+01
-5.842000000000000171e+01
-5.833200000000000074e+01
-5.847299999999999898e+01
-5.831000000000000227e+01
-5.792099999999999937e+01
-5.764800000000000324e+01
-5.780199999999999960e+01
-5.855100000000000193e+01
-5.855100000000000193e+01
-5.854999999999999716e+01
-5.828000000000000114e+01
-5.819200000000000017e+01
-5.794500000000000028e+01
-5.788000000000000256e+01
-5.799799999999999756e+01
-5.818500000000000227e+01
-5.832099999999999795e+01
-5.808800000000000097e+01
-5.784000000000000341e+01
-5.777600000000000335e+01
-5.752400000000000091e+01
-5.751599999999999824e+01
-5.799900000000000233e+01
-5.807500000000000284e+01
-5.804699999999999704e+01
-5.814500000000000313e+01
-5.794800000000000040e+01
-5.719299999999999784e+01
-5.665400000000000347e+01
-5.484499999999999886e+01
-5.180499999999999972e+01
-5.004299999999999926e+01
-5.085799999999999699e+01
-5.356099999999999994e+01
-5.521999999999999886e+01
-5.636299999999999955e+01
-5.715200000000000102e+01
-5.763799999999999812e+01
-5.778000000000000114e+01
-5.776599999999999824e+01
-5.767099999999999937e+01
-5.763100000000000023e+01
-5.787199999999999989e+01
-5.787800000000000011e+01
-5.844200000000000017e+01
-5.835099999999999909e+01
-5.855400000000000205e+01
-5.820199999999999818e+01
-5.842099999999999937e+01
-5.836200000000000188e+01
-5.849399999999999977e+01
-5.833400000000000318e+01
-5.833899999999999864e+01
-5.805799999999999983e+01
-5.806700000000000017e+01
-5.827400000000000091e+01
-5.834000000000000341e+01
-5.811999999999999744e+01
-5.841700000000000159e+01
-5.862700000000000244e+01
-5.847599999999999909e+01
-5.870300000000000296e+01
-5.832399999999999807e+01
-5.837199999999999989e+01
-5.844100000000000250e+01
-5.850099999999999767e+01
-5.852100000000000080e+01
-5.829299999999999926e+01
-5.813100000000000023e+01
-5.834700000000000131e+01
-5.862199999999999989e+01
-5.884700000000000131e+01
-5.840999999999999659e+01
-5.854299999999999926e+01
-5.839600000000000080e+01
-5.800399999999999778e+01
-5.818399999999999750e+01
-5.824000000000000199e+01
-5.799099999999999966e+01
-5.806300000000000239e+01
-5.822699999999999676e+01
-5.795000000000000284e+01
-5.810900000000000176e+01
-5.832099999999999795e+01
-5.803900000000000148e+01
-5.827400000000000091e+01
-5.795100000000000051e+01
-5.874199999999999733e+01
-5.872500000000000142e+01
-5.860000000000000142e+01
-5.827100000000000080e+01
-5.814699999999999847e+01
-5.825500000000000256e+01
-5.855400000000000205e+01
-5.846600000000000108e+01
-5.843500000000000227e+01
-5.858400000000000318e+01
-5.839500000000000313e+01
-5.823400000000000176e+01
-5.813199999999999790e+01
-5.770799999999999841e+01
-5.793399999999999750e+01
-5.809199999999999875e+01
-5.832099999999999795e+01
-5.865500000000000114e+01
-5.854200000000000159e+01
-5.854200000000000159e+01
-5.870400000000000063e+01
-5.876700000000000301e+01
-5.886599999999999966e+01
-5.877100000000000080e+01
-5.866299999999999670e+01
-5.878199999999999648e+01
-5.854200000000000159e+01
-5.837400000000000233e+01
-5.831700000000000017e+01
-5.812800000000000011e+01
-5.835099999999999909e+01
-5.835999999999999943e+01
-5.854999999999999716e+01
-5.813499999999999801e+01
-5.802100000000000080e+01
-5.817999999999999972e+01
-5.840200000000000102e+01
-5.838300000000000267e+01
-5.864999999999999858e+01
-5.882200000000000273e+01
-5.862400000000000233e+01
-5.853099999999999881e+01
-5.864900000000000091e+01
-5.874099999999999966e+01
-5.861099999999999710e+01
-5.861999999999999744e+01
-5.887800000000000011e+01
-5.866199999999999903e+01
-5.880100000000000193e+01
-5.889300000000000068e+01
-5.875399999999999778e+01
-5.908500000000000085e+01
-5.917399999999999949e+01
-5.868099999999999739e+01
-5.853000000000000114e+01
-5.855100000000000193e+01
-5.835699999999999932e+01
-5.857699999999999818e+01
-5.823899999999999721e+01
-5.773499999999999943e+01
-5.753900000000000148e+01
-5.788600000000000279e+01
-5.822599999999999909e+01
-5.811699999999999733e+01
-5.842799999999999727e+01
-5.859599999999999653e+01
-5.877300000000000324e+01
-5.854800000000000182e+01
-5.865599999999999881e+01
-5.893399999999999750e+01
-5.890400000000000347e+01
-5.856099999999999994e+01
-5.854999999999999716e+01
-5.850900000000000034e+01
-5.858200000000000074e+01
-5.882099999999999795e+01
-5.849799999999999756e+01
-5.850999999999999801e+01
-5.800699999999999790e+01
-5.802600000000000335e+01
-5.800200000000000244e+01
-5.810300000000000153e+01
-5.852499999999999858e+01
-5.819100000000000250e+01
-5.807300000000000040e+01
-5.799499999999999744e+01
-5.786399999999999721e+01
-5.804200000000000159e+01
-5.808599999999999852e+01
-5.814500000000000313e+01
-5.798299999999999699e+01
-5.792499999999999716e+01
-5.803399999999999892e+01
-5.806300000000000239e+01
-5.805100000000000193e+01
-5.835099999999999909e+01
-5.831300000000000239e+01
-5.843800000000000239e+01
-5.874300000000000210e+01
-5.850500000000000256e+01
-5.799199999999999733e+01
-5.781199999999999761e+01
-5.766899999999999693e+01
-5.852000000000000313e+01
-5.798499999999999943e+01
-5.834899999999999665e+01
-5.845799999999999841e+01
-5.848299999999999699e+01
-5.860300000000000153e+01
-5.841899999999999693e+01
-5.845799999999999841e+01
-5.799300000000000210e+01
-5.795600000000000307e+01
-5.799900000000000233e+01
-5.799900000000000233e+01
-5.818999999999999773e+01
-5.779299999999999926e+01
-5.775099999999999767e+01
-5.793699999999999761e+01
-5.799000000000000199e+01
-5.803799999999999670e+01
-5.838199999999999790e+01
-5.799300000000000210e+01
-5.781199999999999761e+01
-5.788400000000000034e+01
-5.805199999999999960e+01
-5.819100000000000250e+01
-5.805100000000000193e+01
-5.795799999999999841e+01
-5.838400000000000034e+01
-5.803499999999999659e+01
-5.813000000000000256e+01
-5.800500000000000256e+01
-5.800500000000000256e+01
-5.811299999999999955e+01
-5.830799999999999983e+01
-5.805299999999999727e+01
-5.788700000000000045e+01
-5.802100000000000080e+01
-5.803999999999999915e+01
-5.789200000000000301e+01
-5.861699999999999733e+01
-5.836399999999999721e+01
-5.810999999999999943e+01
-5.806099999999999994e+01
-5.794700000000000273e+01
-5.793900000000000006e+01
-5.802799999999999869e+01
-5.803099999999999881e+01
-5.736899999999999977e+01
-5.735499999999999687e+01
-5.767300000000000182e+01
-5.773599999999999710e+01
-5.751200000000000045e+01
-5.702799999999999869e+01
-5.710000000000000142e+01
-5.692000000000000171e+01
-5.687100000000000222e+01
-5.667600000000000193e+01
-5.384799999999999898e+01
-4.935799999999999699e+01
-4.903399999999999892e+01
-4.869599999999999795e+01
-5.151599999999999824e+01
-5.402199999999999847e+01
-5.589300000000000068e+01
-5.641499999999999915e+01
-5.683899999999999864e+01
-5.712800000000000011e+01
-5.714699999999999847e+01
-5.744200000000000017e+01
-5.757099999999999795e+01
-5.789300000000000068e+01
-5.783400000000000318e+01
-5.794500000000000028e+01
-5.831400000000000006e+01
-5.837700000000000244e+01
-5.822999999999999687e+01
-5.828600000000000136e+01
-5.790899999999999892e+01
-5.797299999999999898e+01
-5.768399999999999750e+01
-5.815200000000000102e+01
-5.827199999999999847e+01
-5.826500000000000057e+01
-5.774900000000000233e+01
-5.788100000000000023e+01
-5.795199999999999818e+01
-5.794299999999999784e+01
-5.799799999999999756e+01
-5.802900000000000347e+01
-5.799199999999999733e+01
-5.813600000000000279e+01
-5.815100000000000335e+01
-5.816199999999999903e+01
-5.782900000000000063e+01
-5.780199999999999960e+01
-5.805299999999999727e+01
-5.794200000000000017e+01
-5.796999999999999886e+01
-5.793200000000000216e+01
-5.798599999999999710e+01
-5.798599999999999710e+01
-5.827400000000000091e+01
-5.837400000000000233e+01
-5.798199999999999932e+01
-5.798199999999999932e+01
-5.753099999999999881e+01
-5.792799999999999727e+01
-5.804699999999999704e+01
-5.828600000000000136e+01
-5.809000000000000341e+01
-5.804800000000000182e+01
-5.774499999999999744e+01
-5.744200000000000017e+01
-5.771800000000000352e+01
-5.771000000000000085e+01
-5.782800000000000296e+01
-5.782800000000000296e+01
-5.819700000000000273e+01
-5.766599999999999682e+01
-5.727100000000000080e+01
-5.697999999999999687e+01
-5.658400000000000318e+01
-5.638600000000000279e+01
-5.587700000000000244e+01
-5.546900000000000119e+01
-5.505100000000000193e+01
-5.041100000000000136e+01
-4.739999999999999858e+01
-4.671399999999999864e+01
-4.903900000000000148e+01
-5.222800000000000153e+01
-5.418800000000000239e+01
-5.511099999999999710e+01
-5.596500000000000341e+01
-5.624900000000000233e+01
-5.653600000000000136e+01
-5.724300000000000210e+01
-5.753699999999999903e+01
-5.691499999999999915e+01
-5.715100000000000335e+01
-5.691599999999999682e+01
-5.708599999999999852e+01
-5.708599999999999852e+01
-5.728000000000000114e+01
-5.742600000000000193e+01
-5.754899999999999949e+01
-5.758800000000000097e+01
-5.755199999999999960e+01
-5.754500000000000171e+01
-5.756099999999999994e+01
-5.764399999999999835e+01
-5.808899999999999864e+01
-5.810699999999999932e+01
-5.775500000000000256e+01
-5.791599999999999682e+01
-5.795499999999999829e+01
-5.792900000000000205e+01
-5.830100000000000193e+01
-5.820600000000000307e+01
-5.764399999999999835e+01
-5.773100000000000165e+01
-5.792399999999999949e+01
-5.832099999999999795e+01
-5.825500000000000256e+01
-5.856099999999999994e+01
-5.850500000000000256e+01
-5.811800000000000210e+01
-5.810199999999999676e+01
-5.804099999999999682e+01
-5.785099999999999909e+01
-5.806400000000000006e+01
-5.851299999999999812e+01
-5.846399999999999864e+01
-5.852300000000000324e+01
-5.837299999999999756e+01
-5.840299999999999869e+01
-5.823799999999999955e+01
-5.833299999999999841e+01
-5.804899999999999949e+01
-5.835300000000000153e+01
-5.845300000000000296e+01
-5.822099999999999653e+01
-5.824199999999999733e+01
-5.824199999999999733e+01
-5.794599999999999795e+01
-5.813100000000000023e+01
-5.808500000000000085e+01
-5.821000000000000085e+01
-5.830799999999999983e+01
-5.819700000000000273e+01
-5.832600000000000051e+01
-5.845900000000000318e+01
-5.796300000000000097e+01
-5.827300000000000324e+01
-5.826599999999999824e+01
-5.822099999999999653e+01
-5.811599999999999966e+01
-5.822899999999999920e+01
-5.817199999999999704e+01
-5.816899999999999693e+01
-5.830499999999999972e+01
-5.823199999999999932e+01
-5.837800000000000011e+01
-5.828000000000000114e+01
-5.803099999999999881e+01
-5.791799999999999926e+01
-5.793500000000000227e+01
-5.802700000000000102e+01
-5.809799999999999898e+01
-5.799499999999999744e+01
-5.816199999999999903e+01
-5.805700000000000216e+01
-5.808100000000000307e+01
-5.829899999999999949e+01
-5.856499999999999773e+01
-5.816299999999999670e+01
-5.796699999999999875e+01
-5.822800000000000153e+01
-5.833599999999999852e+01
-5.842799999999999727e+01
-5.834799999999999898e+01
-5.813100000000000023e+01
-5.845799999999999841e+01
-5.809400000000000119e+01
-5.795799999999999841e+01
-5.820499999999999829e+01
-5.787700000000000244e+01
-5.839200000000000301e+01
-5.860699999999999932e+01
-5.875500000000000256e+01
-5.871300000000000097e+01
-5.831799999999999784e+01
-5.804500000000000171e+01
-5.833299999999999841e+01
-5.860000000000000142e+01
-5.840999999999999659e+01
-5.848400000000000176e+01
-5.849799999999999756e+01
-5.814099999999999824e+01
-5.834199999999999875e+01
-5.840800000000000125e+01
-5.827499999999999858e+01
-5.834300000000000352e+01
-5.858800000000000097e+01
-5.833899999999999864e+01
-5.827000000000000313e+01
-5.832000000000000028e+01
-5.849300000000000210e+01
-5.880599999999999739e+01
-5.858599999999999852e+01
-5.858599999999999852e+01
-5.859199999999999875e+01
-5.852799999999999869e+01
-5.849600000000000222e+01
-5.849600000000000222e+01
-5.851200000000000045e+01
-5.817999999999999972e+01
-5.840500000000000114e+01
-5.842000000000000171e+01
-5.870000000000000284e+01
-5.845199999999999818e+01
-5.838799999999999812e+01
-5.862299999999999756e+01
-5.836500000000000199e+01
-5.857900000000000063e+01
-5.853900000000000148e+01
-5.864900000000000091e+01
-5.883599999999999852e+01
-5.829299999999999926e+01
-5.825000000000000000e+01
-5.817799999999999727e+01
-5.808200000000000074e+01
-5.786800000000000210e+01
-5.795100000000000051e+01
-5.857099999999999795e+01
-5.828900000000000148e+01
-5.820100000000000051e+01
-5.821900000000000119e+01
-5.847500000000000142e+01
-5.878199999999999648e+01
-5.889800000000000324e+01
-5.887800000000000011e+01
-5.883100000000000307e+01
-5.878999999999999915e+01
-5.862299999999999756e+01
-5.865899999999999892e+01
-5.859100000000000108e+01
-5.847299999999999898e+01
-5.814099999999999824e+01
-5.801400000000000290e+01
-5.842499999999999716e+01
-5.847999999999999687e+01
-5.835399999999999920e+01
-5.834300000000000352e+01
-5.853000000000000114e+01
-5.852799999999999869e+01
-5.845400000000000063e+01
-5.835300000000000153e+01
-5.839600000000000080e+01
-5.852900000000000347e+01
-5.859100000000000108e+01
-5.875900000000000034e+01
-5.874900000000000233e+01
-5.829099999999999682e+01
-5.847500000000000142e+01
-5.864399999999999835e+01
-5.862400000000000233e+01
-5.854800000000000182e+01
-5.854800000000000182e+01
-5.857000000000000028e+01
-5.856400000000000006e+01
-5.863199999999999790e+01
-5.848799999999999955e+01
-5.831900000000000261e+01
-5.832900000000000063e+01
-5.825999999999999801e+01
-5.851200000000000045e+01
-5.841499999999999915e+01
-5.828300000000000125e+01
-5.830899999999999750e+01
-5.834100000000000108e+01
-5.816799999999999926e+01
-5.830400000000000205e+01
-5.852600000000000335e+01
-5.881300000000000239e+01
-5.842199999999999704e+01
-5.849099999999999966e+01
-5.822800000000000153e+01
-5.858400000000000318e+01
-5.827799999999999869e+01
-5.843900000000000006e+01
-5.835699999999999932e+01
-5.857600000000000051e+01
-5.834599999999999653e+01
-5.817099999999999937e+01
-5.797399999999999665e+01
-5.853799999999999670e+01
-5.844599999999999795e+01
-5.849699999999999989e+01
-5.854099999999999682e+01
-5.869200000000000017e+01
-5.872200000000000131e+01
-5.914699999999999847e+01
-5.879599999999999937e+01
-5.842099999999999937e+01
-5.834499999999999886e+01
-5.853600000000000136e+01
-5.834100000000000108e+01
-5.853000000000000114e+01
-5.828099999999999881e+01
-5.831000000000000227e+01
-5.815299999999999869e+01
-5.792699999999999960e+01
-5.805400000000000205e+01
-5.826200000000000045e+01
-5.827600000000000335e+01
-5.821300000000000097e+01
-5.838300000000000267e+01
-5.834499999999999886e+01
-5.825999999999999801e+01
-5.832600000000000051e+01
-5.819100000000000250e+01
-5.805400000000000205e+01
-5.776299999999999812e+01
-5.813100000000000023e+01
-5.800399999999999778e+01
-5.787100000000000222e+01
-5.815400000000000347e+01
-5.804399999999999693e+01
-5.785499999999999687e+01
-5.800699999999999790e+01
-5.815899999999999892e+01
-5.827199999999999847e+01
-5.810099999999999909e+01
-5.804999999999999716e+01
-5.807300000000000040e+01
-5.806199999999999761e+01
-5.811500000000000199e+01
-5.787100000000000222e+01
-5.817000000000000171e+01
-5.811299999999999955e+01
-5.809000000000000341e+01
-5.787899999999999778e+01
-5.796399999999999864e+01
-5.796999999999999886e+01
-5.773700000000000188e+01
-5.752400000000000091e+01
-5.766100000000000136e+01
-5.766799999999999926e+01
-5.758599999999999852e+01
-5.766899999999999693e+01
-5.767499999999999716e+01
