5.915709488724178039e-02
5.894419604191621087e-02
5.875793201303866620e-02
5.792007142572064282e-02
5.834096697425780048e-02
5.817423476496166174e-02
5.836366410682808370e-02
5.917896976586085878e-02
5.844773499963219765e-02
5.861487462122963454e-02
5.814094643841857812e-02
5.880560698927501245e-02
5.788652401443752926e-02
5.871887127421175634e-02
5.796506815036099602e-02
5.748952281488674959e-02
5.785041536015480407e-02
5.846052071578211606e-02
5.884638031667031172e-02
5.746610100269012450e-02
5.845873014817644375e-02
5.826246487696762344e-02
5.819412719879334117e-02
5.853195707515753549e-02
5.800969842720321568e-02
5.780458890404802097e-02
5.817627821176026698e-02
5.776180831157806672e-02
5.759325709255874726e-02
5.803033703134120869e-02
5.905483813460440240e-02
5.850926666045828950e-02
5.877613892437443671e-02
5.810722818194242328e-02
5.960222151053388984e-02
5.855357515285884717e-02
5.773098095694063209e-02
5.859071778696680471e-02
5.830771654296319079e-02
5.865777477777667920e-02
5.842993899008053910e-02
5.749458616112530784e-02
5.904596136079168917e-02
5.846270457144106536e-02
5.836170908472988056e-02
5.829446251700986376e-02
5.803539135999421367e-02
5.878281395257117098e-02
5.829597326913766447e-02
5.827514673228399028e-02
5.866596846567898038e-02
5.796913109588940072e-02
5.892116550723992124e-02
5.776406626418452428e-02
5.818787290915737598e-02
5.840035074477169935e-02
5.808184285324855672e-02
5.779278979062088539e-02
5.848842047403592093e-02
5.775495617738849591e-02
5.868249551916454587e-02
5.809094418408417698e-02
5.871238995806773997e-02
5.829720196781188607e-02
5.823628065432062684e-02
5.821031669365354239e-02
5.803221474718345957e-02
5.857513391127078944e-02
5.761870186471407945e-02
5.763574222214071924e-02
5.742091613003645623e-02
5.821503831263772494e-02
5.770241107809067488e-02
5.832356319345009810e-02
5.758713827310554118e-02
5.801765943764555095e-02
5.822677185073036471e-02
5.883265538608944273e-02
5.668168470784328700e-02
5.824448711434732778e-02
5.788896157392785929e-02
5.820640923408386402e-02
5.849420420353498157e-02
5.841719450614358405e-02
5.805079627192479691e-02
5.861560573838861532e-02
5.821192808335654695e-02
5.823832192884396269e-02
5.903531110179199848e-02
5.804069706065018153e-02
5.788354551348094679e-02
5.869346779123982977e-02
5.890214699427508138e-02
5.786314847848004345e-02
5.870542172111540419e-02
5.840337024119807846e-02
5.827932081076975246e-02
5.778392608225819266e-02
5.875420108595267449e-02
5.868958822585369772e-02
5.825413185995280407e-02
5.791983472971572872e-02
5.848046743283529664e-02
5.845622276609344081e-02
5.809081454637076564e-02
5.874026342367769798e-02
5.819381415555534981e-02
5.798181740692302799e-02
5.825659551288724092e-02
5.882356359382910627e-02
5.799320880945373069e-02
5.807795186840235269e-02
5.806017732546430582e-02
5.834593359355755293e-02
5.787445727552491259e-02
5.883516076458307487e-02
5.877988183659542398e-02
5.876008701831682279e-02
5.760832538544979897e-02
5.859749726285957278e-02
5.797776306240626926e-02
5.850558428724619148e-02
5.852261501314113407e-02
5.800653127560405353e-02
5.843320162704174897e-02
5.894869969313000502e-02
5.852054312226429716e-02
5.856850804523500154e-02
5.778846182585072044e-02
5.837287296539317438e-02
5.853957166940516876e-02
5.820408369776086666e-02
5.851601926941409071e-02
5.817820155275271743e-02
5.768687158636787160e-02
5.737464636522365130e-02
5.854180738304806675e-02
5.912593386162854486e-02
5.772186367626017112e-02
5.815366445722506411e-02
5.903174921619527143e-02
5.840180633145217876e-02
5.852364358602800409e-02
5.856825806911950677e-02
5.828365454071822438e-02
5.834829951883403754e-02
5.813986062748423278e-02
5.795391038739792361e-02
5.864013974827770453e-02
5.819664828727810768e-02
5.812669730334803220e-02
5.902209925865416207e-02
5.829728713299896919e-02
5.843978951754680989e-02
5.852788188115785190e-02
5.840034342592122923e-02
5.744829592150210024e-02
5.827226013473158633e-02
5.853997604587104359e-02
5.784624660327852136e-02
5.866939223570541428e-02
5.796684026856978311e-02
5.803341291929861590e-02
5.848095727630972518e-02
5.794047059277245698e-02
5.809537097950961265e-02
5.896977767264764692e-02
5.795870753356816008e-02
5.805543656265090696e-02
5.851106309749767170e-02
5.875291421073252501e-02
5.769653078993645240e-02
5.838802295839067708e-02
5.833462187571329671e-02
5.836136960349060793e-02
5.844571571549071060e-02
5.815882504544433312e-02
5.811381610203204123e-02
5.852165303096597965e-02
5.804173861955587432e-02
5.806706076670944960e-02
5.781694489157272743e-02
5.842632092720528858e-02
5.807318193018415342e-02
5.850848644115651254e-02
5.801264543967848963e-02
5.818746997592060682e-02
5.803370177563008103e-02
5.824757640460455355e-02
5.770871948731985668e-02
5.789770517160215679e-02
5.812242538717287549e-02
5.830017249852676581e-02
5.858968285146937821e-02
5.779510982000386765e-02
5.858756023843562227e-02
5.861406509857218505e-02
5.829825266742400675e-02
5.716392457674439320e-02
5.711769667563845743e-02
5.834418642293070362e-02
5.803470340409239842e-02
5.810827411894085859e-02
5.802436142961375776e-02
5.773401849930354796e-02
5.772438652411777948e-02
5.819307081159382639e-02
5.762997480821803464e-02
5.829301038383862682e-02
5.815292966290391830e-02
5.764130401879919569e-02
5.809204750179318422e-02
5.747984767922308114e-02
5.700689942215889788e-02
5.788458239276949441e-02
5.850833728492800534e-02
5.876463677585217621e-02
5.804106288772078320e-02
5.823883077295165245e-02
5.842628569858131921e-02
5.855646325910338068e-02
5.815337056252848497e-02
5.851666005316891184e-02
5.863710629958842485e-02
5.748071709274100299e-02
5.860393146955867466e-02
5.837611955755718507e-02
5.772234105176247965e-02
5.838953473329713123e-02
5.878155497103535604e-02
5.806262085432443293e-02
5.857042278712872030e-02
5.873635867631921831e-02
5.849225771967987708e-02
5.824660468352271803e-02
5.808866474038911626e-02
5.825081809049318521e-02
5.805527475617672933e-02
5.835521217067020372e-02
5.880480567659546881e-02
5.824483261807177070e-02
5.883103741223628252e-02
5.832016418199536395e-02
5.824393780931218234e-02
5.818022515676748302e-02
5.807671395710360673e-02
5.764588679150640937e-02
5.786671259481399043e-02
5.784829252134358890e-02
5.854937802385543760e-02
5.784430764920008017e-02
5.810710718545290115e-02
5.815119923323465445e-02
5.805888924746827745e-02
5.768097776459856635e-02
5.862371147290105361e-02
5.748551782075034255e-02
5.859330495287990576e-02
5.831144808853230832e-02
5.854298008151846006e-02
5.859241767077129348e-02
5.841910522301341224e-02
5.818692284284253391e-02
5.876685698105912209e-02
5.856875338904195261e-02
5.815750747159370571e-02
5.783553663362466651e-02
5.876801714996429671e-02
5.856146671798660719e-02
5.809516701580254988e-02
5.847120263287985953e-02
5.823653621994862029e-02
5.768527463906003572e-02
5.768106404203524051e-02
5.812253284129596798e-02
5.919475032528878633e-02
5.900562882427014960e-02
5.813263735774625712e-02
5.889706529974459565e-02
5.867993281063484112e-02
5.894829307158422349e-02
5.795930658479421516e-02
5.804812965379509138e-02
5.823187895779124990e-02
5.822842630412310844e-02
5.864155400561408410e-02
5.833873516995261022e-02
5.884690408753775331e-02
5.744414689618006914e-02
5.885810741422270453e-02
5.823271365112366732e-02
5.914858525848325221e-02
5.816815196004222061e-02
5.768330254274572216e-02
5.814599794586704229e-02
5.825997137607102222e-02
5.836727652208518330e-02
5.902465611156889475e-02
5.834659495664343276e-02
5.899868195397281467e-02
5.875519038709384884e-02
5.880137661456759368e-02
5.801356048392372622e-02
5.835801677055785230e-02
5.851772651614088605e-02
5.817377179866662501e-02
5.799593004942356356e-02
5.855396991496062548e-02
5.778719683349511915e-02
5.778549531022377644e-02
5.819546173620680773e-02
5.855854376352010587e-02
5.858922937935402003e-02
5.920554911873936871e-02
5.841684012587838870e-02
5.843753545963376733e-02
5.838485703814464550e-02
5.810977383510323308e-02
5.814555497373043169e-02
5.779400392874276676e-02
5.720428322949981659e-02
5.861134277842400264e-02
5.803467113746098999e-02
5.867062933751123616e-02
5.773845512681441416e-02
5.798223094154823093e-02
5.865584749197422232e-02
5.829192747934127533e-02
5.873289939473622795e-02
5.771951976675898655e-02
5.780785073028932991e-02
5.746813141103240125e-02
5.840345253656203245e-02
5.816355196002319372e-02
5.796687186541294584e-02
5.883342422887050810e-02
5.794943020592056848e-02
5.812345880741452003e-02
5.799447941955222091e-02
5.780483085042954078e-02
5.894672258550676114e-02
5.823430074744461588e-02
5.843434087465776416e-02
5.847487565045926539e-02
5.819298021631852391e-02
5.827517644159565385e-02
5.823772911720366541e-02
5.725147026907707881e-02
5.728514312678270604e-02
5.863769276309327427e-02
5.857827842832552534e-02
5.845723027016352241e-02
5.792049517911838918e-02
5.751185145198613874e-02
5.866353816918921243e-02
5.786340148695186258e-02
5.830204680051215976e-02
5.761674451813111192e-02
5.880656772774678354e-02
5.843582917567914647e-02
5.844691546721179909e-02
5.810256504143458678e-02
5.820728467884624113e-02
5.894156320454294051e-02
5.834590653592682669e-02
5.828164002891179224e-02
5.838123106462953654e-02
5.830740431004394903e-02
5.795181140737702685e-02
5.846605961282286962e-02
5.831988244840406732e-02
5.830928656466648902e-02
5.789272306441558408e-02
5.825946538218931131e-02
5.815327016999610743e-02
5.856073726069854074e-02
5.853966044348400677e-02
5.915880467222942724e-02
5.810355888969941790e-02
5.811069443464413065e-02
5.855593889845424338e-02
5.909043650464566866e-02
5.844288134640920201e-02
5.768983860025476973e-02
5.790455539863420542e-02
5.792920283146973937e-02
5.878341899453581876e-02
5.791317204310587885e-02
5.846629027452324850e-02
5.812000459371575306e-02
5.777994104594991187e-02
5.853597096394116267e-02
5.840381860631835981e-02
5.828083756864232273e-02
5.908690506581529972e-02
5.876168418558821299e-02
5.837891386629314588e-02
5.869866860764082206e-02
5.803267568285752631e-02
5.808371010859624678e-02
5.828546696188302567e-02
5.787354809911123693e-02
5.944392348773866463e-02
5.748751348653061144e-02
5.851334136415026199e-02
5.844667497596856692e-02
5.895199904727479318e-02
5.815752802488918100e-02
5.755988282486868002e-02
5.823847050434786954e-02
5.835402816503233031e-02
5.812602358414165060e-02
5.832922987163195044e-02
5.883371860828907202e-02
5.774921962274049553e-02
5.854840348206798162e-02
5.800770308643642820e-02
5.824537361217940051e-02
5.857090481366103440e-02
5.775600750057968691e-02
5.882853824636994494e-02
5.789405253285827280e-02
5.857701077214105823e-02
5.886230051567693800e-02
5.856169819060395854e-02
5.813662554072765443e-02
5.913518236518146981e-02
5.858295402281753911e-02
5.804142888432975433e-02
5.863975827255585999e-02
5.816899843915221413e-02
5.819402635894713877e-02
5.803987604376777826e-02
5.774779802573647841e-02
5.875610864443607528e-02
5.824639234978414709e-02
5.777543930986776821e-02
5.755847938454231039e-02
5.759604810028043365e-02
5.851494452559116016e-02
5.811804981965195543e-02
5.869595036359604584e-02
5.821157375238611431e-02
5.870117107453813599e-02
5.821363968887906942e-02
5.837650031850209753e-02
5.794452244589462508e-02
5.877100897367262822e-02
5.773975878593457650e-02
5.897974343802306341e-02
5.857331371149602367e-02
5.863032482178894000e-02
5.869916888799615179e-02
5.799893635692467131e-02
5.871849469664695842e-02
5.885711512626232156e-02
5.831201334188503699e-02
5.898318078042454060e-02
5.827528579599929037e-02
5.867533496750739624e-02
5.864392729709545088e-02
5.844465227707831140e-02
5.879773207172430544e-02
5.819449556897154235e-02
5.877432836886898465e-02
5.770830417737081441e-02
5.835125965913531138e-02
5.858873234409844172e-02
5.827535237431680226e-02
5.867647033785437088e-02
5.816095523979817467e-02
5.846504561122634752e-02
5.865189142729551608e-02
5.751549921044892683e-02
5.856352403916938176e-02
5.845085419399965315e-02
5.884086638948116121e-02
5.777846143750591662e-02
5.877006775288664414e-02
5.897725991844144505e-02
5.757245596138942101e-02
5.869406007872680908e-02
5.828294200787864643e-02
5.809501656959775717e-02
5.856720159059623787e-02
5.827725037715268674e-02
5.798089277951568726e-02
5.783006738709015743e-02
5.830242450570394253e-02
5.981302799715775692e-02
5.887712700581208131e-02
5.943136415235587833e-02
5.849789396275097836e-02
5.904795814871272031e-02
5.836915610363403728e-02
5.846908659237814304e-02
5.889088645810488382e-02
5.868192652774116558e-02
5.801814459598669121e-02
5.843235693929303698e-02
5.799140881944496451e-02
5.902365677571842079e-02
5.827047079477089969e-02
5.846852552744401937e-02
5.837655222744729533e-02
5.885980298299629127e-02
5.868673663222353371e-02
5.879451977383508277e-02
5.881086636670933981e-02
5.874363244929703409e-02
5.824287229659998871e-02
5.885634964197256069e-02
5.885131346905442956e-02
5.916941772853803738e-02
5.868845671811920989e-02
5.862728896322135647e-02
5.848047466105958658e-02
5.843329711767579482e-02
5.887288985332293084e-02
5.790032436389758869e-02
5.849673878363371299e-02
5.836318482728371226e-02
5.925224955565928237e-02
5.828621486871014140e-02
5.864265303766948156e-02
5.879868490060734948e-02
5.877095672772446322e-02
5.835147015459626885e-02
5.865514450444786476e-02
5.873305775555569264e-02
5.849476509171641636e-02
5.813840958587957602e-02
5.784652726529190825e-02
5.898150078919991296e-02
5.835606950294674328e-02
5.884249749059405898e-02
5.848307808803326902e-02
5.788650692205839915e-02
5.829391638709200546e-02
5.828630880766129396e-02
5.908330744984141569e-02
5.866375388451374601e-02
5.763367760357159669e-02
5.890469035827126248e-02
5.927857078249541833e-02
5.892801018798772550e-02
5.852779546193311727e-02
5.863376530475285925e-02
5.828692999070198000e-02
5.908591052931474324e-02
5.843264802699926069e-02
5.878398915891198950e-02
5.851971509641010205e-02
5.880106612409790462e-02
5.876661977783177032e-02
5.845226655181762210e-02
5.856329037744617549e-02
5.868056557574767573e-02
5.893408450595028630e-02
5.920753703442800664e-02
6.038614452029254787e-02
5.896593090794480241e-02
5.967135985973837098e-02
5.925372937623482605e-02
5.913082771444645031e-02
5.916699346023327616e-02
5.866941245939644167e-02
5.934804901843312303e-02
5.896762751603259328e-02
5.873674664625691544e-02
5.908497052788058007e-02
5.920053773767663258e-02
5.872917798405260376e-02
5.867818982199152211e-02
5.914355248742269450e-02
5.914528565916481878e-02
5.882105343544454662e-02
5.888403208682996964e-02
5.840735637639934280e-02
5.961633960172958713e-02
5.910214067914362074e-02
5.888921196058161112e-02
5.919538141995914909e-02
5.890810790989002566e-02
5.889777944297627105e-02
5.906346730657569682e-02
5.831676246040143341e-02
5.871588746343469473e-02
5.926076701925353518e-02
5.969570386531153350e-02
5.816644864923496694e-02
5.854770339094587939e-02
5.926609236738557274e-02
5.903922893847789871e-02
5.904442324395653419e-02
5.904101793618619920e-02
5.846763714965379916e-02
5.927523418993559112e-02
5.907195891920969527e-02
5.881631048165375519e-02
5.864284727416169130e-02
5.937704083605503669e-02
5.915378155735949439e-02
5.857379691239576747e-02
5.938097587056793969e-02
5.896603650137235975e-02
5.919585454317372042e-02
5.876715015555240146e-02
5.888679333464248017e-02
5.932022459437993889e-02
5.859044449351770434e-02
5.913147562610938934e-02
5.870483385269504445e-02
5.848948690977777420e-02
5.873600655073269589e-02
5.930467435424807698e-02
5.931861263191801764e-02
5.865296971318934710e-02
5.865221870912857433e-02
5.884873941895959332e-02
5.833007793943197766e-02
5.882628080951706612e-02
5.892550119552517063e-02
5.817539649717366756e-02
5.909866260480960837e-02
5.874814133296507590e-02
5.896348750428782870e-02
5.922943669664597344e-02
5.897288020577282075e-02
5.888750566818829607e-02
5.888761026334847493e-02
5.946066520943132233e-02
5.893670062288864503e-02
5.881075552427104253e-02
5.915478864879137461e-02
5.872459896226003839e-02
5.891089060930838200e-02
5.899015044139550856e-02
5.878066592186428213e-02
5.890318465714956819e-02
5.909958291072476416e-02
5.877382846858385246e-02
5.887035708766370778e-02
5.892204550047875494e-02
5.930365277675427732e-02
5.853618125559529456e-02
5.871891205945908854e-02
5.933298682544019265e-02
5.895825253260169457e-02
5.881609440167349934e-02
5.850969929312640344e-02
5.861911088715600349e-02
5.897210559060478419e-02
5.882904562437832330e-02
5.871719273775624637e-02
5.858191718913607904e-02
5.909097138057162885e-02
5.934241998314451066e-02
5.865761473182878882e-02
5.913047817074160162e-02
5.934151688306352895e-02
5.878411329520466522e-02
5.926379284325732077e-02
5.877805613287040432e-02
5.878768100573468491e-02
5.929157494837261622e-02
5.884799529501209825e-02
5.944654447633274108e-02
5.929910862088391688e-02
5.907280861682329826e-02
5.910990275628189017e-02
5.900994582136168121e-02
5.896261808819681927e-02
5.908909216233403094e-02
5.877142639016865594e-02
5.936900304057912692e-02
5.917264963327647370e-02
5.942138613161793842e-02
5.904012016213110864e-02
5.908412940793943136e-02
5.923126753404145406e-02
5.874303322603823679e-02
5.924588489107979195e-02
5.877327645170407622e-02
5.923667093528400124e-02
5.888528983405236922e-02
5.915188018242932555e-02
5.949639513068007146e-02
5.916065788844730722e-02
5.835222352143672186e-02
5.940686225371012014e-02
5.928462398579782688e-02
5.892994584026903931e-02
5.855600926381041710e-02
5.874814133296507590e-02
5.864317771181814382e-02
5.896521294694742621e-02
5.951988223906637399e-02
5.846676816199077031e-02
5.902891452806088152e-02
5.932439271431399347e-02
5.938454153118515044e-02
5.848554816166146031e-02
5.855062112295897347e-02
5.930249909486474957e-02
5.873890739437665626e-02
5.819492495942837906e-02
5.868043593430966043e-02
5.892728053049665210e-02
5.878698719494581532e-02
5.920963291269110140e-02
5.973380869799455040e-02
5.940466770688797304e-02
5.917432860967689751e-02
5.984030275893151979e-02
5.843731617226368552e-02
5.829916197997166843e-02
5.781137616372680060e-02
5.775839651937759306e-02
5.925690955094212176e-02
5.923032333919138470e-02
5.849890489293733953e-02
5.952854658312628500e-02
5.949808422767093735e-02
5.922255798626388512e-02
5.879150333624490882e-02
5.916818146108125676e-02
5.910890379158074276e-02
5.915270771782753928e-02
5.924299168709606933e-02
5.892055182001369740e-02
5.921029240869037091e-02
5.905035735805533315e-02
5.979583704458408394e-02
5.901935154266647193e-02
5.924730235961495756e-02
5.872733414877147340e-02
5.903399466281802205e-02
5.878283558432987471e-02
5.865423789103035856e-02
5.915510826500751385e-02
5.909504861374962476e-02
5.905728504825733666e-02
5.909332180716711513e-02
5.924992085018086080e-02
5.939199360036138964e-02
5.949810351386168594e-02
5.900137639400013928e-02
5.943376784071809776e-02
5.916992672095545275e-02
5.978838552995682787e-02
6.014398086289350631e-02
5.918716846404933896e-02
5.938690405896434460e-02
5.956578320355324085e-02
5.952577407847151753e-02
5.864992506387020632e-02
5.905803831842132423e-02
6.001453330932109143e-02
5.976471511159105188e-02
5.917593732114184019e-02
5.936516303943513428e-02
5.913379575341784489e-02
5.907695213871290429e-02
5.891198823262168427e-02
5.940640507766756923e-02
5.952542767365378434e-02
5.918022361462183661e-02
5.870122209115979234e-02
5.913285774820438434e-02
5.998118839161872828e-02
5.921292116375308223e-02
5.858535858264361101e-02
5.923265344991358872e-02
5.910012496290344836e-02
5.913449324448029343e-02
5.867387330303425186e-02
5.904172502431895980e-02
5.927082104821872199e-02
5.940194980911616546e-02
5.891283235931040613e-02
5.916299100404596306e-02
5.808139481550451955e-02
5.962071976499641601e-02
5.938877272271459590e-02
5.951455503733114882e-02
5.920940649036941089e-02
5.934622927557526434e-02
5.936874818460301240e-02
6.034321321569572488e-02
5.848575874608963332e-02
5.995912458267498024e-02
5.928253694896878229e-02
5.935800733092788661e-02
5.919561411837442194e-02
5.899966697344252720e-02
5.853114821380448612e-02
5.942596821084542014e-02
5.904428921942173752e-02
5.909753318206828476e-02
5.918276608289226026e-02
5.982765620531809575e-02
5.933927209941995684e-02
5.959206391602278607e-02
5.945366513206883780e-02
5.907867801457731410e-02
5.977791940639422263e-02
5.962967005227713668e-02
5.831601440861894359e-02
5.880876123091378221e-02
5.938117432860130079e-02
5.964267687895546954e-02
5.875571326208538919e-02
5.941087174189246117e-02
5.892393875885405807e-02
5.967222652894219048e-02
5.923794936059303268e-02
5.981463424483287467e-02
5.872629666853650815e-02
5.945804747593920470e-02
5.893098616053622091e-02
5.928597066364858781e-02
5.945044737671247720e-02
5.890244108551432461e-02
5.897732395254563775e-02
5.962473460279951731e-02
5.913375272381003050e-02
5.975320669970925203e-02
5.960077665976003941e-02
5.929183699362458593e-02
5.920772798761846784e-02
5.933903801165153757e-02
5.957992312868742868e-02
5.933755248213503503e-02
5.952258873627813696e-02
5.920599713132736891e-02
5.989882806650286690e-02
5.901675800067868877e-02
5.941968166156545716e-02
5.997733425358966336e-02
5.950998704409605350e-02
5.953273529852992629e-02
5.976099827452103358e-02
5.894122014469525134e-02
5.934328540794307077e-02
5.940804492235499806e-02
5.955619993813519170e-02
5.921278015538121442e-02
5.940969398319309591e-02
5.916554201615641106e-02
6.023526738529046132e-02
5.968865835540933945e-02
6.001627116868379908e-02
5.984521385214854744e-02
5.891276452289453958e-02
6.025045834760144742e-02
5.937462459984842178e-02
6.002720692136433861e-02
5.912954849999848411e-02
5.905727350714992663e-02
5.950749256684030597e-02
5.905893606777644356e-02
6.019785899770661863e-02
5.941817086022084526e-02
5.947364746356792464e-02
5.909775574836180490e-02
5.979801633611407652e-02
5.949921921046451984e-02
5.965595969844251362e-02
6.026565728319417670e-02
5.974847658520903576e-02
6.013656467556872942e-02
6.009675758246732502e-02
6.000776840435555898e-02
6.018465068268919610e-02
5.966805176796369931e-02
5.981036862107221019e-02
5.978197525824141545e-02
5.979115665054317297e-02
5.967972730025212363e-02
6.027120475028183849e-02
6.016598873017124649e-02
5.944632248630385418e-02
5.967856975500041017e-02
5.983389195931945737e-02
6.026208168788663166e-02
5.933913648507183058e-02
5.952320093961452341e-02
5.943266629832772568e-02
6.010319849575405937e-02
6.004885653608534740e-02
5.964760415899624663e-02
5.989888112275938703e-02
5.954814929708698162e-02
6.030301146242067478e-02
5.964470152587195151e-02
6.014694927087251702e-02
6.026675489301971944e-02
6.002309263856138444e-02
5.960566951276437958e-02
5.938273682617111610e-02
5.946473711546738233e-02
5.947142168444472660e-02
5.999462161196389420e-02
5.951629455971373800e-02
6.003937942033853864e-02
5.881087070822360596e-02
6.044011719648590547e-02
5.968278566575492550e-02
5.963669482577948350e-02
5.974255016761812614e-02
5.886990559515676430e-02
5.996419225760170335e-02
5.988351840600251996e-02
5.976881658036647949e-02
5.962503515065487036e-02
6.011515115882029581e-02
5.978197525824141545e-02
5.897735198704812803e-02
5.997027858905377290e-02
5.945867056846448895e-02
5.991623556062866673e-02
5.970043113969973614e-02
5.987965494813275030e-02
5.940692181792694981e-02
5.917835053227900322e-02
5.939482686007618167e-02
5.933883462810274345e-02
5.957906066739617618e-02
6.004078960498202000e-02
5.971508270890448639e-02
6.014206689777323867e-02
5.961806943181299084e-02
6.001828284232703370e-02
5.973317762060378205e-02
5.972224613303187685e-02
5.962878662823349607e-02
5.996893091833353090e-02
5.957359871977902649e-02
5.949262900194612208e-02
5.982603865693345013e-02
5.975365805824029569e-02
6.001734479150522966e-02
6.024420697588112050e-02
5.996858010108421094e-02
5.959461010016572913e-02
6.018176615942420066e-02
6.046703702759961135e-02
6.008711081790730352e-02
6.007162082533723524e-02
6.004354026317568205e-02
5.977538398862778518e-02
5.953999901428660979e-02
5.973406266232927225e-02
5.953591518082761158e-02
5.993412134210945874e-02
5.984435869685867521e-02
5.979159037448515679e-02
6.028721374075114714e-02
5.934165682006162928e-02
5.966555948802615417e-02
5.932264573079733955e-02
6.007332352175530354e-02
6.046763904881211765e-02
6.035173866161358536e-02
6.054653270490963773e-02
5.974498752809070945e-02
6.022610365624456868e-02
5.956799889772817352e-02
5.987088048995206635e-02
6.008596747979806640e-02
6.026824091554033869e-02
6.023814010229947002e-02
5.997177670844997671e-02
5.972607841665675266e-02
5.999773422901311798e-02
6.035614978368917388e-02
6.017617264039642339e-02
6.025541580825536508e-02
5.979634545224253583e-02
6.007507952853503169e-02
6.062707651511772822e-02
6.019582144321915240e-02
5.988007334357500072e-02
5.962623749430154274e-02
6.034627573304024439e-02
6.027841117076095795e-02
6.069610564781003498e-02
5.986917866684216688e-02
5.982249100424696236e-02
6.020403787675993740e-02
6.002780961083770822e-02
6.072792465148093427e-02
6.022768582582602170e-02
6.044207209515797125e-02
6.056608234305083105e-02
5.958803077762588052e-02
6.024513414744732398e-02
6.049778747928495626e-02
5.998469144724474095e-02
6.067479878410101529e-02
5.980823915927898499e-02
5.931824350124318551e-02
6.045455783106071235e-02
6.011670719068726992e-02
5.984046652184664417e-02
5.983393252981779320e-02
6.005213699625313456e-02
5.987968089738378991e-02
5.991447735294903182e-02
6.005826507564212408e-02
6.035984469083872928e-02
6.027080276616404719e-02
6.112070055798382584e-02
6.041545235191319446e-02
6.026790480176588000e-02
6.005531672344326111e-02
5.955503513702331553e-02
6.024398461406619415e-02
6.047669642047588667e-02
6.005821194329682283e-02
6.038116042573119652e-02
6.051477367934536555e-02
6.059780686206180794e-02
5.987266354853245515e-02
5.978635194629257354e-02
6.029155803239180655e-02
5.959043368566026982e-02
6.041917663876442135e-02
6.039184601160121207e-02
6.002211445638463289e-02
6.007631950640152790e-02
6.016542899627064234e-02
6.013475439529363670e-02
6.045992294535055406e-02
5.983344337882616493e-02
6.025212546628440358e-02
6.037400126335796396e-02
6.014936052892608243e-02
6.024721825646860845e-02
6.108116554897247141e-02
6.031421494195810667e-02
6.011197547910709232e-02
6.076780738742942889e-02
5.958455027995523956e-02
6.017999576729966826e-02
5.997243254232812598e-02
6.000168094402810737e-02
5.995765006439171541e-02
6.044837707167673851e-02
6.030824361367450454e-02
5.955682629405208151e-02
6.024360894879654538e-02
6.034039292561636098e-02
6.003383411743484083e-02
5.975421470119401252e-02
5.976366269352541977e-02
6.018645803706922787e-02
5.998200202270859843e-02
5.987046650824490168e-02
6.023782302085428642e-02
5.957068506134261671e-02
5.927495409931306941e-02
5.983737223408289868e-02
5.920653330491959521e-02
6.032696501022974389e-02
5.973034670559596027e-02
5.989792898488536382e-02
5.970989085298034765e-02
6.038807507007280112e-02
6.103551319950776405e-02
6.031465550787447338e-02
5.988264978600224553e-02
5.988317493009664982e-02
6.025349919391995157e-02
6.025882428747898062e-02
5.999105718109336294e-02
6.061930274654571404e-02
5.980734537402716128e-02
5.964674703551494511e-02
6.061228391502803542e-02
6.074217533644687278e-02
6.022351764951791586e-02
6.054795671006843460e-02
6.037476771417518706e-02
6.016926490425465734e-02
6.049545607997067198e-02
5.940636891752495291e-02
6.027339294648839663e-02
5.966337541618320361e-02
6.035677374133482237e-02
6.038386155922227660e-02
6.008101435341423741e-02
6.054755223216059384e-02
5.996198193637197749e-02
6.072979105086355467e-02
6.023694903955092300e-02
5.953230317597968391e-02
6.106070130123212453e-02
6.062987195954213510e-02
6.070420590182084436e-02
6.050251814840197639e-02
5.957469849861752459e-02
6.025999249819884163e-02
6.009717271133278166e-02
6.100492433328954384e-02
6.049457181068641082e-02
6.127154379267280015e-02
6.062274017042385693e-02
6.013591279963709235e-02
6.008874534384307103e-02
6.063341166585320408e-02
6.025299968727049205e-02
6.116112746465818956e-02
6.018061897048215120e-02
6.019700470865434194e-02
5.976509873119802835e-02
6.109494481655964454e-02
6.037659625320175583e-02
6.052860367756641990e-02
6.024843077493876459e-02
6.106405351736781534e-02
6.097290836051451335e-02
6.113334443040550209e-02
5.998369881681335503e-02
6.033486546815172019e-02
6.037504769324929244e-02
6.098988788511082448e-02
6.057832508316674663e-02
6.044220217940091122e-02
6.029508033958404234e-02
6.032735903929572346e-02
6.055968991625360065e-02
6.073328195015553765e-02
6.032635222130348224e-02
6.085812920558669736e-02
6.071472971384447165e-02
6.014700253445072475e-02
5.992635969059437184e-02
6.123413417549924964e-02
6.091023344503741083e-02
6.073067534595231326e-02
6.066002799754414282e-02
5.982702603093303928e-02
6.077667948937928721e-02
6.080053167353976357e-02
5.999494741706005302e-02
6.059455118026062237e-02
6.122411200548830146e-02
6.083498208446812966e-02
6.064489985573802422e-02
6.019931470976595811e-02
6.055111310480637554e-02
6.018728964125100861e-02
6.088264771019493565e-02
6.094829183300655429e-02
6.084296398995076710e-02
6.037978244667306649e-02
6.007663566042619613e-02
6.015840484549495742e-02
6.094128396557643018e-02
6.079436657272552919e-02
6.122564544820359445e-02
6.010646506674043044e-02
6.040466391314401606e-02
6.041926936331200315e-02
6.010559555370898616e-02
6.144750867515900994e-02
6.131903925085584184e-02
6.109578917969978734e-02
6.023311963385903633e-02
6.097730700679890314e-02
6.140099422078754837e-02
6.045569028981367943e-02
6.014682468671564419e-02
6.038687450705914478e-02
6.025387395929551054e-02
6.064154083930756167e-02
6.034802537185305488e-02
6.133015486812198880e-02
6.037086181153533682e-02
6.049976499410474745e-02
6.109139429906638302e-02
5.976166398040697048e-02
6.077929188065735872e-02
6.069870211005996830e-02
6.063154714467111628e-02
6.052375509881464249e-02
6.014446782771153133e-02
6.387804725133472417e-02
6.330850940530792503e-02
6.460509088253103827e-02
6.259210676968519904e-02
6.404337453409461589e-02
6.350551771784242183e-02
6.335991744150189231e-02
6.409967721801243523e-02
6.403677825986910099e-02
6.430728945682853692e-02
6.441581465088218328e-02
6.353662964144031478e-02
6.397282254184555317e-02
6.394086924149122719e-02
6.391557311679173237e-02
6.338728258493492307e-02
6.390739214620339004e-02
6.436682717281481947e-02
6.371925823271759604e-02
6.336233123338233519e-02
6.346032770004951529e-02
6.391326907472200114e-02
6.351868776981209330e-02
6.383872746104637952e-02
6.378008084451954052e-02
6.401570405022632970e-02
6.437182504169144948e-02
6.378912881610078467e-02
6.347445979050309051e-02
6.368500978047315908e-02
6.369936778896137519e-02
6.422533233274528575e-02
6.412500875961903157e-02
6.297494721812765817e-02
6.428563013755161926e-02
6.436512816081414734e-02
6.372495535062711047e-02
6.407414323441838755e-02
6.401891538533201198e-02
6.466171140359545932e-02
6.387052464474836377e-02
6.496215999905498306e-02
6.404989694161686287e-02
6.513874447745876539e-02
6.396114928615366513e-02
6.413746565155854784e-02
6.468899510206210790e-02
6.392647404525599042e-02
6.490650451339573246e-02
6.439459067791707125e-02
6.502783333734264704e-02
6.478789650048913384e-02
6.440022352852972642e-02
6.445375601556280198e-02
6.351138703091635529e-02
6.388719879613895258e-02
6.423546728916981752e-02
6.424852591843879801e-02
6.400310982119170045e-02
6.448393705632264605e-02
6.416047339836805641e-02
6.382479218624059758e-02
6.406391904412746252e-02
6.450150502941526254e-02
6.360848901356988550e-02
6.467867782266308041e-02
6.455659669033973758e-02
6.413681508778108775e-02
6.444755430431715892e-02
6.383495976361336366e-02
6.385614592600098727e-02
6.439828890307743026e-02
6.465996518411543104e-02
6.409667070112265441e-02
6.488064425965921200e-02
6.446467023330862411e-02
6.420213088664925016e-02
6.404500133696570952e-02
6.366977830383448167e-02
6.444430016674007611e-02
6.377017535918823310e-02
6.404186684560762843e-02
6.520883798546453503e-02
6.436386689420280083e-02
6.383636657716969254e-02
6.377348817521823199e-02
6.442963049030621392e-02
6.419932962224236817e-02
6.431720087337412795e-02
6.494356000877951618e-02
6.450979608085598282e-02
6.430020529024635390e-02
6.399423452000020662e-02
6.456218050448474244e-02
6.378209556416827852e-02
6.402706716024043898e-02
6.439460561030702079e-02
6.425926883951789403e-02
6.446922678126430772e-02
6.377163001802606257e-02
6.434537397275012782e-02
6.459900628771685083e-02
6.447769424658247872e-02
6.424701652913350491e-02
6.397469072449435412e-02
6.397789496925888886e-02
6.402330122489709174e-02
6.489024925486346074e-02
6.437921990366418656e-02
6.441493718045271377e-02
6.404954272833127127e-02
6.398079566423135744e-02
6.458494633259120876e-02
6.403567073221676231e-02
6.473430042562183795e-02
6.370501756013099981e-02
6.397687637212826073e-02
6.467125270725182506e-02
6.392071022449172246e-02
6.465819148602826305e-02
6.473796663637071402e-02
6.394843407663589052e-02
6.351372823111353649e-02
6.427186161112750928e-02
6.411316092124312582e-02
6.356631817500681125e-02
6.499820366648892400e-02
6.454517341233333150e-02
6.398031725558279981e-02
6.425787805347113468e-02
6.376592772105893481e-02
6.460464440073281078e-02
6.428678412821253740e-02
6.365924728032643087e-02
6.348730340069615175e-02
6.398085210752066376e-02
6.472197467038191820e-02
6.442321752626634090e-02
6.404565259656128107e-02
6.434630809581634581e-02
6.386962414208094407e-02
6.488084447930624055e-02
6.454151424068220455e-02
6.505933597712147687e-02
6.468714197956380862e-02
6.427956742483241503e-02
6.387595316000908852e-02
6.438068779078537363e-02
6.500783784936076115e-02
6.410353375750889315e-02
6.451050500867412663e-02
6.449195731568747869e-02
6.393876637217738024e-02
6.426811788429444283e-02
6.443181116332742653e-02
6.458754399590105333e-02
6.455481364983023385e-02
6.450305234210232386e-02
6.432429725273700050e-02
6.420991787267982254e-02
6.480176777806136157e-02
6.463561771481536600e-02
6.450222705500932574e-02
6.426723533425757195e-02
6.529387326338449704e-02
6.433184453032542160e-02
6.473055371099979693e-02
6.389111991850413008e-02
6.467223766420783504e-02
6.499067096837828073e-02
6.477001003727765605e-02
6.501049964516260327e-02
6.346325546308104193e-02
6.445956178580632134e-02
6.488547174842435039e-02
6.394955825883159861e-02
6.399050366068485818e-02
6.451884955328335280e-02
6.470130260261919286e-02
6.422221665445368433e-02
6.395303763841955758e-02
6.439597678684953752e-02
6.445420982539239174e-02
6.428672737548024596e-02
6.423057185279791581e-02
6.504961837059079766e-02
6.414969635865382103e-02
6.421094239513666646e-02
6.458851721570146864e-02
6.481507019434819272e-02
6.409337297699473079e-02
6.413048608442657728e-02
6.462614493386074910e-02
6.503963138089248475e-02
6.451896220289342343e-02
6.454072257437740157e-02
6.465049587065668790e-02
6.491175716415259478e-02
6.455655852096990610e-02
6.440060934878170940e-02
6.432522976082223620e-02
6.442108556337945713e-02
6.536851907770721559e-02
6.451619983828707494e-02
6.533901305928327408e-02
6.423062853288843965e-02
6.471828281000599481e-02
6.488919297693220012e-02
6.450486808500320579e-02
6.429854206740340250e-02
6.507871548112965920e-02
6.533242551067774961e-02
6.531686172426096060e-02
6.498506357271895129e-02
6.560884387474764934e-02
6.404873434026195356e-02
6.530888428276745983e-02
6.448319814364388003e-02
6.459418644341666238e-02
6.520270468334893321e-02
6.420395328200786955e-02
6.441977677700279348e-02
6.442405700875664110e-02
6.477083533877389665e-02
6.507071618264836932e-02
6.515544043625313975e-02
6.452183877567381487e-02
6.477272790332326557e-02
6.580104164579608783e-02
6.407538912397373054e-02
6.520035833326975894e-02
6.412244053694908519e-02
6.476412251960059208e-02
6.436954864630807516e-02
6.439282757721974393e-02
6.460259594880413125e-02
6.428138235987210236e-02
6.445918001100560402e-02
6.452559418888212384e-02
6.500177597394231344e-02
6.528999425562155567e-02
6.512392770239261441e-02
6.485441145349798986e-02
6.452570388547480829e-02
6.431272618134722951e-02
6.410300169713231688e-02
6.441525537539237456e-02
6.378751609012242585e-02
6.508730301275948704e-02
6.528387536044205630e-02
6.535764805678029310e-02
6.522942660943126247e-02
6.418661111290273336e-02
6.442597562488676377e-02
6.469386219946766936e-02
6.463291537792272001e-02
6.442899941006245690e-02
6.414590347051121744e-02
6.478499495673292752e-02
6.480089613638925772e-02
6.556719176905143054e-02
6.455669287994751648e-02
6.438659979922492504e-02
6.421935928227409662e-02
6.413551577262754932e-02
6.481493116780405461e-02
6.409768134770069126e-02
6.474543214421643600e-02
6.470044815679724948e-02
6.469562113513520341e-02
6.458958680390738949e-02
6.437295908684197154e-02
6.430389263121397136e-02
6.413223930763289893e-02
6.509970820069994890e-02
6.449209343358433544e-02
6.485069254444759956e-02
6.465537469536407345e-02
6.489864108960206879e-02
6.476424243542047710e-02
6.405401440607208507e-02
6.400192477152136239e-02
6.460276492037805851e-02
6.413351478451641274e-02
6.416380952741582155e-02
6.398550176562484149e-02
6.412633664901280783e-02
6.423567539482201438e-02
6.492669628654153258e-02
6.539795962981855004e-02
6.397649579310660251e-02
6.473139070066498413e-02
6.493120499562408943e-02
6.464584629140449068e-02
6.429942384856285331e-02
6.504363556653409983e-02
6.442905385330706391e-02
6.439432560204114142e-02
6.458144224929519839e-02
6.459915919427924869e-02
6.449184420802757389e-02
6.531251104017157805e-02
6.470889594959705615e-02
6.452111997703327551e-02
6.516732385497504831e-02
6.505504045206572661e-02
6.497092467827113305e-02
6.457094426971850265e-02
6.497486399636306920e-02
6.487686623278611509e-02
6.441874299712341267e-02
6.398248353362240293e-02
6.471069218816603852e-02
6.501946297387263540e-02
6.560172709966717586e-02
6.535456482405184453e-02
6.548183136875306010e-02
6.548876899290376197e-02
6.482251961469824575e-02
6.444661669761436729e-02
6.521169685305526487e-02
6.527437006570913081e-02
6.525905042251038679e-02
6.432991313649547016e-02
6.507634626430892910e-02
6.457349692023918453e-02
6.487326779987073744e-02
6.508664885734076477e-02
6.478033993396453694e-02
6.467687479326915401e-02
6.471920207882506104e-02
6.474538893921218119e-02
6.493802946458530900e-02
6.430654965014444280e-02
6.506230907416356291e-02
6.480376118904539184e-02
6.469847911412604513e-02
6.419310010949219603e-02
6.434719013286006872e-02
6.452742169240170689e-02
6.548526313386916764e-02
6.508881636783106495e-02
6.518756526457358813e-02
6.534810694308064438e-02
6.586813854047370020e-02
6.474918453031522358e-02
6.496435940241571116e-02
6.529837641340235921e-02
6.482632394147018473e-02
6.583353161800031828e-02
6.505100167243059450e-02
6.566296443842632724e-02
6.456594157673332945e-02
6.480470155906632723e-02
6.479619172249642678e-02
6.466085777442814875e-02
6.527062631559291117e-02
6.467872678321867630e-02
6.535676535552988053e-02
6.517990245244642544e-02
6.429432706385594665e-02
6.542830467010882223e-02
6.507437821011835544e-02
6.536783630684257773e-02
6.540042958159512920e-02
6.493527995877736159e-02
6.491453185290872729e-02
6.437329915223811982e-02
6.542480255842690606e-02
6.516702125414480795e-02
6.541723985326092228e-02
6.496802396241035948e-02
6.495484436753491686e-02
6.516939027577242638e-02
6.535291208348860403e-02
6.529980214910263703e-02
6.401668599496015966e-02
6.463179032779239885e-02
6.478863848163149419e-02
6.482713293435786450e-02
6.491264111040542795e-02
6.503293942023827268e-02
6.470135972961195414e-02
6.459407028258996875e-02
6.504164142213096633e-02
6.458846018662911526e-02
6.526235407089388263e-02
6.570814069794397860e-02
6.563714388803568167e-02
6.445506374990171705e-02
6.506504023279258142e-02
6.550975666228031624e-02
6.522922957817743617e-02
6.522752680409335535e-02
6.473506840000783913e-02
6.437998191446685226e-02
6.535456482405184453e-02
6.531086475310650397e-02
6.530039889880658033e-02
6.570758688353764421e-02
6.506035648627823964e-02
6.491628727963295875e-02
6.540396605008121089e-02
6.558628266992284905e-02
6.556915819678810209e-02
6.509875239691918780e-02
6.554271005288572760e-02
6.494663398239505780e-02
6.566390537611821454e-02
6.557297571677087045e-02
6.559483407384811282e-02
6.581301486622609387e-02
6.504525660332796666e-02
6.514666914606578874e-02
6.538994328195170402e-02
6.534414523620879489e-02
6.534662195834978204e-02
6.529046249257335066e-02
6.505820928674738157e-02
6.576476621401944334e-02
6.561807283070046626e-02
6.551407777506502994e-02
6.465814854590623550e-02
6.533094873819129955e-02
6.491849658987111638e-02
6.595970743661150326e-02
6.552041866713577412e-02
6.535633028248981347e-02
6.563025695600910314e-02
6.561558517677541780e-02
6.544830191771093542e-02
6.507601294675396941e-02
6.538519527507896667e-02
6.580442802474117947e-02
6.460556755663077189e-02
6.528319273453145333e-02
6.458469649050738171e-02
6.435829975019558002e-02
6.632807724246579661e-02
6.541376542436620756e-02
6.479803090778964159e-02
6.508486799278745405e-02
6.539913634144203791e-02
6.506004604469231567e-02
6.610129077582371782e-02
6.514277240845636752e-02
6.509650526799377890e-02
6.516809104300826105e-02
6.537635626382008736e-02
6.606411082595414763e-02
6.520276903165204974e-02
6.530133847935266911e-02
6.559519060353463660e-02
6.569381595660567230e-02
6.551516108638787139e-02
6.543279354253751789e-02
6.559826713946645405e-02
6.585320150813979423e-02
6.588644035703097868e-02
6.537519462458651898e-02
6.577907810049933579e-02
6.629505910724882434e-02
6.563248231734152005e-02
6.557531921433398803e-02
6.533312299942947710e-02
6.541687870787843417e-02
6.628524510722975938e-02
6.557864497566304185e-02
6.589904376799843311e-02
6.669024157015564225e-02
6.568177011373897700e-02
6.593769814815808594e-02
6.614676532043875512e-02
6.540329894101121200e-02
6.606944500679169663e-02
6.635457969172817161e-02
6.607335208732018073e-02
6.581587058379272104e-02
6.579676315521984509e-02
6.647955932031834880e-02
6.608521350617535539e-02
6.573220693788202340e-02
6.530658405369720032e-02
6.611590055435812019e-02
6.564536125885800377e-02
6.561534132118627960e-02
6.524652983878333201e-02
6.565672580819459370e-02
6.579149437356381080e-02
6.536212313837598542e-02
6.559300790621444555e-02
6.491648000584521183e-02
6.604334279056550683e-02
6.607559320943143244e-02
6.569264380917136381e-02
6.603011681224785212e-02
6.667382828056198085e-02
6.747291491771914562e-02
6.720593635187246950e-02
6.756457146019347049e-02
6.762313535928816954e-02
6.751658330689466747e-02
6.766602170430807695e-02
6.766831068818457418e-02
6.774081435798363915e-02
6.762753477658108026e-02
6.743592827922782751e-02
6.733349794132185984e-02
6.852595981031206485e-02
6.830566116261799214e-02
6.789561472042224266e-02
6.784864628005647658e-02
6.784122465178440975e-02
6.835514702801796794e-02
6.778652988146180447e-02
6.798865132136826250e-02
6.867992490512357662e-02
6.741894405107783095e-02
6.792342702491251105e-02
6.757368483295790595e-02
6.740395666087199700e-02
6.718749411783554726e-02
6.737464131731574213e-02
6.789143616655411717e-02
6.748613823948407253e-02
6.833336840538584145e-02
6.837568686955700081e-02
6.877130308978872397e-02
6.747684601292242013e-02
6.772126918673672391e-02
6.768255604235486056e-02
6.861447367490795812e-02
6.808290621101219242e-02
6.763892643284911965e-02
6.724934469060793452e-02
6.809438516339906544e-02
6.826489401900605325e-02
6.840521555920540953e-02
6.793497157771208328e-02
6.773610846424298060e-02
6.799303530355943481e-02
6.764292644621722195e-02
6.743941961265978446e-02
6.727562486169252898e-02
6.816291391878659400e-02
6.786709703853009701e-02
6.788197104093986189e-02
6.757531549445172647e-02
6.760753977101627288e-02
6.784675937241743671e-02
6.801230987850959142e-02
6.768732083262661570e-02
6.843526430649399250e-02
6.891783413163714289e-02
6.800589328032313752e-02
6.781120404081798780e-02
6.837170514554812006e-02
6.756837716927729942e-02
6.726264812694228434e-02
6.795842787463564350e-02
6.803815518834487042e-02
6.827845173852553629e-02
6.787651262767746552e-02
6.760395321597008345e-02
6.802516988922681362e-02
6.680164036077773648e-02
6.813522654955372904e-02
6.771576490084675604e-02
6.780803108207168750e-02
6.778264114291661369e-02
6.837432112620331348e-02
6.783758112513593730e-02
6.839819460449093891e-02
6.835122464467935366e-02
6.731539857351974410e-02
6.877379434366966138e-02
6.765363543693952986e-02
6.727272418343732685e-02
6.771488319587939952e-02
6.742743272343064420e-02
6.777701983983690226e-02
6.826746897415360282e-02
6.815097308820479427e-02
6.759601812767244977e-02
6.751184123311292085e-02
6.789736301778521999e-02
6.755970106859487956e-02
6.831685024522721195e-02
6.826588861008334175e-02
6.858606817627171948e-02
6.747804591307056399e-02
6.815009099981080010e-02
6.717827692802991191e-02
6.856759548006358118e-02
6.829195268798712859e-02
6.809813708353547324e-02
6.780578176856433270e-02
6.872850455072190834e-02
6.801246549165468336e-02
6.807745791436903282e-02
6.837525770293505223e-02
6.822254731077966039e-02
6.735069241203517354e-02
6.847805038986617965e-02
6.828990561444557572e-02
6.732301084755207277e-02
6.846304151429766227e-02
6.847262746429236269e-02
6.750871899937363474e-02
6.834546092697268982e-02
6.849808291424601403e-02
6.849756683867180840e-02
6.840673660646623411e-02
6.768967920499048552e-02
6.801130771774577255e-02
6.780330152484961848e-02
6.765534654872017162e-02
6.845517696052554057e-02
6.856026212739031733e-02
6.812921833881543932e-02
6.821173078141208601e-02
6.771019059901255133e-02
6.853236881543812997e-02
6.805571623415926363e-02
6.797752229145219427e-02
6.861462639517823536e-02
6.813620740136841492e-02
6.832606911820500450e-02
6.832872245204231476e-02
6.821843146184891626e-02
6.724197256180836080e-02
6.854662971111040448e-02
6.872982806276996259e-02
6.833071160085889273e-02
6.816930781049221344e-02
6.760163565236212979e-02
6.798767704550293112e-02
6.813120093121509402e-02
6.877259143995141655e-02
6.874848900408975227e-02
6.839948910254253778e-02
6.802478883162101087e-02
6.893961006808990710e-02
6.824394557168474151e-02
6.817179921240146268e-02
6.880300103309679172e-02
6.827728593983838079e-02
6.846304366627369020e-02
6.783087975144566628e-02
6.817172775802933515e-02
6.860397277727675602e-02
6.838736130383980816e-02
6.812641415322680249e-02
6.819392708003610415e-02
6.818715241242223613e-02
6.779625413453480021e-02
6.849080799401295605e-02
6.836909159191807694e-02
6.812876037235300608e-02
6.781674920156639808e-02
6.809489060984226516e-02
6.848218933367739014e-02
6.828439896084359528e-02
6.870542987859272477e-02
6.812647422592120472e-02
6.764582257242059138e-02
6.854101757233477255e-02
6.870702655294559646e-02
6.841383194180278293e-02
6.817607767741148961e-02
6.898556160934443682e-02
6.884751384928328166e-02
6.840328492000222194e-02
6.819789488329364158e-02
6.910810046553743369e-02
6.873134433062159931e-02
6.862350031980861409e-02
6.836915318037295464e-02
6.904423566384337851e-02
6.827798629263011343e-02
6.820158546622062667e-02
6.919938008729176193e-02
6.849323538994786520e-02
6.838903108203960024e-02
6.790892690272662402e-02
6.861558073711315764e-02
6.816087106622695235e-02
6.922854170621334235e-02
6.823311701177522948e-02
6.783634803862212403e-02
6.920653019251059301e-02
6.910916774845751731e-02
6.842266911624417247e-02
6.841716413372658789e-02
6.860430210690170172e-02
6.848040485389503274e-02
6.895353327139069899e-02
6.907216982145886197e-02
6.887636802432202388e-02
6.860246410940872008e-02
6.941441066564832396e-02
6.874603406078858003e-02
6.921945234006181280e-02
6.930074832523225314e-02
6.833479881443833837e-02
6.887414538420869037e-02
6.865998887960722552e-02
6.850743514241870724e-02
6.892542091456135833e-02
6.863844257702263196e-02
6.905878725332809109e-02
6.828452525054085065e-02
6.880625257171335551e-02
6.809234813917351692e-02
6.925856108939061617e-02
6.925257665889109071e-02
6.870268891641767572e-02
6.839556998033677337e-02
6.834589551882236380e-02
6.890601487769286437e-02
6.812635408063832942e-02
6.921148311723049340e-02
6.929582098294670423e-02
6.894719153891837315e-02
6.883633120010462791e-02
6.947441909106913394e-02
6.940613913976946547e-02
6.952623200415945781e-02
6.834279919799950143e-02
6.899568096706863718e-02
6.861574209041515493e-02
6.894341983510331173e-02
6.963305540764289092e-02
6.884777171551011155e-02
6.853917911412611697e-02
6.904890281143943875e-02
6.820665341879131316e-02
6.898846905683200803e-02
6.942311433590711567e-02
6.951350003882049433e-02
6.930570500649309296e-02
6.868552311744829941e-02
6.968529106802835715e-02
6.908818267773575439e-02
6.910320158694309434e-02
6.891111566321032889e-02
6.979469903689955457e-02
6.870074444093299260e-02
6.877117367564195005e-02
6.988673376754288291e-02
6.950320520971801919e-02
6.978860797716807118e-02
7.006572210227537956e-02
6.988938480858425395e-02
7.043754391914332225e-02
6.985803877344358426e-02
6.962954417273614638e-02
7.019671564967731869e-02
6.844578479747101540e-02
6.947710976379535552e-02
6.913923311488033574e-02
7.003445864802719523e-02
6.965792138698098657e-02
6.919927851119095363e-02
6.970785866298169486e-02
6.939515713372525207e-02
6.971801280918182853e-02
6.975885462118938674e-02
6.985497305048959937e-02
6.945690861331962895e-02
7.004707304673407631e-02
6.996699629587088687e-02
6.953164671671617503e-02
6.923650598921080035e-02
6.914622066297262948e-02
6.964753808089614584e-02
6.902874965325694889e-02
6.929876906699139472e-02
6.980400673854296467e-02
6.898999041482101191e-02
7.018242265956486925e-02
6.967442335936947784e-02
6.968134478360774042e-02
6.929593031568941075e-02
6.932504516520325566e-02
6.965208109785681057e-02
6.956024788043528584e-02
6.949451394523324665e-02
6.968731865143644455e-02
6.990686933613188270e-02
6.965247647500913408e-02
6.942351996367711331e-02
7.016813435295257695e-02
6.982108656827788751e-02
6.941036884130129259e-02
6.944018832562080801e-02
6.978251798049071863e-02
7.051105687532194244e-02
6.982999398916735212e-02
6.946465415329108883e-02
6.949559318383435880e-02
6.914826333992359075e-02
6.981088550229749834e-02
7.018855199776859177e-02
6.949369665258543771e-02
6.910992877283600455e-02
6.973996358399092710e-02
6.938029755065255877e-02
6.925767930823115148e-02
6.913027275942353056e-02
6.988011181542065631e-02
6.975248722183780004e-02
6.909321429553248739e-02
6.988801587011106431e-02
6.950169647458581679e-02
6.977072782211825308e-02
7.092160670885716556e-02
6.956656209009992597e-02
7.070862730754157166e-02
7.063905833725299399e-02
7.010705865337769904e-02
7.005084718557381962e-02
6.938326223358252942e-02
6.987849727156457413e-02
6.900796686345030129e-02
6.964606370963528914e-02
6.985491712645672258e-02
6.961380375088976891e-02
6.960488451680130195e-02
7.026952561393279284e-02
6.978040097055361601e-02
6.958700857261923556e-02
6.913803000108013908e-02
7.021739880430678815e-02
7.057639095551618280e-02
7.003559242060382328e-02
7.056565854099561275e-02
6.989670173592507640e-02
6.966704812537483082e-02
6.949653632723151730e-02
6.938891639725569549e-02
6.958180863063015420e-02
6.988325822890467665e-02
6.955271995840603405e-02
7.037546875344752317e-02
7.000789266385396004e-02
7.000618390763203858e-02
7.067594147206210375e-02
6.997574123411537395e-02
6.958850302455268921e-02
7.037219222646623473e-02
6.935609443580720290e-02
7.004138961433532817e-02
6.968745999879531750e-02
6.991425706561692210e-02
7.057386527168120482e-02
7.104686263815106206e-02
7.004930885693488873e-02
6.999828765134616382e-02
6.989064509664183467e-02
6.995792638635378591e-02
6.975925134288776808e-02
6.992374388103519967e-02
7.006462693379576778e-02
7.007387788456695410e-02
6.983636236734634684e-02
6.981576897479770116e-02
6.986856916983555377e-02
7.000847139091277704e-02
7.040177654756619996e-02
7.049675240156634548e-02
6.974070379878884174e-02
7.002140166604553517e-02
6.991168402362490930e-02
7.025782156190811534e-02
7.003393269266527943e-02
7.088991606873765172e-02
7.040744347109420542e-02
6.996051710066249207e-02
6.988325822890466277e-02
7.040832548324296725e-02
7.052025842046660831e-02
7.008611511868272081e-02
7.006578388136812385e-02
6.923455137773973367e-02
7.044270087248095946e-02
6.930875256097783488e-02
7.061601672361489390e-02
6.967456444419350969e-02
7.069145274673886703e-02
7.042630059130526587e-02
6.936733477379605772e-02
6.970068159310703615e-02
7.005387542430684122e-02
7.024119524712457707e-02
6.962372977163668042e-02
7.017158574688488193e-02
7.007456665042317845e-02
7.010022807532513556e-02
6.996352221562984752e-02
7.028757438274706171e-02
6.989018115045966817e-02
7.055723318058206017e-02
7.004454065008813846e-02
7.023341597252834301e-02
7.032970426739722225e-02
7.059352820559861019e-02
6.987512321228668555e-02
7.042207714036301247e-02
7.009449040787149587e-02
7.026801573728279349e-02
7.074973962880704015e-02
7.008087787688616066e-02
7.038005497982169345e-02
7.020259925142899315e-02
7.088045365566587874e-02
7.071967467118286943e-02
7.069668110055191135e-02
7.041952035460677384e-02
7.073353709139056089e-02
7.041699813901328153e-02
7.059956941938520802e-02
7.065330412827908191e-02
7.027091283234521146e-02
7.136057972861635512e-02
7.040334509511891881e-02
7.094491002340902464e-02
7.070550039154845090e-02
7.053538020829507038e-02
7.077536421463434535e-02
7.068733819800847307e-02
7.079382906891248939e-02
7.114369315378898939e-02
7.062257738963922948e-02
7.054114233744673834e-02
7.043139889734988113e-02
7.059346593042839513e-02
7.055257487943976391e-02
7.078579862126620215e-02
7.101389357235082800e-02
7.088527350615668465e-02
7.036395064273950894e-02
7.080324463421559800e-02
7.098385651250785355e-02
7.046904253787178440e-02
7.054361700210222408e-02
7.025926605333857045e-02
7.076646927261405484e-02
7.073289382157400829e-02
7.003324139236263846e-02
7.113370526089911328e-02
7.049167140821796518e-02
7.077425327645607556e-02
7.096927911812477008e-02
7.067020612717934969e-02
7.042683294650116388e-02
7.068930294604473807e-02
7.082291520290558140e-02
7.080668937226418380e-02
7.038860848512860924e-02
7.055058443988954098e-02
7.021447378005010731e-02
7.034973233432013917e-02
7.112511573534116560e-02
7.071555847981422782e-02
7.077948054361968278e-02
7.124575499355241537e-02
7.040854869719591347e-02
7.090634841733420290e-02
7.110704020340666287e-02
7.079918789717262739e-02
7.072790033185921699e-02
7.068564611945071796e-02
7.150702643316773910e-02
7.068988341138715548e-02
7.133525733301337990e-02
7.042841232030075393e-02
7.150869623685786325e-02
7.133957231654514120e-02
7.094603095786544689e-02
7.056975768659078108e-02
7.107238382370563434e-02
7.079301006773017213e-02
7.063701471022196254e-02
7.027729233926174879e-02
7.152152917137567789e-02
7.115712247433009230e-02
7.129168853939170380e-02
7.186131582329538525e-02
6.990090255017976373e-02
7.224074617654474562e-02
7.168790898622323660e-02
7.157146562024828407e-02
7.095045597930577097e-02
7.108540917159240913e-02
7.111439816321521445e-02
7.091202545154265402e-02
7.073448080633944202e-02
7.097429143404154761e-02
7.085030094531762079e-02
7.061109704963326739e-02
7.128339101814014367e-02
7.141660213919712175e-02
7.213670537768267221e-02
7.128226149366911901e-02
7.158906257661822037e-02
7.146332992132393980e-02
7.201103970662296738e-02
7.117018601482297258e-02
7.068598343140755635e-02
7.071961447515651145e-02
7.075197672335996335e-02
7.110173604265634939e-02
7.164097383451983880e-02
7.119475191052961061e-02
7.193914753333806311e-02
7.271657755763138997e-02
7.254349972693865944e-02
7.334672825307166077e-02
7.310647248829582612e-02
7.277431505382210564e-02
7.316129434447404822e-02
7.284515282324402485e-02
7.221478744571536990e-02
7.278231910119893622e-02
7.258003171124029207e-02
7.193805932971902850e-02
7.254759822663911506e-02
7.326881813672146693e-02
7.273091582759995399e-02
7.264326745702091859e-02
7.281514474359350453e-02
7.237781588993986992e-02
7.255031180671857316e-02
7.237330305657288521e-02
7.328097421931760447e-02
7.242815695782314767e-02
7.301233506593544920e-02
7.235683689107889893e-02
7.318439266213673522e-02
7.294463543472337608e-02
7.298744485953949368e-02
7.298734421145705586e-02
7.336219516439822230e-02
7.352819817625129428e-02
7.260870879048425541e-02
7.312861226828151762e-02
7.284860123668059073e-02
7.281731695572783714e-02
7.320245955094163703e-02
7.321820185145506976e-02
7.326306066231323688e-02
7.267065778767616002e-02
7.389680173694515575e-02
7.285207901120689666e-02
7.268711475661751575e-02
7.250833494014223557e-02
7.246687414117537751e-02
7.358754913164837486e-02
7.259739831065109561e-02
7.286408907741287466e-02
7.219517450517820567e-02
7.377489746614337984e-02
7.209359273098213394e-02
7.367607970326178757e-02
7.237871646862019392e-02
7.311285164788208779e-02
7.261768135955409820e-02
7.279914974789411519e-02
7.230920129773904526e-02
7.368931605446148170e-02
7.272175209168522947e-02
7.384800976025268637e-02
7.346137807647623585e-02
7.274653727331995001e-02
7.324613779672742297e-02
7.335448561445694071e-02
7.352395037316962478e-02
7.296261608175087787e-02
7.308549132146609228e-02
7.338914279668966312e-02
7.315166685749036057e-02
7.278726649897107603e-02
7.320364573129786723e-02
7.372998585090370649e-02
7.310859875113492889e-02
7.229984718688657608e-02
7.280681148481200904e-02
7.220498283808519935e-02
7.227143817368161804e-02
7.217826252744395654e-02
7.331636228037544112e-02
7.305112754768890160e-02
7.272833646794006623e-02
7.226918676030379129e-02
7.267535643740269391e-02
7.327727357243742079e-02
7.339708836601120667e-02
7.317736112273157123e-02
7.255904950305806789e-02
7.211680668447066622e-02
7.346576847039214264e-02
7.308254729941442152e-02
7.181971322504279720e-02
7.227658359202376870e-02
7.302530289857551982e-02
7.345771829568169264e-02
7.279248527645612588e-02
7.337486913511154230e-02
7.229339282196635408e-02
7.245552489945351893e-02
7.348575071748725263e-02
7.300017797330674019e-02
7.368288436451153611e-02
7.233040926433484397e-02
7.266718407540057045e-02
7.342687946075199257e-02
7.297935421091936159e-02
7.241016439129467630e-02
7.292224786374605638e-02
7.280050391260325937e-02
7.264158597740708045e-02
7.344096245664175071e-02
7.310915943850783416e-02
7.279633129159517047e-02
7.278368796134866703e-02
7.304246060727422052e-02
7.336648765407327577e-02
7.340982383148494939e-02
7.334957938725041038e-02
7.344661279894004746e-02
7.355734156589514849e-02
7.316885424221768186e-02
7.330159493998446296e-02
7.306895282455741492e-02
7.263897275884054205e-02
7.263444729146267820e-02
7.250764753286988162e-02
7.366628354212653718e-02
7.294809730039567008e-02
7.261684199071298529e-02
7.282186510482493991e-02
7.323975052608516778e-02
7.307988025550812838e-02
7.337934436036232244e-02
7.254931632649955220e-02
7.313867958901112964e-02
7.284303514248133271e-02
7.323680125989137646e-02
7.264158024387257218e-02
7.327012334607850563e-02
7.404675056570439451e-02
7.279170433770630610e-02
7.279883740191499253e-02
7.306245003025338414e-02
7.328705020567892470e-02
7.199236001585725131e-02
7.266639243783853952e-02
7.235887683929168035e-02
7.206636712044857396e-02
7.283558249463799317e-02
7.185928999198454292e-02
7.255758701228831598e-02
7.260096203234826795e-02
7.335827853061858972e-02
7.152048151705814316e-02
7.270353459343661950e-02
7.162215176292947849e-02
7.268365479080356184e-02
7.405798208649572167e-02
7.301885911323448275e-02
7.355339173848257639e-02
7.240845747349648753e-02
7.338200330285754580e-02
7.375609406431841986e-02
7.354945568958082269e-02
7.304577429881609074e-02
7.294019001232830701e-02
7.332451894125982528e-02
7.304730583229658569e-02
7.329859614884692842e-02
7.279396073583296878e-02
7.315788602052893108e-02
7.307999348704788400e-02
7.343172285674341715e-02
7.355881674207301324e-02
7.239940636601237267e-02
7.274694572297386863e-02
7.294740999843353502e-02
7.343120599046944197e-02
7.260137584208145589e-02
7.262889644920693388e-02
7.360977073555331762e-02
7.277948304852256689e-02
7.262216067943307041e-02
7.252676715511209571e-02
7.391570148148987607e-02
7.350136460466259736e-02
7.345510464615051527e-02
7.284041876952095096e-02
7.364033540191283755e-02
7.280517367533084760e-02
7.278320037181169877e-02
7.318105977716271582e-02
7.383998185402267100e-02
7.280766358664861326e-02
7.276620819667514728e-02
7.280816129211395427e-02
7.324799763666937913e-02
7.305167313722023270e-02
7.314489378536623287e-02
7.316342729746524998e-02
7.320201852223341688e-02
7.368509310114218502e-02
7.355909936865562271e-02
7.232134604557126367e-02
7.292327210483677546e-02
7.275841939912208733e-02
7.355313095019670733e-02
7.267902901426551154e-02
7.268588013593429986e-02
7.332193892529145773e-02
7.339002681422274188e-02
7.328924739437990554e-02
7.260485134629342252e-02
7.379455059308018261e-02
7.317916102227181585e-02
7.368285597309523483e-02
7.276764967533065620e-02
7.322766989325905918e-02
7.353033633351903353e-02
7.328285006452549266e-02
7.266727439786802023e-02
7.262597508260311419e-02
7.375868439087557293e-02
7.305255451036112013e-02
7.262395167980667532e-02
7.322399073872114250e-02
7.244352567000365839e-02
7.335674101528069646e-02
7.324664558037764783e-02
7.330286269294679358e-02
7.344467061146787989e-02
7.317072299817421743e-02
7.296136453336810046e-02
7.326367809989792201e-02
7.311366860436069315e-02
7.293787502710213921e-02
7.290983997378343295e-02
7.331258449668777433e-02
7.290807579699545848e-02
7.325588527317554444e-02
7.278525296395507715e-02
7.328767286939291692e-02
7.296004445467099697e-02
7.279283973243698413e-02
7.386213022805684925e-02
7.302663719132312936e-02
7.287002333829641076e-02
7.276047385256681488e-02
7.413924173911644322e-02
7.369351542928322119e-02
7.321468208855658188e-02
7.336282381727886326e-02
7.341826021758079968e-02
7.317767838042177342e-02
7.312673869717863095e-02
7.287354943899324033e-02
7.287365231140310873e-02
7.274023366724148565e-02
7.266846988246342121e-02
7.321139252343511483e-02
7.381043406164550236e-02
7.320850656039747106e-02
7.324235041830626236e-02
7.332033495391346301e-02
7.296029575602340500e-02
7.304080469265451792e-02
7.396411562038765486e-02
7.343115421463181081e-02
7.370632385421119204e-02
7.321041733716833477e-02
7.279004116713268246e-02
7.344611977366392874e-02
7.320408574403391988e-02
7.240961104875187626e-02
7.341259179562695247e-02
7.320774605674583435e-02
7.338914279668964924e-02
7.347151016824220171e-02
7.275712383535853922e-02
7.262395167980667532e-02
7.319497333068349099e-02
7.346026313163349364e-02
7.333459916760717845e-02
7.307171692291554443e-02
7.434856008681836603e-02
7.376202549064792002e-02
7.399410304355170942e-02
7.302164238223798898e-02
7.308112295606929154e-02
7.305413015046047231e-02
7.273638738027148054e-02
7.344108904355815814e-02
7.330714025344312046e-02
7.398308771920421301e-02
7.294516165491037041e-02
7.321733459692171542e-02
7.315558831774247872e-02
7.275746054691026310e-02
7.338427238213994508e-02
7.313048544098878223e-02
7.300596836861811267e-02
7.338420774258068435e-02
7.300524014708292819e-02
7.344811438362727762e-02
7.211449467379943412e-02
7.339060761139988565e-02
7.314005937984015271e-02
7.280687564177447391e-02
7.372095182621621334e-02
7.366852463491195546e-02
7.342965095095822792e-02
7.304405647319010819e-02
7.315548155246490158e-02
7.300420721547401515e-02
7.315220343697959038e-02
7.336652951997296723e-02
7.246898723128913922e-02
7.320849849130219023e-02
7.310633616558603887e-02
7.325311816314224178e-02
7.264449566818349802e-02
7.301761631452738377e-02
7.295567532750928119e-02
7.371412270724506111e-02
7.308385498264215185e-02
7.240391090406368690e-02
7.298427485138334059e-02
7.350920364632891613e-02
7.213523141357029711e-02
7.312460968517189852e-02
7.282169536955672429e-02
7.241654661432585238e-02
7.278531710932500953e-02
7.243714125493312672e-02
7.374750858230481876e-02
7.387403082559562684e-02
7.249096937603967394e-02
7.359145151386529971e-02
7.330561220405067135e-02
7.347977854846282630e-02
7.363962915053076652e-02
7.342852789603979136e-02
7.330064912584240144e-02
7.312191488753545798e-02
7.320217166655393348e-02
7.395468643087999006e-02
7.365944094277554477e-02
7.270402535070898120e-02
7.318710791656665715e-02
7.370560995770655821e-02
7.258167371133716905e-02
7.349270841374359875e-02
7.284977448012103229e-02
7.279713867034874608e-02
7.408164363755466442e-02
7.310915418596282411e-02
7.253737062682390213e-02
7.365290901213486507e-02
7.278365354367180573e-02
7.275411844159046515e-02
7.368209639683188927e-02
7.259962979170561659e-02
7.289275489750432491e-02
7.359699094872340641e-02
7.353748057538619931e-02
7.237476603967694933e-02
7.309125902049287693e-02
7.335099537094540156e-02
7.325594986518979557e-02
7.367056763838829292e-02
7.287967916400600599e-02
7.231627519276168092e-02
7.297260172293464076e-02
7.386608894928890778e-02
7.323211663216176726e-02
7.312435412356718678e-02
7.259944613935792601e-02
7.282725882781979077e-02
7.315244747337873443e-02
7.395335054387418283e-02
7.391690304942868939e-02
7.311278479634018834e-02
7.398800808715221000e-02
7.304835813241292164e-02
7.336681584866973360e-02
7.350712985609868244e-02
7.182493294927366767e-02
7.301343209814295521e-02
7.350095523848651502e-02
7.277056665112452416e-02
7.359485060616814678e-02
7.392088540618561854e-02
7.277775704197241013e-02
7.258010325083441572e-02
7.334695777527848459e-02
7.344749368683660407e-02
7.349002555027116246e-02
7.367485223296617314e-02
7.307367940885571567e-02
7.342751442057068867e-02
7.351323455644415139e-02
7.339620773410819587e-02
7.234970923912925622e-02
7.236333767511067550e-02
7.368764406298751457e-02
7.293724905109803813e-02
7.329575521488387868e-02
7.259522261922973785e-02
7.315130219729244765e-02
7.372396588932243755e-02
7.225987259456578826e-02
7.369028352918322033e-02
7.278013837529606622e-02
7.270307915848066294e-02
7.364950516334016484e-02
7.301761631452736989e-02
7.330419517173919486e-02
7.280854516414017596e-02
7.281308321263496586e-02
7.325672118166004498e-02
7.318952383579173382e-02
7.321973162863307238e-02
7.253584247758183834e-02
7.259311104343978138e-02
7.261930799416420335e-02
7.265593611780826744e-02
7.328623307071667481e-02
7.291218640003246931e-02
7.266898600530699581e-02
7.232229184602582961e-02
7.301336772932877361e-02
7.283083810917229117e-02
7.245517039514468016e-02
7.298465134882263505e-02
7.278711224841595551e-02
7.249482018817771101e-02
7.302142975147493664e-02
7.321893108603762246e-02
7.323826042563852390e-02
7.348647121846466068e-02
7.265588338588982453e-02
7.289370070809231272e-02
7.312554884343275274e-02
7.255175562629676000e-02
7.279378529073353421e-02
7.322345350046363666e-02
7.247712623040006297e-02
7.289740809536111865e-02
7.282697958544880057e-02
7.323117140067599007e-02
7.311553660670526422e-02
7.301637358813557743e-02
7.306888843478172302e-02
7.331636228037544112e-02
7.378133513872363325e-02
7.314166930306977010e-02
7.402595789029141338e-02
7.298064119852255838e-02
7.291658439640102962e-02
7.409850741817135267e-02
7.343807362519322313e-02
7.222636596112380625e-02
7.316433620000309390e-02
7.372911426765818566e-02
7.357838078971237761e-02
7.228178545587679582e-02
7.313829734949424399e-02
7.365765195258131004e-02
7.377697820712862675e-02
7.341697008105156630e-02
7.382571384835721895e-02
7.344579660855675429e-02
7.340267180756430976e-02
7.296456083975116913e-02
7.339923512021216678e-02
7.289811274567581378e-02
7.373121038627854229e-02
7.305993602352384153e-02
7.241193381289993958e-02
7.332898821870655059e-02
7.398060261381744773e-02
7.293293871627759550e-02
7.311704059044046855e-02
7.286004137837208405e-02
7.315372368703598749e-02
7.350482583974909945e-02
7.303774860308637207e-02
7.416130277942216409e-02
7.327005875472300533e-02
7.322618501911715150e-02
7.333600117350352887e-02
7.321893108603762246e-02
7.251797366188901528e-02
7.318923720398873289e-02
7.304914595492796592e-02
7.317278765625306880e-02
7.278075709073297817e-02
7.299260816273325791e-02
7.370004750192331311e-02
7.367036047265393406e-02
7.277188654360285114e-02
7.307969157709894026e-02
7.302172722554195472e-02
7.370426269980459577e-02
7.325531503579356396e-02
7.380441233800578982e-02
7.367887853095736461e-02
7.369313446764699793e-02
7.335095167959732043e-02
7.314673713869912497e-02
7.343040319057368703e-02
7.257451496185958473e-02
7.254370361054307548e-02
7.329984744934031626e-02
7.365725987847125678e-02
7.368717203305638619e-02
7.239246636465686280e-02
7.344655334548715053e-02
7.304199664070572251e-02
7.318130560259178408e-02
7.294045624785858162e-02
7.256640626229790558e-02
7.230101964855396857e-02
7.240220176868351898e-02
7.259774646126325448e-02
7.266134499168090677e-02
7.262925753348863089e-02
7.322254609744126286e-02
7.320423481788942977e-02
7.259733431786553892e-02
7.398399754262002803e-02
7.338700862289163074e-02
7.289935102583193494e-02
7.286750998001720325e-02
7.300706013605635925e-02
7.290841912236807609e-02
7.286242560899836018e-02
7.234242238787887136e-02
7.286363326118527883e-02
7.311504336750344890e-02
7.273601715265184953e-02
7.314162504096885509e-02
7.270184133780720204e-02
7.310592616180845715e-02
7.247820808627038203e-02
7.296965781595192435e-02
7.370609391961945034e-02
7.462320346184343756e-02
7.357565794687977168e-02
7.300442333189585686e-02
7.226730127531985626e-02
7.205028834369918422e-02
7.266990340843766660e-02
7.321340840943552086e-02
7.239794178879725706e-02
7.240086036064706521e-02
7.291924622258341704e-02
7.381465117669980258e-02
7.268916357008560480e-02
7.334093083927500922e-02
7.335394595508816507e-02
7.327921157556990805e-02
7.253071768432566013e-02
7.316521787931687393e-02
7.357432740977012942e-02
7.305048104168941625e-02
7.329938419409211259e-02
7.273138201829947025e-02
7.371410701674996346e-02
7.288257156581169627e-02
7.259733431786553892e-02
7.293429848239581237e-02
7.189532321840658158e-02
7.269052372900230985e-02
7.258153049018105374e-02
7.292300734335580015e-02
7.401633656222812718e-02
7.332254874073956818e-02
7.340069690101408417e-02
7.347730907728346195e-02
7.268043604575670502e-02
7.250537173314870742e-02
7.362426596351794028e-02
7.277729629392062916e-02
7.298484437819775794e-02
7.277685089791309514e-02
7.316792621091937343e-02
7.366226137385732675e-02
7.325078194220593919e-02
7.278499373920803428e-02
7.322099764379043363e-02
7.340058283818225171e-02
7.285683501417394847e-02
7.253532383824226604e-02
7.283039928543960650e-02
7.327074443676744042e-02
7.269679509147845831e-02
7.317586329073016982e-02
7.202588413401438128e-02
7.284232286023227532e-02
7.230966380164073615e-02
7.276210387064041551e-02
7.227773989822826317e-02
7.278531710932500953e-02
7.284844335759046996e-02
7.324228128998655496e-02
7.325946731300903014e-02
7.215420340129813370e-02
7.244581342546782543e-02
7.268084098377290692e-02
7.220053035158023602e-02
7.260536705266039392e-02
7.263487439830330905e-02
7.282242926798895843e-02
7.341409152407783745e-02
7.337802575202603816e-02
7.198113561865904231e-02
7.407981221905701741e-02
7.328347642699047093e-02
7.318887841896089264e-02
7.304223625106438800e-02
7.282366849359465932e-02
7.307009625936938813e-02
7.323406259210242519e-02
7.309496183528095548e-02
7.313161442478532948e-02
7.293621325576316039e-02
7.357293099877483533e-02
7.331042733015204205e-02
7.301116156729033080e-02
7.401222812023477982e-02
7.315191082204421102e-02
7.303821082376851792e-02
7.289328718279200481e-02
7.257525706191061965e-02
7.251570277023575151e-02
7.328950031576482449e-02
7.252350821058919927e-02
7.317588076628689375e-02
7.227845908446695056e-02
7.248867838159095411e-02
7.319130208587595887e-02
7.262128673349192709e-02
7.195098739342709049e-02
7.280383124251500748e-02
7.292012739069189675e-02
7.294457113591368280e-02
7.263867199131826546e-02
7.232261331477980726e-02
7.265967476155921201e-02
7.298345759140993649e-02
7.273219926346362330e-02
7.274912620544655983e-02
7.260871224517846667e-02
7.311134591561610496e-02
7.336012377810270657e-02
7.318431730852073547e-02
7.271322993550712044e-02
7.334869757965387094e-02
7.300639611545955976e-02
7.242456724871443319e-02
7.222692236303354663e-02
7.302252346347987144e-02
7.311979174975606621e-02
7.293121425568392657e-02
7.261645115919906912e-02
7.254727050511493303e-02
7.210514859919613107e-02
7.270350198838997080e-02
7.284113273298939428e-02
7.277471038992000540e-02
7.329155907374550194e-02
7.300648186532364414e-02
7.240452241730839511e-02
7.254444407996292477e-02
7.303490647444285666e-02
7.366495784352181109e-02
7.333690001036932693e-02
7.210948699513679283e-02
7.279442652966014449e-02
7.285959822205116676e-02
7.268621924115081789e-02
7.267368311187782925e-02
7.239489416087713236e-02
7.257295715482237064e-02
7.268838017815981711e-02
7.265171273993931145e-02
7.250299397414597391e-02
7.292410260478564277e-02
7.309288808351839528e-02
7.167537310455486532e-02
7.290098797670520325e-02
7.212199688336089209e-02
7.296225685431451113e-02
7.195472208229346245e-02
7.289135317190928443e-02
7.353917300528323153e-02
7.282236807322545191e-02
7.274695446358643569e-02
7.246686020809341156e-02
7.201692242609634975e-02
7.254720657505581149e-02
7.245546144182149484e-02
7.231461859271096082e-02
7.236826114461690496e-02
7.183740430066425098e-02
7.251935399702789942e-02
7.243148558993570130e-02
7.276721608122982410e-02
7.255736088437661491e-02
7.181648429922282695e-02
7.225212405816995587e-02
7.284224550286695632e-02
7.221654957852403911e-02
7.176783849433072959e-02
7.169818330669337769e-02
7.205028834369918422e-02
7.198404731027531478e-02
7.246142362090413069e-02
7.173977570471568033e-02
7.256036612983306211e-02
7.250805748203924261e-02
7.244732514555403402e-02
7.167952201053655326e-02
7.241553240522123625e-02
7.253046078058841828e-02
7.232782711228433192e-02
7.236022554274404439e-02
7.241043758936015207e-02
7.264333142905612939e-02
7.282689335743872117e-02
7.183537820278707020e-02
7.237448949673788712e-02
7.268084098377289304e-02
7.201527345363294141e-02
7.258126834652575687e-02
7.241559615453031784e-02
7.219712458031161961e-02
7.225124431797803892e-02
7.210596521306943119e-02
7.243839752270442300e-02
7.232092024716518797e-02
7.266524284903574937e-02
7.214240847703977388e-02
7.254268312010535291e-02
7.234755610109935842e-02
7.174823447815641131e-02
7.273593243892666205e-02
7.159453768365979520e-02
7.198479782974256946e-02
7.188818059746243661e-02
7.207604277988598207e-02
7.100087162025328635e-02
7.269304686148690686e-02
7.216526571448692029e-02
7.226912314167482920e-02
7.234494823548683062e-02
7.196930039952161018e-02
7.239843958779448863e-02
7.266392478417858791e-02
7.277244713313313351e-02
7.190475696568870978e-02
7.242935900914411473e-02
7.242699787831514968e-02
7.239646513972619601e-02
7.197725343005763332e-02
7.248770457155760683e-02
7.166294788387915504e-02
7.157361842142753727e-02
7.197548145336674086e-02
7.198254552323524180e-02
7.161732060624277640e-02
7.165884719957178739e-02
7.215705221962816218e-02
7.183832489466715487e-02
7.183082395215377447e-02
7.223607753961275302e-02
7.216276335524364482e-02
7.270018323928867376e-02
7.265215958438063504e-02
7.184963739636344993e-02
7.168902514891006827e-02
7.168164215435803011e-02
7.261145365741053515e-02
7.179385192588269571e-02
7.269184542142845262e-02
7.170651300601675604e-02
7.181658997044042259e-02
7.217606483478375412e-02
7.209264959009009655e-02
7.214873159395063240e-02
7.190374358305065550e-02
7.210405733551834839e-02
7.217963462406115638e-02
7.228948655615140273e-02
7.209028727630963085e-02
7.110195829034271497e-02
7.207596984821434960e-02
7.191284404896697291e-02
7.108944110989469378e-02
7.195648583978483948e-02
7.174596119546483575e-02
7.164309591652422149e-02
7.239640144964606949e-02
7.038184834741148532e-02
7.152053270036047572e-02
7.156758727240684903e-02
7.148984691710662254e-02
7.101613528083633442e-02
7.184462666684392207e-02
7.229584744548894770e-02
7.202161682870107662e-02
7.129009753906535851e-02
7.216682787541076061e-02
7.232634269911147884e-02
7.234726470403191056e-02
7.153658807816903886e-02
7.147283707621746029e-02
7.181025704263981069e-02
7.154471424102203103e-02
7.152199456521074472e-02
7.121562255060936986e-02
7.100852955576240910e-02
7.186605498537886050e-02
7.107368040615935634e-02
7.188484672839430545e-02
7.162443575222744718e-02
7.069377648813471304e-02
7.136840041576140992e-02
7.146403357173378157e-02
7.128023398292812618e-02
7.150221375643747712e-02
7.153229279583865619e-02
7.163264566429443370e-02
7.152204442027092213e-02
7.222830560419805923e-02
7.161026966835558338e-02
7.106904850025289044e-02
7.127070631355998664e-02
7.143032144818396711e-02
7.114172586514611041e-02
7.132391777598423577e-02
7.156631275910686762e-02
7.151965199167502341e-02
7.149078982352936873e-02
7.103928490243539839e-02
7.110425596609064314e-02
7.157657639913518610e-02
7.102962508061176627e-02
7.140856382440331773e-02
7.070811809022713168e-02
7.216141603703066232e-02
7.212618898417476332e-02
7.090378262809368670e-02
7.208739079180799536e-02
7.162565214539871883e-02
7.183429304014997407e-02
7.122099692910316415e-02
7.110657849185123003e-02
7.162967887821342083e-02
7.100882456229469508e-02
7.110363280402255681e-02
7.112072702392091550e-02
7.113368037377745812e-02
7.168986521085782271e-02
7.109032079978322427e-02
7.137215937021966494e-02
7.133072007140053850e-02
7.106301786892821326e-02
7.097246306895968471e-02
7.104798478700605213e-02
7.106147309039624604e-02
7.153220963025762325e-02
7.094695381382724875e-02
7.058178125166059136e-02
7.121042300669008784e-02
7.106596186126470927e-02
7.069755597147844850e-02
7.082993259278082265e-02
7.181977852684096053e-02
7.068767359849216503e-02
7.075491440713140012e-02
6.974253964465287892e-02
7.131872918453333043e-02
7.124059249771930169e-02
7.087706907257014521e-02
7.063535938126014324e-02
7.090585030053077331e-02
7.064101693184358932e-02
7.103851045307492396e-02
7.072648012566042086e-02
7.046294153496981960e-02
7.065458065096785756e-02
7.026213945656484272e-02
7.099498762921617467e-02
7.077676118539265315e-02
7.040655062569900480e-02
7.103160539667331685e-02
7.036014651058589142e-02
7.037483549956487228e-02
7.045949960641023635e-02
7.014865755303112405e-02
7.073224491214100129e-02
7.047866500959808211e-02
6.976470751832343498e-02
7.113237446498242578e-02
7.040081254529965971e-02
7.168986195299129061e-02
7.042737775670883382e-02
7.040898553095846502e-02
7.122492333930541264e-02
7.039317460265720472e-02
7.020556510833234065e-02
7.069791532258930256e-02
7.072419956921507933e-02
7.030361437840661198e-02
7.050379790441084482e-02
7.031637970456476594e-02
7.011215324286741712e-02
6.981054936478539585e-02
7.021189141319247873e-02
6.970287711862784008e-02
7.088507190487557119e-02
7.032620044122854519e-02
7.030611030797129235e-02
7.039891258042045574e-02
7.104485420677429663e-02
6.976034369195538432e-02
7.009583514855265152e-02
7.025197633602210667e-02
7.022982940088219606e-02
7.000283985483764237e-02
6.973586764215815303e-02
7.042112467772260187e-02
6.995277142233079226e-02
6.992988673445901804e-02
7.031586556688383671e-02
6.999691753666474614e-02
7.035512774461079311e-02
7.009313468654983226e-02
6.989481819047284328e-02
6.927256245985220773e-02
6.964407871124100868e-02
7.005215251899871154e-02
6.975415484789301845e-02
7.009334844811862530e-02
6.922354972717477406e-02
7.005825666795130469e-02
6.942007188664106598e-02
7.034022790547631021e-02
6.961538299501650318e-02
7.026970358711333298e-02
6.992655905148202622e-02
6.906932983159916328e-02
6.970862133478987477e-02
6.949606464704212450e-02
6.968225239946011784e-02
6.942685521522450054e-02
6.975786926525048837e-02
6.870195625955403951e-02
6.918252240426164823e-02
6.912636013199706386e-02
6.915830587395624396e-02
6.943196735175878598e-02
6.910433426887775676e-02
6.897801386010253555e-02
6.923354001189142848e-02
6.896223038335540234e-02
6.854017812147158994e-02
6.802121721164638979e-02
6.833947831716474797e-02
6.918041919770120951e-02
6.928573126463939691e-02
6.934290026723745337e-02
6.904332172946808788e-02
6.910646322831584532e-02
6.863238315050448901e-02
6.926955552375656244e-02
6.877777188298583866e-02
6.968160360768578532e-02
6.870149892342305997e-02
6.889709627829465610e-02
6.869551264052912998e-02
6.826760811536107532e-02
6.868366548173064634e-02
6.885296383108605034e-02
6.912328460642774841e-02
6.921839974303628518e-02
6.823169634682350881e-02
6.873931521098203268e-02
6.883927494192412788e-02
6.841055716494559569e-02
6.875595749321121442e-02
6.852610410209718228e-02
6.821683330551900348e-02
6.776710838896884970e-02
6.836163263920526367e-02
6.959360913938225646e-02
6.844724915900644857e-02
6.854835753250972108e-02
6.820290050182564734e-02
6.829962295989649990e-02
6.715653777713607997e-02
6.844441454339279807e-02
6.849898689107600247e-02
6.793384051674174196e-02
6.864428430186242380e-02
6.798381844011076869e-02
6.815903743417198180e-02
6.782286650310050125e-02
6.730859367450212072e-02
6.764917841595080583e-02
6.736425018536593146e-02
6.731319336101146411e-02
6.716414665624488578e-02
6.798840706798846278e-02
6.734931739413764495e-02
6.747218901887030995e-02
6.788048385759964942e-02
6.760567587710780701e-02
6.721932241257590201e-02
6.804491016177209584e-02
6.753229272707200748e-02
6.732078322010714988e-02
6.757210492669127322e-02
6.776136654475804766e-02
6.721306592082752773e-02
6.657751167166728323e-02
6.630524289417050188e-02
6.772874874515273647e-02
6.761906449967688970e-02
6.728330630566706216e-02
6.765114236981828455e-02
6.693483052367141251e-02
6.675478575959874206e-02
6.786831816092192549e-02
6.623876895573366230e-02
6.689225816491184418e-02
6.696676031465187418e-02
6.702472181790276873e-02
6.632888197233684224e-02
6.674699399708498848e-02
6.665317319243040106e-02
6.695031601214854189e-02
6.625655598150156922e-02
6.681675032779357815e-02
6.616039270799012328e-02
6.661853722874117034e-02
6.679629254807914474e-02
6.669677322838349354e-02
6.600436593560461696e-02
6.594018383414870788e-02
6.561212801552730733e-02
6.620286801517473452e-02
6.669751741166289605e-02
6.601698412490568380e-02
6.663561548239513299e-02
6.565031852916548838e-02
6.642619309937619620e-02
6.603641090933969060e-02
6.502374085977678797e-02
6.571768107552411475e-02
6.604824420936522555e-02
6.587687743988400457e-02
6.622370624945286832e-02
6.552114845997264458e-02
6.566448402705973852e-02
6.547511889372538418e-02
6.508364119635728917e-02
6.528043360050242438e-02
6.578868318556865824e-02
6.489274310379022914e-02
6.567052069464983377e-02
6.556325880804654560e-02
6.559446058432659432e-02
6.641461605109001687e-02
6.496678685556961375e-02
6.590545732367555920e-02
6.548813324493438226e-02
6.494602616635798686e-02
6.497026824525732602e-02
6.431614354621194296e-02
6.522271798732805215e-02
6.419671036363112926e-02
6.566686651436781652e-02
6.486551234069104499e-02
6.511005031001421139e-02
6.495166821623131470e-02
6.417103291963766054e-02
6.422283156588859399e-02
6.441276513357886702e-02
6.413087425813500386e-02
6.448328696211035049e-02
6.448122998781415094e-02
6.388150619208934899e-02
6.417760794335601593e-02
6.379617340489310284e-02
6.436308842318726187e-02
6.402496292451355375e-02
6.438652642001364834e-02
6.424496916721587902e-02
6.346242714723958345e-02
6.431687489742983488e-02
6.387519561399568335e-02
6.389078334939908566e-02
6.375619809133051263e-02
6.374829059879730253e-02
6.304812306686105594e-02
6.318606901957879440e-02
6.320275347356914264e-02
6.355771623801660664e-02
6.328837048493349271e-02
6.290141874327039029e-02
6.326548295982632741e-02
6.352515038571543426e-02
6.276788931780867553e-02
6.317227266601031788e-02
6.324828130287309114e-02
6.225633378762428227e-02
6.214828298382178012e-02
6.308263168940791976e-02
6.305558890419714346e-02
6.250548803371205886e-02
6.208631911443041052e-02
6.241634269457339151e-02
6.266072275548915937e-02
6.263721626407639520e-02
6.233849920053987498e-02
6.221268509249320428e-02
6.199899673624287982e-02
6.232764005922743211e-02
6.244571201816073724e-02
6.198712858089504979e-02
6.101705156775759364e-02
6.190139479094148439e-02
6.125357458218419482e-02
6.144595106450951444e-02
6.179450662656339049e-02
6.085420095518720429e-02
6.177442709549860883e-02
6.110600450954884605e-02
6.179058641554067977e-02
6.168324639400057929e-02
6.116063300269478781e-02
6.076711444590949390e-02
6.068095904604366847e-02
6.092810581199311487e-02
6.090703938760056585e-02
6.042857372852703662e-02
6.036652871164175510e-02
6.030298140765705944e-02
6.032776080919170780e-02
6.081729339352694164e-02
6.074518479900843648e-02
6.055916543678759728e-02
5.990879725908422604e-02
6.032465316754034163e-02
6.093611609117905586e-02
5.959448593540120354e-02
5.991134270144098106e-02
5.890393314719816198e-02
5.919695441299432925e-02
5.846317763173824317e-02
5.971844137612427467e-02
5.951366529080007878e-02
6.010044195593025607e-02
5.922254500314192566e-02
5.859444038943197042e-02
5.915019802810268790e-02
5.919028727284626756e-02
5.875562945758527195e-02
5.885771806513177135e-02
5.926723275952153203e-02
5.854922428017123731e-02
5.858427220816304209e-02
5.837295380866937278e-02
5.773955807027839060e-02
5.801815767160249659e-02
5.782464854156786627e-02
5.846459595598996195e-02
5.775786362913873373e-02
5.779841096829281544e-02
5.767403074751998454e-02
5.743656203023606022e-02
5.702842776443376588e-02
5.733037517378662684e-02
5.638663430762821949e-02
5.709042741767808571e-02
5.705712739745889134e-02
5.681500060926083367e-02
5.703018367354623780e-02
5.633842939415358714e-02
5.730373694656752670e-02
5.738763670372483416e-02
5.652734917543540683e-02
5.669224891188530402e-02
5.621066092083414067e-02
5.569826971455534709e-02
5.629273922604419167e-02
5.665961893944569672e-02
5.598793222189279301e-02
5.580555853643289627e-02
5.588304162983791235e-02
5.578878634346300103e-02
5.624880688594507960e-02
5.567898821709656859e-02
5.621173610660681191e-02
5.535733735662479171e-02
5.515950204729180156e-02
5.551511078619396355e-02
5.581299462203236778e-02
5.502179922389772299e-02
5.498478543650060085e-02
5.484862531623966447e-02
5.506748536488414308e-02
5.494424084555844801e-02
5.494814847296244920e-02
5.453916020154097460e-02
5.494500485445743404e-02
5.450946023872287050e-02
5.453120263847378857e-02
5.480068232344106199e-02
5.471135080685025909e-02
5.357066770417361762e-02
5.447610329014564851e-02
5.395683500381334013e-02
5.337991158248565904e-02
5.336165992986048601e-02
5.340619641609758994e-02
5.345610409573297445e-02
5.362964006904037684e-02
5.325732071865076772e-02
5.248476878461372230e-02
5.213063441389358815e-02
5.389888874538801417e-02
5.294806306675979568e-02
5.235551389158028118e-02
5.284244105945267583e-02
5.259948371098130404e-02
5.193326772134741059e-02
5.209466683561111283e-02
5.246161998644551655e-02
5.188223688805745221e-02
5.222143074024124254e-02
5.167018535000295065e-02
5.162392068426802094e-02
5.197290596844943850e-02
5.158212373630828573e-02
5.153934784120678403e-02
5.025690907465230062e-02
4.986562231317116789e-02
5.091943980292874122e-02
5.142957431902031584e-02
5.057972443003687368e-02
4.923814235530507566e-02
4.988146550103437354e-02
4.996156054443360445e-02
5.032360488048078645e-02
4.994806640342572962e-02
4.922768595022981170e-02
4.881359142012525743e-02
4.931484586566774186e-02
4.916872043107535506e-02
4.869146038222360584e-02
4.877067507132257229e-02
4.844364486703798406e-02
4.854104253023062976e-02
4.874671843165492152e-02
4.864646070366548947e-02
4.884874691215594644e-02
4.916821592985232831e-02
4.767425656201872836e-02
4.830571212008709370e-02
4.794610661012303765e-02
4.842394701462335999e-02
4.825838179433054875e-02
4.723630767582891882e-02
4.754118545490263609e-02
4.711319652854874251e-02
4.725861035889947215e-02
4.703394536274051185e-02
4.775592043336888276e-02
4.727916528008952596e-02
4.644369549251193413e-02
4.694362095660489093e-02
4.682747164740966306e-02
4.600001163839777252e-02
4.637940593727723354e-02
4.640657946083645569e-02
4.586126644894267246e-02
4.535637819341695881e-02
4.556609680583288691e-02
4.590579579473633154e-02
4.517351557772632947e-02
4.496867695190101544e-02
4.463989982760370456e-02
4.484913197185522171e-02
4.512939984918198227e-02
4.434457999157075808e-02
4.461278439422917963e-02
4.463794772266056060e-02
4.418289230972392151e-02
4.392580375013632743e-02
4.363970484716181431e-02
4.357699250229424975e-02
4.287885333846887942e-02
4.302089822410189168e-02
4.220714248264875040e-02
4.290745838582655375e-02
4.287083405272136549e-02
4.251371669069888004e-02
4.317945956069635383e-02
4.225139873154545173e-02
4.221086122721571382e-02
4.133296023766297456e-02
4.250654219547746887e-02
4.185918174841585238e-02
4.155186713532479231e-02
4.238133416805556913e-02
4.144149059517909794e-02
4.209715907308531069e-02
4.133312021071434278e-02
4.045512487760494907e-02
4.072263123377983796e-02
4.051260611128279510e-02
4.100675489885866748e-02
4.052547720262255487e-02
4.036464634502146681e-02
3.993222888713876539e-02
4.044580864936375697e-02
4.052192182444393914e-02
3.949726136194122578e-02
3.962587880381959055e-02
3.984994123636000779e-02
3.926516018138394293e-02
3.923999655211470733e-02
3.940398625535789651e-02
3.875680176767107299e-02
3.784758891071871023e-02
3.813427116700526115e-02
3.839042885238572178e-02
3.806250978777152294e-02
3.844712926856057311e-02
3.762315860479221313e-02
3.830871080381036131e-02
3.748679872497347881e-02
3.716496320793224312e-02
3.704322815602760499e-02
3.679375861960219873e-02
3.652856196482581752e-02
3.651872731327036187e-02
3.661644243986166003e-02
3.702612466911919115e-02
3.651180963342436081e-02
3.487664658899049253e-02
3.684343718988034033e-02
3.633641632491615286e-02
3.621071516310148120e-02
3.549834432507864568e-02
3.422660442876226949e-02
3.573593104831443434e-02
3.613222047468869769e-02
3.501181119239094724e-02
3.515886864698365699e-02
3.470533878475207806e-02
3.471623954302042320e-02
3.394911277584486409e-02
3.304565173631856395e-02
3.349294745186382621e-02
3.307948491556398501e-02
3.320722379776294003e-02
3.434579151664821778e-02
3.290149614759396018e-02
3.347651109742721259e-02
3.333505718787469624e-02
3.288241447253221345e-02
3.273473060455540928e-02
3.216503942071292227e-02
3.226061261921605444e-02
3.255394188362793068e-02
3.145065149801484772e-02
3.146239922185760374e-02
3.147516799390405462e-02
3.093825585496982541e-02
3.195983690322853898e-02
3.102231657026742473e-02
3.074529328689904611e-02
3.046532112413721793e-02
3.078734261663821151e-02
3.039146509814767347e-02
3.000690747803615513e-02
2.985237529059614481e-02
2.971136254385002909e-02
2.933445720781562710e-02
2.883245066477664251e-02
2.853016152534693095e-02
2.877200519770782561e-02
2.890519706100575653e-02
2.863789318701784326e-02
2.782625069674619922e-02
2.813077038500828506e-02
2.816511572292390922e-02
2.885993695037110396e-02
2.810799115758127673e-02
2.865607734597104897e-02
2.798327925935672339e-02
2.754601045918979654e-02
2.719515008092415753e-02
2.745348705115678925e-02
2.727168154110846954e-02
2.741703348807235374e-02
2.713549980871359305e-02
2.768047438184921549e-02
2.666278149092277810e-02
2.662965211899158066e-02
2.612360762411746612e-02
2.627428552200986381e-02
2.598819622942164301e-02
2.580420374745116124e-02
2.541402977638320543e-02
2.632702140513227401e-02
2.533749823772808718e-02
2.534219883305193280e-02
2.540486289712663368e-02
2.503036259816214873e-02
2.497544026122935565e-02
2.426971959915685123e-02
2.445766721162190988e-02
2.468042603771796253e-02
2.441103062696400178e-02
2.436786218238187057e-02
2.422037778719331874e-02
2.439603939603481736e-02
2.348264750903071227e-02
2.379748862686136349e-02
2.388155998181002923e-02
2.356289382054872761e-02
2.263105517926183863e-02
2.351012064470268947e-02
2.373790170881819039e-02
2.350692845731103264e-02
2.266373304020504950e-02
2.210807867343990776e-02
2.220147730214253393e-02
2.199335988159786121e-02
2.259241258711169181e-02
2.176416884850355601e-02
2.190258261451739907e-02
2.200993337567776903e-02
2.088205289252505897e-02
2.139698232568560538e-02
2.143678424789601661e-02
2.221765080115779833e-02
2.133033956273438364e-02
1.997562739277902039e-02
2.084878350358863180e-02
2.090082016868725565e-02
1.954463618276036999e-02
2.034355478851464921e-02
2.054471203332324664e-02
1.971658144215118758e-02
2.048140339973968452e-02
1.966994134088281831e-02
1.936134027852321263e-02
1.982370900973656411e-02
1.947530055750753414e-02
1.914663671361093930e-02
1.964354786296208105e-02
1.891399739527652862e-02
1.825156346719784828e-02
1.909965589235750744e-02
1.876379803999195933e-02
1.831385453043664346e-02
1.761564107682464173e-02
1.834392973392786827e-02
1.774711594282433330e-02
1.740809953446683170e-02
1.760559687179219165e-02
1.718694212364568763e-02
1.773420569227095525e-02
1.714727130633378685e-02
1.682515449850708819e-02
1.696870761556184062e-02
1.751322876193377870e-02
1.680391984083843757e-02
1.629382324137793742e-02
1.625952906624940353e-02
1.726791068563388043e-02
1.591851207326388379e-02
1.577606839664383656e-02
1.581542697909343528e-02
1.595313874430789869e-02
1.582134049134090170e-02
1.605722975539803851e-02
1.460485186679501626e-02
1.534046080034954206e-02
1.479051346119101239e-02
1.522385845804023405e-02
1.476142747637062408e-02
1.505966256658628107e-02
1.457000944278403869e-02
1.483438106735911720e-02
1.469023051644610667e-02
1.450474738081398290e-02
1.451570841032999090e-02
1.433679646706628209e-02
1.482856694708604116e-02
1.424260636985153795e-02
1.426874718547046020e-02
1.380756501372183698e-02
1.378002270323747808e-02
1.433258442516814439e-02
1.254221569824450107e-02
1.311428060306780996e-02
1.305126647948450999e-02
1.360347773356362401e-02
1.354237454050714537e-02
1.324108430463330661e-02
1.314673710636402211e-02
1.299307661238356844e-02
1.287275445133851531e-02
1.313114308095808189e-02
1.229123786919537713e-02
1.278456851184679548e-02
1.135778555041768237e-02
1.179600752593085514e-02
1.256946134631443598e-02
1.202995644833698870e-02
1.220667563604759497e-02
1.121541685581257247e-02
1.208100118059995953e-02
1.136008103197187064e-02
1.129382385373236923e-02
1.065730338770576671e-02
1.089251235643546104e-02
1.097827636941130745e-02
1.104300628825621161e-02
1.092479603763776494e-02
1.072171819332126165e-02
1.067113109085183337e-02
1.058531380222647346e-02
9.793210682314593823e-03
1.020134084914443157e-02
1.016880324727931044e-02
1.049094003178572404e-02
9.943290200994214789e-03
9.800604646517833279e-03
9.680433601262373663e-03
9.769591255964917009e-03
9.918902188706736275e-03
9.252135504900300261e-03
9.195995049284444792e-03
8.967536377085040186e-03
9.515818924209598281e-03
9.361586084876770408e-03
8.238460998514687134e-03
8.792120751829630293e-03
8.154514947242581108e-03
8.937594523362167934e-03
8.844917510032317479e-03
7.228025892169767652e-03
8.272783050420194628e-03
8.096266293334337255e-03
7.548808839777526765e-03
7.555148210355184905e-03
7.491644069062547776e-03
7.579794790208990198e-03
7.432123349156416134e-03
8.036095495978999234e-03
7.925792123765968908e-03
7.861849064203240561e-03
7.494045568080805880e-03
7.486036833133026709e-03
7.751925985475058116e-03
7.108724547182585993e-03
7.018174416594744232e-03
6.213194419434625061e-03
7.596064033716039103e-03
7.889964959258746399e-03
6.588208537216025049e-03
6.796010901553599902e-03
6.394136444685185293e-03
6.775907481659583162e-03
6.937746266508597152e-03
6.369899795269896858e-03
6.649130310986098476e-03
6.479372812181334942e-03
6.417080152606620402e-03
5.925042857694087783e-03
6.357015365933740489e-03
6.301022180904852603e-03
6.792278625162725958e-03
6.354853349437607039e-03
6.451666922897474586e-03
6.271882331866320340e-03
5.956774068279413123e-03
6.446576387869902731e-03
5.808715041608515130e-03
5.813633508773197525e-03
5.437929156649183408e-03
5.352706316803829308e-03
5.583639027154030376e-03
6.247583226649617606e-03
5.527597031025913155e-03
5.265695180524047024e-03
5.298698814887864775e-03
5.839060444871486087e-03
5.783950994016958530e-03
4.658248190141049856e-03
4.859357990671453638e-03
5.177717001696738319e-03
5.383072069763367856e-03
5.293374642679479943e-03
4.655409043011903177e-03
4.860336393874546516e-03
4.659122263844528607e-03
4.681375095301095780e-03
4.688684819916696424e-03
5.062853548987596673e-03
3.646960310522375480e-03
4.683271372694955761e-03
3.991727184223483292e-03
3.495585301266005904e-03
5.202665292017487862e-03
3.815578411919962141e-03
4.136527506264689978e-03
4.161049218769159903e-03
4.532523437750154809e-03
4.335688677502662347e-03
3.674572268170937361e-03
3.843781308440259552e-03
3.729136864608191982e-03
4.507431995770356907e-03
3.439353099260774975e-03
4.193450597445279489e-03
3.759782277401639995e-03
4.106809275353947436e-03
4.104747178770516355e-03
3.413108473750164733e-03
4.047342956872490745e-03
3.063869171073113455e-03
3.726999372986233849e-03
3.384007671272858554e-03
3.989191828562149017e-03
3.413594403133502105e-03
3.788116156385159389e-03
3.384691804933467971e-03
3.383714734082994818e-03
3.299391835971829130e-03
3.470820601618298477e-03
3.380684018210766348e-03
3.095089138745912415e-03
3.728937557892013713e-03
3.065455785454271418e-03
3.618523346544816940e-03
3.302430089626629765e-03
3.414891482389830531e-03
3.183640959899289562e-03
3.240885073405395250e-03
2.981573857279666041e-03
3.620408987454615344e-03
2.518934934855770504e-03
3.038920371955110018e-03
2.199601207481213447e-03
2.314424555785550650e-03
2.692415810684857871e-03
2.429119672994112245e-03
2.633621477168720387e-03
3.353841883702640778e-03
2.370849887839436045e-03
3.325235880519087934e-03
1.823537373442998604e-03
2.949047493939096435e-03
2.603449038597026918e-03
2.806436423502322881e-03
2.835709423983211012e-03
2.691815384924883380e-03
2.775425757593266967e-03
2.199018567729044832e-03
2.895337465689928457e-03
2.112713483131814073e-03
1.910628276554028311e-03
2.169135031728339127e-03
2.430526854111737193e-03
2.805476097227285141e-03
2.517619173491095208e-03
2.578476611562792280e-03
2.925552013038752470e-03
2.024989137082711978e-03
1.795595824498974610e-03
2.835462592798405814e-03
1.970284122333812882e-03
2.488903246423023255e-03
1.420763492112725804e-03
1.938311003928378743e-03
1.969740775189271487e-03
2.262352873480950356e-03
2.804976882582038960e-03
2.691427218640730663e-03
1.794503708680218485e-03
9.832060011447484992e-04
1.856047405368925485e-03
1.824734892043160207e-03
1.883904783166125314e-03
1.592137239944214216e-03
2.228732295890070887e-03
2.459535644029353825e-03
1.707894724931820468e-03
1.707359383506178944e-03
1.997025410871610101e-03
2.142743885365310918e-03
1.649666847429807253e-03
2.719262403977131762e-03
1.100995899647178814e-03
1.447617227262842877e-03
1.996863480861286316e-03
1.477197158167334887e-03
2.142742000524613770e-03
1.649428968385831034e-03
1.303869359611043452e-03
1.592781397213460185e-03
1.562856356566800229e-03
1.764379843432474634e-03
1.996563649064675081e-03
1.361544882534696053e-03
1.072780206304366993e-03
1.476683954772042362e-03
1.851809661497819245e-03
1.764328708241250055e-03
2.257909142795700829e-03
5.215832599697466272e-04
1.678879935935067604e-03
1.101504468635746640e-03
1.533321137935939179e-03
1.273764255378279650e-03
1.737104232683966878e-03
1.794452813894179032e-03
1.157998912525232821e-03
1.735394791634447577e-03
1.619477942971136531e-03
1.591821249082772194e-03
1.215497593959794388e-03
1.418347610680386608e-03
1.216974444670380819e-03
1.707559055833367430e-03
1.823081979313120014e-03
1.041447397203064526e-03
2.901386852304649322e-04
1.506239781702095994e-03
1.389444491313784023e-03
1.071862291821835825e-03
1.041988185315832110e-03
1.416913493047976258e-03
1.213462532760472895e-03
1.560846774020843578e-03
9.560486622087472882e-04
6.084749820806676724e-04
1.475531522478542830e-03
3.777927328501021133e-04
1.303077125714779006e-03
1.071447778237079491e-03
6.665538615167378991e-04
1.476283224434035918e-03
7.249115268880219941e-04
1.100516821687019158e-03
1.387843528243053832e-03
1.733917251223195425e-03
1.747876316841565395e-04
1.070890518534394148e-03
1.332055655156764735e-03
5.798327542811735052e-04
8.401668923796724820e-04
1.243243363662086551e-03
8.403901314361797523e-04
7.819832602192324303e-04
3.477957428444972588e-04
1.765949014138756519e-03
1.592275829787288778e-03
1.040964731101061760e-03
2.327699161848951418e-04
9.265456835025411052e-04
1.071570227126230354e-03
9.278530589304848086e-04
1.359642777121019760e-03
7.519773530861858591e-04
1.071800139058393195e-03
5.505842402887555940e-04
8.105232266229669795e-04
4.934331078297576455e-04
8.696529535935737347e-04
6.671053449789882779e-04
4.070499082064852085e-04
2.909842924654398237e-04
1.186059214293849100e-03
1.130997012234942348e-03
4.642302456440770115e-04
9.562194239843655342e-04
8.118249045287006908e-04
8.408033304906996873e-04
1.741155352467131038e-04
4.941554134400680167e-04
8.981797728163168348e-04
1.749191884394949077e-04
9.853045186868827215e-04
1.158970395614003198e-03
4.927962013786162457e-04
1.360638903143431520e-03
1.177521245844507950e-04
-2.733804721557838935e-05
9.256388849964902656e-04
9.264381747449128984e-04
2.039236941718922829e-04
8.988805275874920449e-04
4.639210259423214846e-04
8.115664855213451353e-04
1.361242702933352939e-03
2.322069329067675083e-04
3.778913551966192868e-04
4.343829253888272283e-04
2.984268413793750380e-05
3.483695196827251957e-04
7.523679981469175377e-04
7.836538428337268963e-04
5.803023415023613168e-04
1.273649092346252568e-03
9.255331117579724274e-04
7.816899669299308883e-04
7.518254350309159324e-04
5.221152451599742148e-04
8.211486142521893619e-07
1.749088842137847509e-04
6.660144164996933871e-04
4.931628395969427569e-04
1.013814032851862324e-03
-2.586344318604648601e-04
6.384304579895053134e-04
2.329449043482021840e-04
2.901302657422304555e-04
7.525511086308239121e-04
1.467398110272524151e-04
7.237595983302653590e-04
5.801345080638167654e-04
9.572111630948938396e-04
1.169203316926228703e-04
1.758034180596997433e-04
-4.893235595613485952e-04
4.352619779681722026e-04
4.341442992326543572e-04
2.039000298148575829e-04
1.100549714716465410e-03
1.333744127804430872e-03
-3.161321370193389104e-04
8.216709682596775799e-07
1.158626941313072034e-03
-3.158484932783016440e-04
3.483091458727325556e-04
8.697288368250610194e-04
2.620894254645010505e-04
1.161483653783695549e-04
1.043374284272529035e-03
1.459111877886507382e-04
2.040298928220736995e-04
2.620513890115652722e-04
2.619530065171293289e-04
3.191401258212216976e-04
9.566637970171515621e-04
2.629767495066086844e-04
-1.143847418225974984e-04
1.043254046471704926e-03
2.620440135230994293e-04
7.247431894505782955e-04
-2.878998637206079368e-04
2.041716032933816758e-04
1.013549660421160558e-03
2.987202833247666896e-05
3.778097191097096598e-04
-1.145835587314782903e-04
4.932621493593108974e-04
1.169270164025815504e-04
1.460885918241379292e-04
-1.726122180230555217e-04
-8.550933788179420963e-05
1.072086930223661860e-03
1.752231700485505845e-04
2.905083481309067833e-04
-8.538560177747452767e-05
4.070765599550090407e-04
1.333982809453363328e-03
2.341560449415439613e-04
3.486821430018483253e-04
1.161077856997930733e-04
8.119198898729090060e-04
8.222417648958792488e-07
6.955146741728540942e-04
3.202971650122320548e-04
3.774489986412825782e-04
-1.145039692490270515e-04
4.935477250026217358e-04
-1.144973165846365425e-04
-2.888220623268930435e-04
5.511728445751576952e-04
2.031561005076765267e-04
-1.444651897873589852e-04
5.810411452253156283e-04
4.357287093553669530e-04
1.170015254933122082e-04
-1.135743244211269329e-04
7.257090028316014359e-04
2.622262173713936777e-04
6.389851148941984391e-04
4.649829852112919576e-04
-2.823603253527410867e-05
3.485409482104949788e-04
2.911107409089325367e-04
2.920661967264066004e-04
1.701710967839205539e-06
7.250793044579896367e-04
2.041892185924382510e-04
3.487936448906769579e-04
-8.959458070392993089e-04
-8.543745961588780440e-05
-2.880334800364448781e-04
2.331000551283048626e-04
2.041008132636322199e-04
-1.436719496453953886e-04
-2.736574120932712019e-05
8.805855180021376026e-05
-1.725923130436363454e-04
2.621348531483105372e-04
5.799589940019114808e-04
6.060360214122462668e-05
7.263166239713008060e-04
-5.550108321298998849e-05
-8.544249844253854506e-05
6.379201520937434608e-04
6.083351153096727216e-04
6.658792528934982151e-04
5.234931732925444687e-04
8.695563807507515456e-05
5.886578504342004090e-05
-2.295576660171773061e-04
-3.451558977662781322e-04
-4.042568750378078106e-04
-6.060941154241863233e-04
-5.188346655706981914e-04
2.901555256730041520e-04
-1.144608414719163554e-04
2.910098804478678837e-04
8.706131290961675471e-05
1.461649013955836681e-04
3.777441730226540457e-04
4.353634394902505876e-04
3.073631135250784078e-05
-8.544001655812242201e-05
8.995839604239511123e-04
-3.467966162652238202e-04
-2.305436047345817651e-04
3.485716330021493346e-04
3.764491109723123942e-04
4.643780659729443839e-04
3.483391769287956974e-04
-1.153175211117629878e-04
1.188176454947499367e-03
6.680525313891972185e-04
1.760886261508904402e-04
3.780006636483144436e-04
1.468415245178819942e-04
-2.005521229887711858e-04
3.073988145750500040e-05
-8.543009046213734725e-05
-2.821883752135183459e-05
1.468413953504906660e-04
6.097256968114993236e-04
-1.725373323070983204e-04
3.193985151747423643e-04
-2.601163081188154701e-04
3.783835752172389519e-04
2.040711822738582569e-04
-2.006911890073706474e-04
4.351869651479385159e-04
-2.588817024919863249e-04
1.168864057215144279e-04
-2.732619207877731414e-05
-2.597471910410724524e-04
-8.622787129836917397e-05
-1.143384873003599507e-04
8.782445277674383701e-05
2.048679518292171849e-04
1.749545703939682831e-04
2.983229484107064429e-05
-5.482477191044872987e-04
5.975906888217047695e-05
5.804028840031197735e-04
2.985129489479176180e-05
3.072828164744766815e-05
4.065939183576812031e-04
4.930913093108973966e-04
-6.057611028951169225e-04
2.918045616498492960e-04
-5.723130807704727285e-05
4.929916350418801080e-04
1.460379343972112822e-04
-2.822050144078031426e-05
2.329451091667602669e-04
3.073363431791338596e-05
-8.629274506145120807e-05
-4.328652056804390400e-04
-7.802751388187874988e-04
-2.306702294099450190e-04
-5.638604182737234764e-05
-6.944346507187613851e-04
-2.879168441153529055e-04
-8.630527579801510331e-05
1.468712390557696157e-04
3.786138281237177950e-04
-2.881837245337885039e-04
3.074521111151573143e-05
-2.307372506299523219e-04
-5.788678778646077746e-04
4.935190657177209676e-04
-8.389790909150296331e-04
-2.824170253502396313e-05
-2.025919647113004669e-04
1.702302650962515587e-06
-6.642999962874296480e-04
-8.548697116327570798e-05
4.642903323471596821e-04
-3.179019510312680510e-04
2.331336949561271289e-04
7.553496707247349699e-04
2.907103098850877102e-04
-6.645743763917589305e-04
-4.611888981711245684e-04
1.460591445256690800e-04
-3.750663781423531134e-04
-8.454989336195612739e-05
-6.952600749794703942e-04
-5.493499945248330124e-04
1.702599396333986301e-06
7.848585058894056018e-04
-5.200299096999645319e-04
-3.755664758004040424e-04
-6.057605703682914433e-04
3.196018692986791337e-04
5.224468398563474232e-04
2.038176060181273806e-04
5.795397079047476339e-04
2.908750823908774958e-04
-3.173322619280783785e-04
2.320993199619289830e-04
-2.876254142196610786e-04
-3.749254479866029116e-04
5.223719416444267023e-04
8.786514673526739632e-05
6.946106723983435120e-04
-8.077456537666283026e-04
1.168255938998112950e-04
-1.723027673666285647e-04
-2.885461861798908792e-04
-2.641523372192260415e-05
-2.730169682333609152e-05
-7.497391427699921437e-04
5.229635232161602715e-04
-1.433066719928821565e-04
1.757121055929813133e-04
1.698517005929748977e-06
3.198436789803457366e-04
-4.040928295663579828e-04
2.901892124235554669e-04
-4.615615952506778850e-04
2.612704125281580881e-04
2.983919399642396322e-05
-5.196390146910730276e-04
1.177011086600497793e-04
-7.225136426275559180e-04
-8.657256363925599834e-04
-6.631716551820219683e-04
4.341568921375100207e-04
-2.883792909495977593e-04
5.508191061488372509e-04
1.468075613213018504e-04
8.213385499718466918e-07
5.797074515735858684e-04
3.780993945990701751e-04
5.788036010293879556e-04
-2.874754984796087541e-04
2.901050102091573329e-04
-1.433479927379649888e-04
2.041363818116724463e-04
3.192411848941715895e-04
-5.472883411419899235e-04
-2.297566626086431794e-04
3.783725860646166249e-04
-2.594539283641475848e-04
3.193706901456256253e-04
2.329787042841795100e-04
2.609604287999151939e-04
1.178475487720763632e-04
-2.585598426044752362e-04
-2.586794791354702261e-04
-4.030490244935216819e-04
-7.805010101683499540e-04
-5.769844882287719764e-04
-2.731987194066214959e-05
1.749596481094913166e-04
8.704337082653130359e-04
-2.296970284633003268e-04
8.873915201467960385e-05
-8.665534638070652865e-04
4.931624060175506408e-04
-2.822621489630049922e-05
-3.744032754437572530e-04
-1.435181877316672923e-04
-2.597545082354539461e-04
-1.433894634056113613e-04
-1.714984201262982697e-04
-2.016179966069953523e-04
-2.822132105531300085e-05
-2.316109755210388264e-04
-8.376681021549339974e-04
4.057019347246078387e-04
-2.586794791354702261e-04
5.806715083640527283e-04
1.169743454352705387e-04
-2.590164656640559144e-04
-6.640902468429474423e-04
2.981418335637083029e-05
-1.441311577853633132e-04
-8.653228523689970733e-04
-3.159215801590746844e-04
-4.026532806910867969e-04
1.457805624832423329e-04
1.169643619951091137e-04
8.707886093983095092e-05
2.322471857645798127e-04
8.791337964208654956e-05
5.512178331174144704e-04
7.245755673752436645e-04
-3.455264355802099472e-04
4.353251465668684208e-04
8.873665551610755318e-05
1.459788356426195311e-04
-2.015128183876357265e-04
-5.475346755741389683e-04
2.910687498891946978e-04
2.987460559936400722e-05
-5.773510892890798551e-04
2.328507259855192545e-04
-4.904845838202423827e-04
-4.040224127227543308e-04
3.069366952469489368e-05
3.771536219566324353e-04
-4.327399630675264619e-04
-4.908828002956957008e-04
-5.474552957558776562e-04
2.909842924654398237e-04
-2.819025870062352108e-05
3.781097028225051176e-04
5.798317353747644990e-04
-5.625577579617596689e-05
1.698760203423522927e-06
-2.300110346542632547e-04
-1.142558251958182352e-04
2.579193069732982467e-06
-8.535594336813019341e-05
-5.186248974425039645e-04
-7.797113746541447198e-04
6.077900706859764744e-04
-3.741027790240251017e-04
-4.618551301492897308e-04
3.158874970021385880e-05
5.878074608973411173e-05
5.879256961516813917e-05
8.979235391862765885e-04
-4.316987972125651131e-04
3.070786131710882480e-05
-3.456963077452333681e-04
-4.618953527887972345e-04
2.040119460974617487e-04
-2.820086976570136019e-05
7.834050875119794727e-04
-2.642517034229186219e-05
1.701907151335361479e-06
1.750153684666075848e-04
8.118477561149582775e-04
-4.028048256550089226e-04
-3.455565081086551496e-04
-3.174243241891263516e-04
-1.433769818664995272e-04
-6.641089377950325527e-04
2.330662199751935859e-04
4.632975430610250154e-04
-6.919528804464979534e-04
-5.640729003101203491e-05
4.358173403195779298e-04
-6.356512137014175539e-04
-2.013615402320531014e-04
-9.222908110290385045e-04
4.347718009595863365e-04
-5.185200769734839722e-04
4.924252263646467561e-04
-2.004010984850123896e-04
-1.723525988071534587e-04
-7.199668043845882867e-04
-1.715380839510711889e-04
2.919819293398787834e-04
1.458984867424651451e-04
-8.451567667646663648e-05
3.487550387638441488e-04
-8.672813295512773460e-04
-1.434351214797921525e-04
-2.885464399670721451e-04
3.072298488036664818e-05
-3.755664758004041508e-04
-2.875586533367044395e-04
-5.472341159238727814e-04
8.783201730096078946e-05
6.671129701658874917e-04
6.944350196935557881e-04
-1.358204642174716190e-03
8.880075076879397945e-05
-8.535601842669644865e-05
-3.464152343891159546e-04
5.890494935472614951e-05
1.450446087575939377e-04
-8.664772406132923571e-04
-4.908543039808672655e-04
-1.442481214174483664e-04
-4.026416008842918369e-04
-2.015245191364097401e-04
-2.823193066575444761e-05
2.620894254645010505e-04
-2.877084027538146373e-04
-1.724974097031611257e-04
-2.015246964309319296e-04
9.277250289534870811e-04
6.669779472843497242e-04
-7.216360475383023967e-04
-2.295243652658407333e-04
-8.956088146625161518e-04
8.880848592897062606e-05
1.701661554700864314e-06
-8.374013873545717995e-04
5.974692814839510245e-05
8.885218753641930503e-05
-4.910387250637557365e-04
2.332081883842026268e-04
-7.509651812292656749e-04
-1.445489398461683513e-04
3.483293703002882406e-04
-6.064093490535980109e-04
2.337431861042792462e-04
3.072033718153709651e-05
8.783201730096078946e-05
1.185935615673822981e-04
-1.434144330043775448e-04
2.985562840437147158e-05
-7.800713489659336433e-04
-2.313966533811020218e-04
-3.738500656042063192e-04
1.750202957304216385e-04
-2.866298015050483083e-04
-8.672545833895045934e-04
-4.036142655840724226e-04
-5.771462344752526430e-04
-5.187001208459836961e-04
-2.013496814135457870e-04
1.014223387948432137e-03
-5.490319835851127260e-04
-4.606290918405294820e-04
-9.235188803745475851e-04
4.071437027781628143e-04
-3.743078609914671879e-04
-8.538304809106942177e-05
1.739544034785012422e-04
8.098439988577071360e-04
-6.915540436033048178e-04
-5.630452403509536856e-05
6.085994394232463033e-04
-2.882462682706189131e-04
-3.165540987997688001e-04
1.701267849507855828e-06
-2.594767443559065773e-04
-4.907407833359820519e-04
-3.448468468568008827e-04
3.073276911352496645e-05
-1.135446493994314961e-04
2.619527761998646114e-04
-3.743509436186699289e-04
-2.014197926176234082e-04
-4.893656854400061469e-04
-1.142294346752760861e-04
5.790879461083823327e-04
8.783718971550873048e-05
-8.087873090542399297e-04
-5.772126521906044893e-04
8.205079589054102305e-07
2.038233376908222215e-04
6.089145025067929087e-04
-1.432072471823424514e-04
7.823895634193289662e-04
2.037762400665345990e-04
2.617109364448530441e-04
-2.014718764646589296e-04
-2.819923295905995634e-05
-4.599894903982762440e-04
2.608700980904677834e-04
1.459196563813755455e-04
-4.313370493212381274e-04
-4.890688096488179882e-04
6.370159768446504150e-04
-1.134594075593926463e-04
1.456838020944394995e-04
-4.319649977470928041e-04
-2.728510346149749086e-05
-4.024205202954778842e-04
1.700531825340506607e-06
1.749291862367074438e-04
-1.724274758545752068e-04
6.096548858176642841e-04
2.043608570866966201e-04
4.360192926032374844e-04
4.360569393797847750e-04
2.343122239000754842e-04
-3.742836039861592036e-04
-8.964901848166631710e-04
-2.011278142333480367e-04
-2.598224406203330735e-04
-3.168290197231008907e-04
4.057372895390127013e-04
-3.458760859960771281e-04
-2.880750861324488251e-04
1.741910775460784450e-04
-1.301119506438428407e-03
-2.732775454078553937e-05
-4.032360064188629588e-04
-2.597545082354539461e-04
-1.012872584506435822e-03
-1.436055235527251177e-04
3.073098478331338668e-05
7.830883427061847545e-04
-2.006041619300987032e-04
1.740751095066902718e-04
-2.885713132766626397e-04
2.912539599097285791e-04
1.701416028938652096e-06
2.620592259229888462e-04
2.040593322868021920e-04
8.209587663578953333e-07
1.740247567255609560e-04
1.170895354450661100e-04
1.468371329540561071e-04
5.217489461009450300e-04
-6.631139200891257709e-04
7.524553042762571493e-04
8.789304425408967121e-05
1.169270164025814962e-04
-3.455063901356367228e-04
2.331271303248727935e-04
-2.873757256109993785e-04
3.492595285680645729e-04
-2.867457514365959236e-04
-2.285196154657120307e-04
-5.199850755216901821e-04
-1.143648276807704428e-04
5.214919710479753306e-04
-5.774191800810572935e-04
6.378836663872134273e-04
6.958371404744192459e-04
-1.433937504961386924e-04
-1.724675177996342929e-04
4.353753116644423532e-04
-5.193390417857379109e-04
5.228431096625420086e-04
3.771433418867650234e-04
3.070521622421501756e-05
2.985042834383232815e-05
5.980399567810646116e-05
6.088806025675134754e-04
2.040948863773136299e-04
-1.415898348015912870e-04
-2.296834887506278360e-04
8.212193785099112513e-07
-3.457762875039425868e-04
7.542945829625507083e-04
8.791840694871260993e-05
1.750052068611202157e-04
-7.504329760755896984e-04
1.168999737471075980e-04
-2.876669025014329142e-04
8.214801561763100185e-07
-4.911100256061445976e-04
-1.039497725759701589e-03
-2.875088557449761409e-04
3.193709711822878832e-04
6.953942084720818317e-04
-4.624536581897734479e-04
-3.446270839650254899e-04
3.193895206956409022e-04
-8.529181656428073131e-05
2.981334515179063290e-05
-2.591993461930078508e-04
-3.162252116356535029e-04
-3.737429058934211364e-04
-6.639746199674988972e-04
1.459871836515063120e-04
-3.168566217313969059e-04
5.216777442551550226e-04
1.457596892570108124e-04
8.200806902792054954e-07
-6.056386463775406074e-04
3.196217680366285666e-04
-4.028683103875532441e-04
-4.032753037592979109e-04
-5.760507983572506858e-04
-5.763174753682067308e-04
-1.721585852842855288e-04
2.892057009330882775e-05
-2.881295628407628531e-04
-7.212183208197370200e-04
8.199856421240349450e-07
8.784738192680188534e-05
-3.172500090406341674e-04
-8.607355363080564277e-05
8.195848102300601990e-07
2.334460739496629358e-04
8.781935903546168756e-05
-8.528694536799305873e-05
-2.882794491044796885e-04
8.197027882459375150e-07
-5.621515093024724612e-05
-3.172770501996868874e-04
1.166469151325488627e-04
5.505044689599957819e-04
-2.875503104053829528e-04
3.194834403453404494e-04
-6.633026796061910384e-04
4.640551881046762594e-04
-4.901309164748428185e-04
4.643637698414559631e-04
1.168357590378725014e-04
1.748635292982677681e-04
-1.142394676571465301e-04
-8.538808050154122716e-05
-5.630947279471598124e-05
-1.010618693301214418e-03
-1.433729478942988690e-04
-6.351553825380480993e-04
-8.653012939714665964e-04
-8.529174161858497731e-05
1.458818119587658153e-04
-1.424441202829820679e-04
4.346587812076905893e-04
4.926500149708322668e-04
-1.433148586624302385e-04
5.790370588510838565e-04
2.901384300872781349e-04
-5.633224829807502134e-05
-8.947536454913653046e-04
2.030442836436287290e-04
-2.583955797115941263e-04
3.489365361894135559e-04
-9.506982736669832099e-04
-5.773293004346812711e-04
-5.718508306225915361e-05
8.869556150140289969e-05
1.457342140950433271e-04
5.878410162886402076e-05
2.326290935086375311e-04
-4.311499672793607497e-04
-6.344235303003821188e-04
-5.627692591735095767e-05
-1.423412819579586745e-04
1.166941200738459309e-04
-5.183255878027632048e-04
2.316035906707933215e-04
5.970371356662596761e-05
-5.713712632361114992e-05
-6.922313682079018517e-04
2.981245461106428663e-05
-2.592742786364747717e-04
-1.141206900042341407e-04
-4.599906865886187147e-04
-2.574126080348433892e-04
3.476351186441987420e-04
-3.452369137781241982e-04
1.738540192733622634e-04
-3.159968112811673284e-04
2.619150096473724619e-04
4.056541455779466999e-04
-5.764673681156612123e-04
-4.612676227875018675e-04
5.785860800582269406e-04
2.037646033235238671e-04
-1.141964385977983142e-04
2.979180375963281802e-05
-9.226359066326037276e-04
-1.721534457853902403e-04
8.679463078655261232e-04
3.768269237373489009e-04
1.697095024426288784e-06
3.154767723986440947e-05
3.764898855837365307e-04
5.219486882300680393e-04
-2.010591348668507472e-04
-1.431577121738994006e-04
-2.581417581888455627e-04
4.639348871307716143e-04
-4.030890465335598043e-04
-2.585746205935943306e-04
8.863909014793607531e-05
-2.727485060688538334e-05
-5.481278134586151703e-04
-6.640662269522912102e-04
-8.520564114883575908e-05
3.762725697296667965e-04
-4.615348181175208211e-04
2.036409779082990379e-04
-4.026358086733670223e-04
1.158096762713301024e-04
1.457552080554327077e-04
1.746766694645944843e-04
-2.003146746388752481e-04
-6.047647881172978079e-04
-6.616407101534873538e-04
-2.726778828749470919e-05
3.068126919911097342e-05
-6.912934674585658303e-04
1.737333145744877677e-04
5.880279641094567246e-05
-3.452866502820125779e-04
8.772045704389361037e-05
5.509970028520246163e-04
4.339562558066047842e-04
-4.613211181637378515e-04
4.918849331641762974e-04
1.738387502528283401e-04
5.968650816108443018e-05
3.064853740785595008e-05
-6.339651061309975509e-04
-2.879133634919486644e-04
-4.900314990703328417e-04
-6.329037435731605992e-04
6.371953619594353116e-04
-2.581639674944993931e-04
-1.431039413875962417e-04
2.979868419722443154e-05
-1.711422694018889220e-04
-5.630125833021854659e-05
2.615216424574765062e-04
-3.459052954653435734e-04
-3.452366105507098291e-04
-1.142525131687128354e-04
-6.637403439996634015e-04
-3.729228392533620964e-04
-3.157598793966562268e-04
1.175651444635577377e-04
-2.589523079593168578e-04
-4.028679568377539983e-04
5.493398510811600081e-04
8.665172821993515854e-04
6.082821571396709870e-04
6.369241893499221104e-04
2.982020933888637017e-05
-6.907753288838751294e-04
-2.817319363321255188e-05
-6.338009476633552422e-04
-7.193441067584717625e-04
-6.632257732745529310e-04
-3.742647882795548239e-04
-1.141965388609450169e-04
3.188631032804235604e-04
-6.623479872459720180e-04
2.610512810970463471e-04
1.166941200738458632e-04
3.194926958634207014e-04
-2.004243453148492153e-04
-1.125670429443388675e-03
5.965196994280923872e-05
-3.735803114684897643e-04
-6.916537097041176039e-04
-4.317485185752027179e-04
3.066710196974648558e-05
8.865707528213961409e-05
1.756054628397297145e-04
-2.010591348668507472e-04
-3.740811008029711797e-04
-2.727408434789560813e-05
1.456500430044120598e-04
2.045013945819690673e-04
1.166536709811531763e-04
-2.870271912408250167e-04
-5.751211337658555410e-04
-6.330137557896208618e-04
-2.880711190814787140e-04
-3.740485881817043855e-04
-7.485923887065961714e-04
-4.312620455287418742e-04
1.747220809433956614e-04
3.185138667367283733e-04
3.765768161053824315e-04
-7.492969893671565500e-04
-2.590418787998458299e-04
6.078605508478138663e-04
1.167446440083106881e-04
-1.141932302700610714e-04
8.116250765199986257e-04
5.964165292357071960e-05
-3.753489492248715141e-04
8.776105466317626360e-05
-4.613348992855005430e-04
2.909338973017510776e-04
5.881132145895072948e-05
-9.791589110222150699e-04
-8.521297163003699023e-05
-5.630294061572262387e-05
3.190660564894338557e-04
2.038822851510688379e-04
-6.058665616557060369e-04
2.035587633726789033e-04
-4.029149844087778396e-04
-1.723677508540554567e-04
2.627712447838044139e-04
2.614612822294819683e-04
-1.721337975895914456e-04
-6.637055638435312207e-04
-5.619897656530950048e-05
4.635328416755324452e-04
-4.029492896367531602e-04
-2.010940832783728819e-04
-3.741349725332577354e-04
2.978495264192537831e-05
2.037409758733920752e-04
3.766965351989638548e-04
-2.299180070768051690e-04
-5.620711189630917979e-05
-2.581342804050979910e-04
-6.630341676645720673e-04
-2.012218011788343656e-04
8.201037355747562058e-07
-5.181603639341022952e-04
-3.728796570182837510e-04
4.923365226654332965e-04
2.026636735812695992e-04
1.747423396217079826e-04
5.493875849547625017e-04
-2.000544458947110663e-04
-3.168285405797901426e-04
8.857274068420261585e-05
-2.728352191117217060e-05
-3.731595376626387181e-04
-2.290672064866576139e-04
-7.200496171570753938e-04
1.167784877254810812e-04
-2.019717926127689107e-04
-8.661287382472120317e-04
-1.141239943928846627e-04
3.482920347165700510e-04
-5.715529522031231863e-05
2.906566527031028595e-04
3.475649303386887587e-04
3.478262965581322449e-04
2.617564629776379225e-04
-4.021996823532476384e-04
5.873154113492895073e-05
-5.535843699287104847e-05
-4.310629196613603178e-04
-9.802037657262192144e-04
8.205562617705529391e-07
-2.641293636214639987e-05
-2.884545981683787072e-04
2.978236468102264773e-05
8.865972306094138168e-05
-3.741671715838082619e-04
-4.322651570521173327e-04
-1.721486088902680997e-04
-2.643583498202448800e-05
3.070257158696430871e-05
-2.572564700535434298e-04
-2.641674230679903561e-05
8.779659877631790037e-05
4.642167749905756085e-04
8.867000417183916038e-05
5.507743342311305877e-04
-4.611485185735398869e-04
5.798322448275212808e-04
-4.612684332309387289e-04
-4.324900752643867381e-04
-6.644683371910833046e-04
5.885719244448068914e-05
2.903042814143282188e-04
1.747170170077591209e-04
-3.745131679328188388e-04
2.046134886046621290e-04
-3.444381604809558604e-04
-1.715679570370516236e-04
-8.939792673811391890e-04
-2.014081040264246341e-04
2.900295249358953407e-04
5.789871980150885838e-04
-6.341488418244363998e-04
-5.713220965870757155e-05
-2.012218011788342842e-04
-2.875753406517932154e-04
5.216323852054180824e-04
-1.432486364426490517e-04
-3.153921190357091378e-04
-1.722877781349394302e-04
2.985302814765397383e-05
2.037173539020497432e-04
-5.768008551161320175e-04
-8.378932984687880239e-04
2.328439726390718427e-04
1.159401461827745894e-04
1.698515514135493797e-06
-2.012741363758664486e-04
-3.733965367331464405e-04
1.168156358334973566e-04
-7.215523366678126393e-04
-2.579777995972741349e-04
5.873154113492895073e-05
-4.028336654563840179e-04
1.448016438414886258e-04
-6.050611068031147999e-04
-5.194435592241591340e-04
-5.709100316782185952e-05
-6.338921981466766331e-04
2.575242548131418963e-06
1.747575367137118251e-04
-3.441494235279522664e-04
5.800508826631493083e-04
-3.750025499084852693e-04
1.697829566513457785e-06
-4.891534104616854575e-04
-2.012858094223312386e-04
-4.601898212618438580e-04
-1.431121049101160300e-04
1.746161064428330869e-04
-7.209061342175727104e-04
-1.068061396632254524e-03
-3.745460906266844490e-04
1.736481135463480933e-04
-2.012743132301054658e-04
4.630514684389214642e-04
2.615820305610966801e-04
-1.723229085213118467e-04
5.964510898931905735e-05
-2.874173944614947618e-04
-5.624110853430452862e-05
-5.623133460800212435e-05
-1.714388834326359586e-04
-3.159330402661836290e-04
-3.742427625559176609e-04
3.067771269470749432e-05
-4.900323596539985860e-04
-6.049739865974648268e-04
-1.722379841645017905e-04
2.037764191037314779e-04
-2.593264608395290166e-04
-5.623789954753301670e-05
-1.713252003887136287e-04
-6.053066657573428176e-04
8.769767105460840346e-05
-6.910343010459604968e-04
-1.723227570664896116e-04
-1.153356026409189852e-03
-1.440814139243611004e-04
3.777605340088320963e-04
-4.029846619671691253e-04
-7.201324489825081370e-04
-4.610549798321011646e-04
8.860850882414293792e-05
-2.001411721968779931e-04
2.979266691016936068e-05
-2.727255195907246483e-05
-3.741241312430413756e-04
1.166604276123606117e-04
-9.216254510804349669e-04
-2.290278191403948655e-04
1.176296779372583412e-04
-6.056599882651472712e-04
8.104419260901492977e-04
-1.429923829216436825e-04
-3.736061251808941476e-04
2.323070081648047260e-04
2.614842296032310462e-04
2.036586805913161949e-04
-2.002390489698757940e-04
-2.010012672500070862e-04
-2.301306078650716940e-04
2.618243223000613334e-04
8.099511772962202918e-04
-8.361437841270690690e-04
1.166874619659448708e-04
3.065292092133066644e-05
-4.901167115187884081e-04
3.765986376708814454e-04
2.316641701133446583e-04
2.914000674796770468e-04
5.963479434299118984e-05
3.065292092133063933e-05
-5.481124081341732807e-04
5.878745755112228008e-05
1.757627715225862310e-04
-5.468234843841061682e-04
4.059125777713764498e-04
-2.591019304875450584e-04
1.697386977203239971e-06
5.967439688949171530e-05
-1.432983603315162076e-04
2.982796810203196134e-05
2.319047674823217079e-04
-1.151410461116184443e-04
3.767511285529570012e-04
2.606440870931238168e-04
-8.610340526994923087e-05
2.577475538559192394e-06
-7.220326696799122743e-04
-2.584703013940811982e-04
-1.432777112861532173e-04
-1.009828683486613385e-03
5.216479621715583307e-04
-5.182955392624876345e-04
8.776352100394741579e-05
-5.183998135218619713e-04
-4.036369779402185741e-04
3.186240398417106504e-04
-9.532285975119563371e-04
-6.630731786743189644e-04
-3.747856759010713152e-04
-9.227703694000439225e-04
2.316438379087041634e-04
-1.039378090449178836e-03
-3.452269075546855553e-04
-2.729145547219706113e-05
1.737032789130268299e-04
-4.598978429469754233e-04
-7.778198574317591804e-04
5.876031138626393470e-05
-8.522277250874001943e-05
-2.869778293365364574e-04
-8.430104267857769064e-05
1.157561282896079079e-04
-4.606957553716489718e-04
3.482217583808928192e-04
-8.343368249484500211e-04
-5.181608189515848634e-04
1.174701768837307242e-04
-9.508632644098823691e-04
-4.312804821822993824e-04
-5.464920672679824017e-04
-6.628790836136489980e-04
-7.207646409257728896e-04
-5.763130041932361001e-04
-1.439356712245933327e-04
6.923922705662280668e-04
-1.139924674577145748e-04
5.870104864179522143e-05
-8.510008759331364663e-05
-8.600146612713463110e-05
5.492668721986776166e-04
-5.182152902776581771e-04
2.977807854330112377e-05
-1.998412856396178069e-04
1.446638425334835802e-04
-6.607635118686284049e-04
-5.619897656530954791e-05
-4.027636867326131508e-04
-4.315793120854819376e-04
-2.289284062699205519e-04
-5.616010742402704852e-05
-9.787046864781529139e-04
-8.639277013565172534e-04
-1.727622306421641642e-04
-7.788794926660107514e-04
4.051396884592205119e-04
-5.621357253359015005e-05
4.341071272761693497e-04
-3.733582924445386498e-04
-1.210287068542318083e-03
3.186919785794931157e-04
-2.724499837566464702e-05
6.642103317363051316e-04
-4.030243711012035683e-04
-7.767663640965075241e-04
-3.453572014498281937e-04
6.364423108135053341e-04
-4.305779895189814775e-04
-3.157778792826422976e-04
2.901370642763405339e-04
-1.096158349272573392e-03
-2.578140491499131791e-04
5.959179403597067491e-05
-3.444805054932185539e-04
2.033474553204216552e-04
-2.008099064829489602e-04
-6.037128076625059491e-04
-2.297924081762471539e-04
-6.913332278213268293e-04
-4.891981539771582139e-04
2.900617904123593566e-04
-8.351792462133212367e-04
4.049638772931486545e-04
-1.720244542434637848e-04
-2.869360361028249450e-04
2.613484397806253878e-04
-4.598312608101533228e-04
-8.604364718818368956e-05
-2.871184043143836743e-04
3.761422346265115698e-04
-4.023690101150093307e-04
-2.727487455317252607e-05
2.333921905528212341e-04
8.771037124364851941e-05
-2.588998218744860457e-04
-3.739084217087919088e-04
5.200484531923666148e-04
-1.430873660230227301e-04
5.873834445653410257e-05
-1.141601549026651489e-04
-2.590568891119767185e-04
-8.365635697091200690e-04
1.746211645305625621e-04
2.573909577889521759e-06
-4.896359508195978439e-04
-8.526214836614170360e-05
-5.533934662426678516e-05
-8.440332862504976445e-05
3.780708029317377981e-04
8.868535238648779647e-05
-8.519090920083064692e-05
-1.432694029837415777e-04
-5.166407172075193534e-04
5.505992302091609024e-04
-5.474394225541205335e-04
1.176399065399360986e-04
2.979525666189942809e-05
3.153128921332442518e-05
4.924220988863496932e-04
2.043772287206269632e-04
3.485633227736212292e-04
-6.340937099348228044e-04
-1.151143484558726321e-04
3.773676196573697212e-04
-8.611830104253870733e-05
-5.623464156640112395e-05
-2.012799727298570122e-04
-8.617293775708949756e-05
-1.142360562455717939e-04
2.616727799380118638e-04
-7.790574153593150765e-04
3.486037309708246777e-04
-2.582163331242949360e-04
-4.032990408987280643e-04
-1.151642143372250354e-04
5.965542720437999569e-05
-6.636442142751086334e-04
-2.727566480423967245e-05
5.513638301489774728e-04
2.028037415871430016e-04
-8.615567656961519664e-05
5.211752308589435306e-04
-8.955294165221362778e-04
-5.486352284556557683e-04
6.960115055733979940e-04
4.350484890152200813e-04
-3.162252116356534487e-04
-5.185802296266400074e-04
4.638276883332648876e-04
-3.443582936550045677e-04
-1.714092058951288255e-04
1.459323611137923363e-04
-5.777303211249734411e-04
7.251826653234233044e-04
-9.231445976416822194e-04
-7.792378770979775876e-04
1.467905210749554507e-04
-7.800713489659335349e-04
4.357639350691695909e-04
3.189185814042529870e-04
1.168661623279641017e-04
-5.197445669727418028e-04
-3.175343109345191389e-04
-2.594092206576260103e-04
-5.478827751057955978e-04
1.177623744940736928e-04
-5.768678017149622174e-04
-9.225063355495595127e-04
-2.877501681420755950e-04
1.742666854239226042e-04
-4.612809954683914221e-04
5.968645572074241727e-05
-5.476458460008199955e-04
-1.442022257379646565e-04
-8.960743300949267206e-04
-8.624523727830232431e-05
5.968991698098345206e-05
1.739142053268142283e-04
3.770124029460562702e-04
-2.872185030056953643e-04
-3.174332542798179537e-04
3.779026485816570783e-04
1.457594331809262673e-04
-2.593116471624283808e-04
3.771105157384659306e-04
8.207920902256662441e-07
2.619834119516120663e-04
-1.143053277460509451e-04
3.066179935929683675e-05
-7.495006868553223504e-04
1.359066777822317326e-03
-2.011753234778643109e-04
2.328171677637937869e-04
2.045545520717979924e-04
2.026224198027489452e-04
-1.009919370902051441e-03
-3.747636405425549405e-04
-2.877885961347344344e-04
-1.431411243514413658e-04
-3.740811008029711255e-04
-8.355889944602555271e-04
-3.450871842698231395e-04
-3.749370334337611224e-04
4.056659015499356575e-04
2.612881594686647098e-04
-1.441007736766114489e-03
8.684526398954348157e-05
-6.036084746438438123e-04
-5.177716162035262337e-04
-1.140351429529929507e-04
-7.206777064576527650e-04
5.499481634762402220e-04
-1.719203750101950645e-04
1.752966068295506628e-04
5.207743425917773193e-04
-2.722453670215544105e-05
1.746062976533163029e-04
1.456752329648294787e-04
-4.603770488972483790e-04
-6.623077720432092022e-04
2.889550028247983454e-05
-6.917725940730856497e-04
-2.727252801686342999e-05
5.874169515621959430e-05
-1.133773809939695772e-04
2.035000028134977663e-04
-9.515777283802871831e-04
2.979957391544451996e-05
-2.725128391498943291e-05
-4.610679353155352632e-04
-9.219188940876124096e-04
1.735929832078107683e-04
-1.429512669053312451e-04
-2.726618481271035179e-05
-3.750888427049132133e-04
1.745758054875519579e-04
-5.188289255145735494e-04
-4.603899663089154387e-04
8.855478974679831868e-05
-4.316042963663312528e-04
-1.721685628346782463e-04
-6.910543233714673810e-04
-4.029496433293194434e-04
5.510641634292977450e-04
2.894105518556550137e-04
-2.301772993819372931e-04
5.880956458019956606e-05
-2.591544985585832986e-04
1.465743763550184217e-04
-5.542406633816962747e-05
5.872984055076716582e-05
5.793639264360758061e-04
1.747776500605826308e-04
-9.810251667630282522e-04
-1.713893261867453202e-04
-2.880134575768170352e-04
1.745808612407294207e-04
-8.609335164661147805e-05
-8.521304643736651060e-05
-2.872099275891337256e-04
2.898534604235456619e-04
5.785865880942438417e-04
1.456375152026112606e-04
7.235295247233426751e-04
1.456500430044120869e-04
-2.292524683648612107e-04
-3.742753089430178462e-04
-6.631686876835800066e-04
-4.315610795109037310e-04
-7.502500863870773364e-04
-5.181758349768396821e-04
-3.461048957837524779e-04
3.157414994135365787e-05
4.637734963930357319e-04
-5.479694687713495757e-04
-3.171034537079982034e-04
-3.735051388709578605e-04
1.167614608578417321e-04
-3.460152446267620707e-04
-3.452266043448481633e-04
-1.142656620446310219e-04
1.699939878066546344e-06
4.924787338514185131e-04
-5.757186830691855437e-04
-4.610278566465688148e-04
1.466252296803757110e-04
-2.011581869313671690e-04
-3.169197544151544036e-04
-7.492102252558373570e-04
-4.019797921786375829e-04
8.204120909604258139e-07
1.466462250100646764e-04
-1.722581101756163276e-04
5.801003411151572312e-04
3.198526742718959940e-04
-1.432280017240205217e-04
-4.612011761156285415e-04
3.195114890196042406e-04
-8.604863015200119080e-05
-5.482231531629070797e-04
8.772553931818127804e-05
2.325349661842860403e-04
8.772808067617076538e-05
5.872984055076721326e-05
-6.920526474138146908e-04
5.196508504069769071e-04
2.036940951924114942e-04
-7.495784536936779888e-04
-8.603866480144668598e-05
-1.066629448331527213e-03
-1.720988953200852461e-04
8.782445277674385056e-05
4.914872852691963730e-04
-4.610019509119595797e-04
-5.466502915933485127e-04
1.746466126897310706e-04
-1.431286860070654600e-04
1.176025136198420682e-04
-4.608417238943332854e-04
-6.046597125300203499e-04
-2.589298113173830410e-04
4.343204553635342355e-04
-1.430707944977688956e-04
-6.336724625733258353e-04
4.065440919476088718e-04
-2.881379138851328215e-04
-2.012858094223312928e-04
1.165997483663621249e-04
2.895776911006396701e-04
-4.308764533505409855e-04
-1.038536855366032187e-03
2.613408745653115432e-04
3.765880572020868376e-04
-3.726005225071599928e-04
3.487348159511330608e-04
-7.489947165584227374e-04
7.817779562489634692e-04
8.195603556231129373e-07
8.771791612757001905e-05
-4.304911726850072125e-04
4.630912738764493531e-04
3.184308678174725313e-04
-5.455360151179356604e-04
2.034296776499314554e-04
1.695430133994155200e-06
-2.000774368412787559e-04
-2.875645896574790129e-04
-4.306893928173281404e-04
-1.421935402004015131e-04
4.053497963725363816e-04
-4.889563401921514932e-04
-6.330143115039417760e-04
2.896529413312255849e-04
-3.731169556291227601e-04
1.456459520566430140e-04
-2.726305020528772144e-05
8.859559786007649678e-05
-2.298518640616498859e-04
2.606289878641658477e-04
9.265133592285083874e-04
-5.758349051209279718e-04
-6.336174134803108102e-04
3.762728998065763405e-04
6.073174219902062465e-04
6.046194287121298621e-05
-5.624436726483499110e-05
-2.815770684564360607e-05
-3.748396241323686921e-04
1.165461821148105825e-04
-4.604170144874572069e-04
4.932856698974869740e-04
5.955397161633085927e-05
-4.597517910196828031e-04
2.604184673767613156e-04
-3.447587803760730828e-04
4.920670223805275563e-04
1.455030411099429027e-04
4.043207932629990756e-04
4.915564730548937404e-04
8.192059277451583195e-07
1.745506842693561979e-04
5.496150159062248393e-04
3.063966664738555133e-05
1.165830803066150956e-04
-2.724495058799513119e-05
-3.157413278156289424e-04
-5.172936435212405768e-04
-2.872911093613455657e-04
1.454947483772748911e-04
1.454862014728830098e-04
1.744248806762732900e-04
4.351850034122296340e-04
-2.856387415907012876e-04
6.940499088190602321e-04
-8.934127641598391427e-04
2.313165745431170134e-04
-8.346242720040503160e-04
2.614085185516622505e-04
8.193007952155903822e-07
-5.180808394742321800e-04
1.166133522165041752e-04
-3.735304636720574649e-04
1.328673484422166493e-03
1.755089632976022495e-04
-4.607753998604394293e-04
-4.606428090480359618e-04
8.768497454293159232e-05
-1.720493614288305412e-04
5.871793921855915485e-05
3.195479596598637772e-04
-5.164617967969441399e-04
4.340945626950497294e-04
8.766474467103007326e-05
1.695822628664472417e-06
1.454568689919939750e-04
8.850633525782380419e-05
2.572794558651175757e-06
6.650729234584608004e-04
5.868241848947589994e-05
8.184728837326016270e-07
-9.506989893789690891e-04
7.219237286161432968e-04
4.627308376209761701e-04
8.188281133488595370e-07
8.195366216647908606e-07
-8.510001298418250399e-05
-4.032338415327074168e-04
-2.865478910513275640e-04
2.978754105263263291e-05
4.917266820918718634e-04
-2.016223917520318712e-04
-2.724655156618631591e-05
1.165661103698516942e-04
-1.717420742433515483e-04
-9.202975115324198716e-04
-1.719600309336698782e-04
5.961584982375803368e-05
8.851658082329193255e-05
1.455828271953014084e-04
1.737333145744877677e-04
-1.141140818009588818e-04
-5.750878609271449548e-04
7.507939673901308170e-04
-5.186195167737144267e-04
2.908625680666315164e-04
1.695037820966042608e-06
-1.719895962968328164e-04
8.188037038767330845e-07
5.497740664052337949e-04
2.622102318142586781e-04
-2.574206780846408039e-04
2.612805977427487634e-04
-7.197017195719765479e-04
-4.023686574410201429e-04
-2.589000490411208868e-04
7.209849969230972769e-04
-1.140351429529928558e-04
8.672004031239497943e-05
2.974714520863911077e-05
-2.577028898030879890e-04
-1.140615437910336236e-04
1.742940661302430953e-04
1.462196445205641746e-04
-6.344954763433578813e-04
2.333319853186627941e-04
2.902457207674383655e-04
-2.006881612035745237e-04
8.759904280876555139e-05
-4.595131434621525747e-04
1.736580163487820116e-04
4.924648981536981903e-04
8.763960495498616260e-05
4.922371532796892581e-04
1.463419309827574657e-04
3.200471916132546215e-04
1.745405765509364885e-04
5.488490113456622735e-04
1.446679029657855467e-04
2.314366530972773338e-04
-2.007982885671429703e-04
-5.620543533241298916e-05
-8.515652955580846079e-05
-5.619089287263536760e-05
3.761752223185344814e-04
5.788790989123232360e-04
-1.720098152031357484e-04
3.185043629839487780e-04
-4.311939366861443552e-04
-1.430130752264430704e-04
5.795056699897634458e-04
3.480205583494916876e-04
8.179073059860264623e-07
8.958743073291687955e-04
2.891934069756331330e-04
-6.336719640791121542e-04
5.777900056625306886e-05
3.755359632466343943e-04
3.460076329195486489e-04
5.496791070050280684e-04
7.507729183626317372e-04
1.454275483365701622e-04
-1.999101273727274931e-04
3.764767360035806642e-04
-5.704325403818664135e-05
1.742992582929709614e-04
5.215615306033748524e-04
4.916551368479731877e-04
6.349243253184400819e-04
5.213060597095200152e-04
5.778518854245042174e-04
5.865367304704546689e-05
1.693329514802950038e-06
5.948539747107758013e-05
7.216537336351574496e-04
2.610548642678725854e-04
6.643967211065708719e-04
5.215313546357282183e-04
6.355073906258122945e-04
1.038356226910814402e-03
9.223316952590502856e-04
1.694745190497870376e-06
3.191147780984128035e-04
5.788288330899305726e-04
1.384524539461201662e-03
4.328682012438062228e-04
3.189584380191853126e-04
1.164956255946908664e-04
1.326420205715691907e-03
4.339948997643764414e-04
4.916124782087027750e-04
7.519000415938377566e-04
5.869595248032510702e-05
6.063365998507014082e-04
8.948928924209980989e-04
6.938454818189696048e-04
6.932888433088906215e-04
5.473094111705070937e-04
6.347964502462136562e-04
1.040460706632193727e-03
4.916978028911132186e-04
8.083175078988199180e-04
8.954355035086393856e-04
8.663934162043879271e-04
6.926301168020027087e-04
9.523094159236562264e-04
1.239752806583855043e-03
1.556374303758889044e-03
9.813907281113591358e-04
9.519224963592957988e-04
1.325655963641946206e-03
1.413015474048328040e-03
9.808234652532402554e-04
1.155293682869790173e-03
1.728178914446881417e-03
1.097272376507188972e-03
9.807100913658620134e-04
1.556350422429027052e-03
1.096207490707285436e-03
1.671638137670903570e-03
1.731095930747995589e-03
1.471365123161671919e-03
1.699107274139325004e-03
1.671146116648156285e-03
1.499029391061065287e-03
1.614614637541570428e-03
1.988455433702701006e-03
1.961590452236098431e-03
2.075798923836496678e-03
1.528147473754812172e-03
2.393923904787402177e-03
1.528940154821547409e-03
2.395330639073794086e-03
2.248962948842071503e-03
2.217417093011590790e-03
1.817516749032859315e-03
2.478153317215084361e-03
2.593500590291774547e-03
2.161136312185671544e-03
2.593596959551171689e-03
2.853998284647193788e-03
2.190162464714821150e-03
2.536368258480288171e-03
2.738995373995994909e-03
2.362815250545489184e-03
2.594918404378812864e-03
2.566677553771417458e-03
2.275089284519089816e-03
2.938353057845701204e-03
2.308228464456420648e-03
2.536440980714809324e-03
2.711987116013559341e-03
2.394594789241952498e-03
2.364506934369418369e-03
3.140095830424467337e-03
3.285303739726734996e-03
2.940412299776999552e-03
3.571410614665078941e-03
3.168284667005152877e-03
3.228745940693447929e-03
2.564017230668076252e-03
3.661472230629747755e-03
3.627572309631906834e-03
3.286179602602770818e-03
2.995680769999654446e-03
3.661969185073657949e-03
3.314094759905279394e-03
3.401900906938737021e-03
3.340705517592355497e-03
3.573049531753057836e-03
4.058801818326325875e-03
4.696384358322846717e-03
3.543293640752228930e-03
3.860955323674795849e-03
3.773836727399940659e-03
3.311428717252993051e-03
3.717123753834652815e-03
3.947341982111025362e-03
3.945572318867642848e-03
4.034982873922448622e-03
3.864392794820289360e-03
4.434746447714199742e-03
4.722557487066016482e-03
4.669235920992707324e-03
4.899067957650890884e-03
5.298797237669907248e-03
5.446780657531788590e-03
4.666010794605817726e-03
4.608494321489552299e-03
4.464398883722308503e-03
5.330135436402224855e-03
5.297033154755382590e-03
4.836515360830035554e-03
4.696856986987620226e-03
5.099207310012849291e-03
5.243372317725462743e-03
5.272031702888126982e-03
5.413819157140674874e-03
6.130411602296324466e-03
5.760299531060978154e-03
6.081940069183775117e-03
6.130048255153433892e-03
6.099773560902715074e-03
7.084979529209258810e-03
6.213619416508110206e-03
6.741261915375870717e-03
6.185668436348473048e-03
7.197812556568902558e-03
6.794470135245997931e-03
7.286852742119703276e-03
7.227365138420791674e-03
7.110187595848187214e-03
7.508645588392941564e-03
7.543791039655205546e-03
7.108955818455345299e-03
7.171085217631668549e-03
7.860440297712191493e-03
7.517072140132211901e-03
8.236734260331337112e-03
7.564828459925156991e-03
7.821612109025859877e-03
8.431690866576836696e-03
8.638355020844873042e-03
8.317592919292415149e-03
8.806990209805097558e-03
8.232636421979373093e-03
8.719624465273646471e-03
8.661618800378960426e-03
8.452055246742870911e-03
9.230975848257804914e-03
9.127304072600575871e-03
9.212375919631476950e-03
9.662751578666186822e-03
9.211311760866900539e-03
9.666655863336112361e-03
9.850276295270821506e-03
9.815735386469201171e-03
9.928077509891527000e-03
9.928961076284078049e-03
1.013775799899142675e-02
1.022032113130920926e-02
1.039062998630985168e-02
1.110757144902229342e-02
1.060200849894555805e-02
1.004617202646280322e-02
1.014856743611201526e-02
1.057210485985075540e-02
1.039453185730243416e-02
1.088415789175780149e-02
1.096298559058316198e-02
1.100984402188752258e-02
1.163916067199031144e-02
1.228296184659873405e-02
1.224591017040397960e-02
1.189286138602829029e-02
1.301776762977249410e-02
1.250285139520455543e-02
1.307141156800602222e-02
1.271494624019389383e-02
1.236047625906502336e-02
1.262105209261803196e-02
1.351344102195277050e-02
1.353221289686617861e-02
1.333357625022925548e-02
1.336648544291650989e-02
1.323269340521407954e-02
1.379089381509154659e-02
1.353765187379782353e-02
1.287788538968922050e-02
1.384231371246976219e-02
1.410848851937119772e-02
1.451126404617213324e-02
1.458611327396816017e-02
1.432811054671453803e-02
1.460420018513721580e-02
1.422254033555498016e-02
1.478135211621203760e-02
1.523952391977793225e-02
1.534954574456867497e-02
1.557964497977169620e-02
1.582329396463674417e-02
1.498501790872556159e-02
1.562932793679424476e-02
1.512001357597896924e-02
1.570555489965741111e-02
1.653274397407845930e-02
1.698937368342139098e-02
1.626473337512870238e-02
1.634902740340659147e-02
1.722570562432574476e-02
1.637513700974114333e-02
1.729345785749456313e-02
1.679142716172100924e-02
1.673948685791342914e-02
1.791730584401555679e-02
1.772457558818349085e-02
1.753159174440496390e-02
1.782776482685209662e-02
1.781439729712782152e-02
1.758178323521136094e-02
1.738329921738640885e-02
1.841809918059093137e-02
1.836281926575608972e-02
1.838480930689717976e-02
1.899325490901786900e-02
1.888049302359943310e-02
1.900038640474471796e-02
1.868764925078703065e-02
1.925810585242843098e-02
1.929086809647914680e-02
2.026214975410375874e-02
2.050410638418295045e-02
2.010221802091004262e-02
1.960007783070407891e-02
1.989423895977198570e-02
2.034332793116305424e-02
2.131627922675990994e-02
2.001966579423734155e-02
2.061197120090424786e-02
2.085119602405879555e-02
2.144194681937673305e-02
2.142962738783013923e-02
2.152585148502709697e-02
2.152252367421432153e-02
2.194165324526178157e-02
2.209160650576141860e-02
2.222697747475644789e-02
2.205049635757017415e-02
2.244437049220564598e-02
2.286073230271708917e-02
2.321874834248797634e-02
2.333153901917684944e-02
2.333313664616883110e-02
2.372907404535794240e-02
2.357355745622230492e-02
2.398514331406824754e-02
2.357783702661418387e-02
2.419378217810833759e-02
2.416453994768547747e-02
2.507580471374199274e-02
2.495895429680000666e-02
2.584338877309520430e-02
2.505286491054555670e-02
2.632594655579741094e-02
2.614593965580341503e-02
2.611331404649552129e-02
2.652196591924337044e-02
2.724766185060721255e-02
2.644733423065024486e-02
2.743744789668155909e-02
2.694038297484139047e-02
2.709164402625996101e-02
2.721646180473770091e-02
2.701750664378754774e-02
2.709336909075116609e-02
2.805084080391819640e-02
2.784972958387300565e-02
2.709562202829478988e-02
2.771989403487338730e-02
2.788249941574421145e-02
2.790110935546031429e-02
2.773504821916391097e-02
2.798493950540005548e-02
2.825326808254486136e-02
2.870726278768502560e-02
2.947444132180281062e-02
2.929506989922869148e-02
2.938110924339056018e-02
2.940478007371163244e-02
3.022890284929982685e-02
3.011409060220223907e-02
2.980925415086987246e-02
2.978607926025149746e-02
3.015618058754224520e-02
3.033643062657361347e-02
3.014033684088035514e-02
2.979461849930428036e-02
3.089577784097770341e-02
3.096371320286011447e-02
3.023918115773602255e-02
3.142478012534553888e-02
3.189418860511574610e-02
3.155211017352625019e-02
3.144200598995328805e-02
3.227808839078719072e-02
3.206592480579197740e-02
3.166856739379440844e-02
3.247740646284145299e-02
3.266283883952257605e-02
3.288113263866344199e-02
3.296974871235999055e-02
3.290424201774987817e-02
3.343021116803811255e-02
3.323074933225591415e-02
3.334923352749689235e-02
3.271025270944498409e-02
3.309063857955323040e-02
3.326360311661295116e-02
3.356020662288276835e-02
3.425426171725487468e-02
3.353895770539286336e-02
3.401548103058629757e-02
3.422264359221885432e-02
3.420457127054805230e-02
3.415429574229311011e-02
3.463912480073560313e-02
3.504636971214874358e-02
3.532768701115170107e-02
3.485743172454788125e-02
3.508628798300637147e-02
3.509743682981593393e-02
3.521934067689461850e-02
3.524353591385955692e-02
3.551431369409542571e-02
3.583861496095400168e-02
3.552491480556670828e-02
3.673346040314334066e-02
3.639299910606295929e-02
3.594924425305355553e-02
3.676252965135477085e-02
3.681623127642637966e-02
3.656435662401816972e-02
3.662046608517771640e-02
3.794790155917286689e-02
3.801566220622878273e-02
3.759728221519505198e-02
3.863383130644310048e-02
3.729579649743442610e-02
3.856159258567715825e-02
3.835117754182017225e-02
3.848397385564912565e-02
3.913717340703246061e-02
3.978844896906048173e-02
3.958728383757424002e-02
4.052872783202996626e-02
4.061832062095694501e-02
3.989562342185261345e-02
3.968990625525746496e-02
3.975220500219076719e-02
3.974993343580765504e-02
4.077447058663929286e-02
4.019746864667829434e-02
4.014527759771993609e-02
4.064948712710616391e-02
4.071499584548451955e-02
4.164966989718911494e-02
4.211735824154672764e-02
4.167148555473912386e-02
4.170273083677617648e-02
4.204247516727042250e-02
4.253503020039164223e-02
4.199685350273197476e-02
4.253499298416438257e-02
4.188320170298301393e-02
4.251752082165576041e-02
4.194008690235823122e-02
4.300717350660850785e-02
4.331380200984338846e-02
4.391300073584347013e-02
4.369642820111378084e-02
4.368309551604333818e-02
4.433818993701145461e-02
4.434999096223602583e-02
4.404108043058393290e-02
4.404893294804259479e-02
4.424605556653140453e-02
4.497797290956231930e-02
4.489265337405401457e-02
4.474965158629942014e-02
4.410670326427531401e-02
4.622300409079580646e-02
4.567695983883134775e-02
4.518482522981803751e-02
4.659074815377146905e-02
4.610126325265433839e-02
4.592322782083046312e-02
4.599773624419089407e-02
4.666068329358721151e-02
4.699375577377912921e-02
4.634036525308297266e-02
4.587677148869746813e-02
4.661103946192429043e-02
4.744345135079724302e-02
4.788582849855974044e-02
4.674192416763315455e-02
4.729643204548732854e-02
4.776839019093294392e-02
4.705828291222843851e-02
4.751608391549694971e-02
4.754514628101778190e-02
4.780745624928578463e-02
4.814046674679998972e-02
4.880762908667678202e-02
4.852533040419349658e-02
4.797371178891774585e-02
4.841489220191355636e-02
4.867388879780367578e-02
4.872893130166499470e-02
4.861247835999986389e-02
4.901753984811269005e-02
4.903915852690967497e-02
4.912171568183874154e-02
5.008460100068914955e-02
5.034567273435782558e-02
4.951623711246856685e-02
4.940268243951294325e-02
4.994156910556438178e-02
4.989052475176161683e-02
4.975751745241550894e-02
5.042066617204503387e-02
5.058022807459117837e-02
5.064177474696102133e-02
5.057647637506054727e-02
5.113638988844375344e-02
5.080395920836402318e-02
5.167522310193154583e-02
5.156045297326036780e-02
5.152034166868809523e-02
5.213369128377867701e-02
5.217378376883746727e-02
5.197534742760575449e-02
5.201601222383531870e-02
5.200700285958622521e-02
5.194678969866076135e-02
5.153000118023783743e-02
5.256866269533134323e-02
5.249771074367206442e-02
5.196309537601057071e-02
5.213090119668290640e-02
5.292476885293267291e-02
5.290820618340517922e-02
5.303904844640777716e-02
5.405687081928998300e-02
5.379467743711659894e-02
5.452346097463000446e-02
5.444305940959819762e-02
5.454953454507877053e-02
5.406568238435105478e-02
5.447009394271057348e-02
5.447354250819307769e-02
5.570493241155052150e-02
5.472637323348091692e-02
5.537755815715161151e-02
5.552270155488014947e-02
5.528472851189991655e-02
5.546263054033671175e-02
5.517396211074803575e-02
5.542055848836945076e-02
5.570490353614800105e-02
5.566802854467309269e-02
5.655291422790746647e-02
5.541215092152497468e-02
5.550047415294256242e-02
5.662589874948657787e-02
5.647067542859574019e-02
5.655823303123336948e-02
5.701106561452034399e-02
5.653781523880760385e-02
5.775937520221204741e-02
5.700711885248223310e-02
5.699930005812536837e-02
5.767081286760667586e-02
5.724614440121688491e-02
5.700787737713226139e-02
5.746732927499940968e-02
5.696342851829104548e-02
5.734105415396330979e-02
5.812531125763818751e-02
5.804871899221689113e-02
5.827299001439100595e-02
5.819396999771997425e-02
5.850308049839109126e-02
5.933320761210722494e-02
5.938073318794253458e-02
5.955493828177930299e-02
5.907539772382731924e-02
5.885028678151604797e-02
5.946073696275335635e-02
5.973622485403687343e-02
5.945714998493721593e-02
5.980705689517921281e-02
6.018369718441614336e-02
6.035892624485142410e-02
5.998501773322016672e-02
5.982043272569881331e-02
5.979317055499219075e-02
5.974813237326926513e-02
6.081113054800395962e-02
6.016668339280489136e-02
6.055131617157352014e-02
6.049277565346113106e-02
6.010458988620087650e-02
6.122220603578540365e-02
6.100963649752377121e-02
6.131234129445957415e-02
6.058717166891799955e-02
6.107065319211291143e-02
6.123295799578411941e-02
6.166460845036546984e-02
6.169869879701143922e-02
6.157803761794997111e-02
6.192473290818901327e-02
6.203556264084349875e-02
6.195470315445927856e-02
6.240866379275894493e-02
6.289377009837959775e-02
6.179120818811928428e-02
6.160150780066588755e-02
6.274681042899746264e-02
6.292830120123668602e-02
6.241200916982986291e-02
6.274681886902322425e-02
6.278569321604336728e-02
6.285771678694336562e-02
6.272243812640621030e-02
6.311225145514420820e-02
6.292008992969105874e-02
6.270899540120537796e-02
6.311435766738465736e-02
6.332840117602900332e-02
6.319007042485196013e-02
6.304451070396221990e-02
6.291293271365300255e-02
6.365181804855513104e-02
6.329291842565808179e-02
6.316169024989873315e-02
6.356299001070017662e-02
6.354821701737198292e-02
6.290945782129277186e-02
6.379568630888238223e-02
6.382588536752972774e-02
6.446603651514200284e-02
6.399224827097263479e-02
6.424025193719341831e-02
6.428822955981720877e-02
6.375996392996263751e-02
6.447619723754403898e-02
6.472783727404840537e-02
6.415215647375319130e-02
6.477440462865305393e-02
6.393129955175679002e-02
6.451636857590675733e-02
6.410280730611508937e-02
6.462620195390866851e-02
6.489732427674872739e-02
6.548782510383062416e-02
6.495436300843344946e-02
6.531177479150555854e-02
6.502039338856710482e-02
6.521427540398161415e-02
6.578653461461859975e-02
6.577569340464392567e-02
6.566359010398507834e-02
6.639186092169425957e-02
6.572928380806894455e-02
6.564888130320985227e-02
6.699613644566010384e-02
6.635293783628527786e-02
6.627959325153624792e-02
6.660440430667645406e-02
6.651144034825992590e-02
6.633697720945685994e-02
6.668828801251962257e-02
6.687490186690034366e-02
6.677489530570018816e-02
6.645693193624860329e-02
6.707034688104633602e-02
6.723479115026743946e-02
6.755464661361915146e-02
6.768096010715578259e-02
6.676815435268833310e-02
6.708302820761928575e-02
6.663467906108407057e-02
6.791993452950124965e-02
6.734760302597113391e-02
6.771920418837130973e-02
6.786151316124736099e-02
6.724374984035255687e-02
6.720246229246412684e-02
6.795333686234254766e-02
6.761124432735540757e-02
6.667255213466308228e-02
6.801217951952913399e-02
6.843065388249922054e-02
6.808898135746717373e-02
6.833668371632921346e-02
6.795152710770274718e-02
6.822859376005056820e-02
6.825409244906982531e-02
6.818347674606893560e-02
6.807970527410289741e-02
6.918467337364753167e-02
6.740273460022139229e-02
6.855741924784841679e-02
6.749991971701042870e-02
6.868365992805230968e-02
6.882882388471547874e-02
6.939794188530655494e-02
6.907117029536377628e-02
6.806306690577428042e-02
6.822749880895140340e-02
6.850530683183611580e-02
6.899261144722011740e-02
6.968336879736536371e-02
6.891272318268368280e-02
6.864927363249137549e-02
6.890870707665909534e-02
6.929627731203152896e-02
6.963570644539100740e-02
6.910017458806198831e-02
6.945831580320849241e-02
6.922558088518111774e-02
6.948254585523150340e-02
6.895387421626919533e-02
6.983139561143275609e-02
6.974348638651171883e-02
6.942455338515904351e-02
6.952086422938377752e-02
6.954919151300449631e-02
6.941673694791124227e-02
7.036365543157797886e-02
6.948565075366198995e-02
6.955226533910749409e-02
7.053070669991474972e-02
6.977638268019671630e-02
6.880422155981547050e-02
7.004870390677422898e-02
7.007444711166234408e-02
7.007383868461866672e-02
7.045848717328140332e-02
6.987370533855495613e-02
6.994007650985085978e-02
7.012203114570278450e-02
7.055853215566873504e-02
6.993805935541151653e-02
7.063703721669499502e-02
7.015023758971633550e-02
7.064997795621071053e-02
6.979930108075056705e-02
7.030597617152363477e-02
7.069220084780293567e-02
7.102525696908917885e-02
7.031647878866881252e-02
7.032605652834558740e-02
7.080778019034664195e-02
7.116719944200010362e-02
7.188611088005714134e-02
7.082914821683776452e-02
7.099349702406412832e-02
7.105719595441312153e-02
7.108882324694515420e-02
7.223016354120617710e-02
7.160136312146664350e-02
7.124448414394826679e-02
7.209503014004586818e-02
7.099484519615202605e-02
7.104180314171328059e-02
7.132033522409521320e-02
7.135747076109964782e-02
7.148095042295321555e-02
7.135635256461254905e-02
7.176526413318096154e-02
7.108291056453688861e-02
7.203629137676274830e-02
7.098829148320937033e-02
7.162408669107432624e-02
7.210012336615943818e-02
7.186968729594883643e-02
7.168393869923712913e-02
7.167152758089605225e-02
7.188497033727575536e-02
7.098940265991875165e-02
7.231534188306941446e-02
7.177351162147843633e-02
7.176837617655669466e-02
7.210047681120497487e-02
7.167064557673197278e-02
7.209173043722059970e-02
7.181885672903016993e-02
7.301482784058994924e-02
7.188254019472191392e-02
7.264669357172136299e-02
7.210191060743785518e-02
7.214946657140365593e-02
7.230803650199081611e-02
7.166645025814902259e-02
7.200949207302169419e-02
7.316076799701179412e-02
7.216611021811923654e-02
7.190840761659016145e-02
7.269497537415467447e-02
7.157476110249161305e-02
7.300704908751316780e-02
7.207752575684156504e-02
7.212085426384552689e-02
7.375261977866459651e-02
7.262650519687599560e-02
7.254917861249181310e-02
7.219335517056886531e-02
7.306408692224648782e-02
7.285763833700666103e-02
7.270639723554120359e-02
7.318638782113146002e-02
7.292656917384975068e-02
7.279380476253130561e-02
7.309371340661541261e-02
7.305914844641372974e-02
7.299714900411792551e-02
7.276029932288582969e-02
7.331679168649099521e-02
7.293778863477821950e-02
7.353525851593481488e-02
7.376883510777725028e-02
7.333352299286674536e-02
7.319900497113329685e-02
7.263237055712391810e-02
7.293405708965144951e-02
7.323374678436136986e-02
7.276403630537017775e-02
7.356215235822176346e-02
7.332999529031757058e-02
7.296599364206546312e-02
7.315480013276527693e-02
7.359401567318729631e-02
7.221987230461092422e-02
7.383754622154972691e-02
7.301279450936840054e-02
7.340955729804894692e-02
7.368101766428195032e-02
7.316314919466485045e-02
7.409617117826780563e-02
7.404803129057054012e-02
7.378196570113935981e-02
7.331799735107073779e-02
7.375907038927329018e-02
7.316619994390721748e-02
7.331099178393445104e-02
7.398738309886693232e-02
7.356507478757945417e-02
7.383848497178160941e-02
7.291632080055980569e-02
7.434101266345463643e-02
7.444782361448253061e-02
7.403320872889390669e-02
7.434006071115756287e-02
7.374717151803578119e-02
7.419257061132722431e-02
7.401866224461731147e-02
7.397565769778860489e-02
7.314699170445773668e-02
7.342757011410944168e-02
7.380396906309011351e-02
7.403527964719844312e-02
7.287157538966879122e-02
7.343965121748051439e-02
7.386973555857824503e-02
7.381289187500343629e-02
7.407060421852690313e-02
7.422650245593759299e-02
7.453500764126837208e-02
7.430889153331717012e-02
7.416435510402731579e-02
7.345528020023638083e-02
7.365682911499310537e-02
7.365985492321804051e-02
7.382399404579337299e-02
7.419777411230200903e-02
7.406646033203739821e-02
7.425232960450656172e-02
7.396574355625028241e-02
7.373366151655723344e-02
7.484985231862827104e-02
7.454121655220458109e-02
7.377014683901081393e-02
7.400087334209082268e-02
7.487905689546783816e-02
7.479088110087389607e-02
7.372729005095443600e-02
7.459204450666369335e-02
7.472187310585816367e-02
7.466426276802173856e-02
7.433028023660123718e-02
7.423967849069917913e-02
7.483821378178649730e-02
7.454823702703398947e-02
7.441706386564149456e-02
7.424029095933541711e-02
7.403856188112428738e-02
7.427822018057123055e-02
7.523456564083817744e-02
7.501336210472220323e-02
7.436365412292610111e-02
7.446513989332206873e-02
7.437005578104564918e-02
7.514814408075204399e-02
7.495101538994942969e-02
7.447887680917732178e-02
7.432193803048814384e-02
7.468299832870592403e-02
7.452944055465740569e-02
7.440941623804674110e-02
7.479209829109934038e-02
7.494446844050915713e-02
7.472156464340587445e-02
7.494366331950565174e-02
7.496441054624240763e-02
7.474063762077473583e-02
7.508916498121931404e-02
7.422034940509797396e-02
7.472557790963711699e-02
7.453140723096779441e-02
7.472154788660886893e-02
7.559213287854728291e-02
7.495081201691773665e-02
7.477930388310446985e-02
7.459849625310967236e-02
7.503399409392912112e-02
7.451342399002661154e-02
7.494630402408807013e-02
7.507741299301130822e-02
7.441799574519737670e-02
7.542334783839668710e-02
7.447598620603394781e-02
7.484637924421883026e-02
7.431303091592023069e-02
7.538577690954197108e-02
7.510988911857788275e-02
7.558589786506310360e-02
7.497516028182374392e-02
7.495136709785611695e-02
7.497969311853831809e-02
7.518921854378805836e-02
7.502279350816165593e-02
7.531374185437679503e-02
7.500696334592084347e-02
7.495902778402219191e-02
7.520706084609617148e-02
7.482613554407162304e-02
7.567538071181237336e-02
7.452044454563380715e-02
7.486959325615479000e-02
7.488855121341371490e-02
7.515688096728626033e-02
7.495871862716912970e-02
7.478441346724640226e-02
7.482957960127130381e-02
7.505322048753182429e-02
7.499207403821830931e-02
7.564437482077578101e-02
7.537356954506387041e-02
7.492206154389639827e-02
7.537779051215307002e-02
7.476939083432174171e-02
7.565903486671159139e-02
7.483906070645576780e-02
7.479955928705862844e-02
7.509121903503206130e-02
7.490269673672791950e-02
7.466265527869046792e-02
7.559881173724811165e-02
7.546973136229279122e-02
7.464546328257190555e-02
7.512010780107405972e-02
7.518481321278286389e-02
7.499533881300457505e-02
7.516260349689790621e-02
7.430158908274168972e-02
7.523754294383105945e-02
7.533547674715779241e-02
7.448225660721188857e-02
7.578177390749456233e-02
7.528231460684080278e-02
7.549034238659345364e-02
7.494975672592560367e-02
7.627338654113827165e-02
7.514590029449207120e-02
7.543048111881603401e-02
7.507384315635794170e-02
7.562153575160567021e-02
7.528925267395020215e-02
7.560696496592175797e-02
7.557677280349472948e-02
7.478347464678469780e-02
7.474407249359252270e-02
7.555643329578692891e-02
7.482148029095850306e-02
7.565363932270145753e-02
7.465012856671089658e-02
7.503647979555286285e-02
7.486100370703198392e-02
7.477923370041619777e-02
7.504756814398930165e-02
7.484715719917479915e-02
7.591475191960475599e-02
7.554054766695880718e-02
7.635363215100993139e-02
7.465848194471773336e-02
7.501496191811769798e-02
7.573804043383405848e-02
7.562605813935759091e-02
7.570857078398193774e-02
7.584799505146942733e-02
7.451733138677844870e-02
7.511794193364715322e-02
7.598073408199287893e-02
7.458552404824458915e-02
7.442630358921867306e-02
7.516396236555383803e-02
7.574576579106094554e-02
7.505501055907859431e-02
7.496081398759164849e-02
7.554649726930071085e-02
7.556909241777003128e-02
7.586640769707739262e-02
7.524405163641124938e-02
7.565370538702315129e-02
7.571023263611360854e-02
7.584712187984930798e-02
7.549807572058812866e-02
7.516100395224493969e-02
7.593093999982661324e-02
7.560478593715488915e-02
7.553778588068327249e-02
7.640161369688071302e-02
7.560770627141888411e-02
7.598466421469543541e-02
7.534924145318791511e-02
7.566531155689711075e-02
7.547230081305672522e-02
7.525541004764922659e-02
7.582040661913455604e-02
7.583932013426343544e-02
7.509488460830812673e-02
7.621186300179835782e-02
7.575748946285514041e-02
7.547625302338098474e-02
7.535939640225576552e-02
7.530783377026924186e-02
7.599242224650236410e-02
7.635391208917609307e-02
7.605581457591950589e-02
7.576541756654185666e-02
7.620201742293442049e-02
7.579838049621338836e-02
7.556961203450333897e-02
7.582348383743008069e-02
7.562950364497984801e-02
7.531073955739790715e-02
7.562482219333212241e-02
7.582369913966062469e-02
7.588836413064378728e-02
7.599993733742606283e-02
7.576229382902284482e-02
7.531167824642569231e-02
7.568681860575746101e-02
7.550221908990144282e-02
7.590562437839741550e-02
7.572326901916492936e-02
7.582259311890776621e-02
7.584668272645191112e-02
7.527555832415512571e-02
7.532744840715538404e-02
7.616603428091088535e-02
7.542023417323254209e-02
7.616840620384532357e-02
7.599467225777051249e-02
7.524183561656216934e-02
7.498409539426915960e-02
7.614879025656479117e-02
7.583989078836354814e-02
7.579522241815483952e-02
7.602260352753785477e-02
7.569501817179773162e-02
7.602779054373312584e-02
7.601212197739756760e-02
7.533164724725129047e-02
7.548880505623292714e-02
7.534469489163198030e-02
7.574939421510736015e-02
7.526556865570317723e-02
7.568601140542331740e-02
7.612738358424719909e-02
7.509839620963222606e-02
7.552602602278524202e-02
7.555238631433910945e-02
7.539000594531544697e-02
7.534989720456999884e-02
7.591685732430947242e-02
7.510056014464572272e-02
7.448951078613939847e-02
7.613499014069746718e-02
7.529933706197201870e-02
7.562046386395183950e-02
7.586801551739542904e-02
7.583003926067596878e-02
7.556283292672948126e-02
7.613895573083918900e-02
7.641227878601140888e-02
7.478563758049686094e-02
7.543117235587022684e-02
7.655691827586515175e-02
7.589320150912029495e-02
7.584574318258520409e-02
7.571910950934911122e-02
7.549239458931539248e-02
7.651128316726289735e-02
7.666095501390893241e-02
7.637838257744170023e-02
7.613857528232680083e-02
7.589010532834561396e-02
7.651614058141477381e-02
7.489889116286135851e-02
7.538094772627244866e-02
7.579313293043522803e-02
7.566024632605448941e-02
7.581329938972400373e-02
7.595752596939892021e-02
7.551700708314589006e-02
7.578039538288795784e-02
7.620506883719850577e-02
7.599823710885851569e-02
7.653601335283230500e-02
7.570191614371929445e-02
7.685351610529146671e-02
7.658842488451761410e-02
7.602307361153502752e-02
7.551827190949608748e-02
7.542558808973819084e-02
7.535047746019772619e-02
7.575788602078582790e-02
7.526929836508779170e-02
7.613444274803632394e-02
7.591466785751035951e-02
7.646270084725043104e-02
7.594832076509246133e-02
7.689727348857411382e-02
7.511293479832448217e-02
7.580662493052786610e-02
7.611354755964773455e-02
7.663178495793580847e-02
7.634790418974111981e-02
7.554054766695879330e-02
7.662975193303621368e-02
7.515242188807633172e-02
7.583024969614612920e-02
7.653724425216416882e-02
7.614959677454556652e-02
7.607810026641516343e-02
7.532390134688179972e-02
7.497882002239208976e-02
7.477060820893939586e-02
7.607287025513245760e-02
7.568840509443719444e-02
7.601090725557874128e-02
7.523877286766393613e-02
7.577714709616170663e-02
7.585301842390423932e-02
7.518355915210513107e-02
7.487008160132262169e-02
7.544757105228476479e-02
7.548023884026498764e-02
7.550684723350535588e-02
7.546387112877078751e-02
7.579150334052320304e-02
7.582184388597414115e-02
7.521087785440258577e-02
7.617944877420838867e-02
7.605414705334498371e-02
7.572924534379558981e-02
7.552478852906614748e-02
7.620580733005394292e-02
7.546801606453580613e-02
7.643324798616413229e-02
7.576048161076059939e-02
7.601741827643120064e-02
7.569442536723844372e-02
7.585924131079956056e-02
7.548940788935427915e-02
7.572160163027139013e-02
7.553430446220260608e-02
7.576229382902283094e-02
7.558363623768458994e-02
7.597107052124284221e-02
7.605148194759328573e-02
7.542702237069727478e-02
7.650127491898842114e-02
7.536128118173827939e-02
7.582974512241855147e-02
7.613520203539156372e-02
7.579386050208730685e-02
7.561268782453786641e-02
7.601866161745980677e-02
7.669904998665347251e-02
7.595840006988179016e-02
7.603999386080102785e-02
7.538436242921800479e-02
7.554402185370635847e-02
7.636305540975275863e-02
7.536987773251248302e-02
7.585455222165285449e-02
7.600519516859287339e-02
7.544390900166177139e-02
7.606935141772031006e-02
7.549101131117150199e-02
7.545049447384755137e-02
7.588389120984237457e-02
7.547706001294601785e-02
7.586622421237343428e-02
7.523292123381175589e-02
7.549372369628107315e-02
7.565555322721859155e-02
7.541706878517806523e-02
7.590867950781883533e-02
7.578882637907147224e-02
7.590779161371115358e-02
7.568332246302404698e-02
7.533309137385771348e-02
7.516389670435764947e-02
7.552282856406225542e-02
7.590519877265525239e-02
7.558897050601308398e-02
7.548257386392431822e-02
7.637056010065071399e-02
7.585501858105819784e-02
7.578325540750933953e-02
7.584301880614185976e-02
7.540984613146360649e-02
7.557720427861425172e-02
7.616331446723280385e-02
7.627364014165639861e-02
7.557314963092361115e-02
7.614664604984450191e-02
7.526755146967464838e-02
7.606371203256477587e-02
7.621412791053865099e-02
7.657143321368410638e-02
7.564382938895264363e-02
7.563863222199833369e-02
7.572165279619079425e-02
7.619725451902524538e-02
7.599721880640698812e-02
7.564791153792295442e-02
7.566182218273120874e-02
7.561125735965854022e-02
7.600383989806813734e-02
7.646145335279302957e-02
7.565222392296988563e-02
7.551990935244522196e-02
7.526700746597432545e-02
7.516172994923857320e-02
7.550302633442172728e-02
7.623411004331981378e-02
7.528335554129186868e-02
7.544608208039257913e-02
7.529736742619265455e-02
7.584328800942671811e-02
7.560658485226651182e-02
7.669251012306714521e-02
7.584066483540589931e-02
7.571258215437048911e-02
7.568442651362095042e-02
7.608678855099432203e-02
7.606806493365098065e-02
7.541097200675658807e-02
7.542639579611923328e-02
7.526179745344860339e-02
7.549529872092909655e-02
7.556725392342165948e-02
7.578550595967083192e-02
7.493934130802593074e-02
7.530960832468323873e-02
7.500822792148406637e-02
7.519838461929997941e-02
7.555086561533191913e-02
7.595576412611777795e-02
7.589326784166425255e-02
7.643463372858182170e-02
7.590895492034706316e-02
7.522518766053684636e-02
7.542855331907309668e-02
7.536721579213000177e-02
7.544788965590704111e-02
7.597364481790591650e-02
7.577933190738470048e-02
7.611661665096612628e-02
7.571154215794030640e-02
7.555885863905541233e-02
7.542180209426292692e-02
7.554272465416259075e-02
7.512814878717324896e-02
7.528659295630148185e-02
7.496729725078861428e-02
7.477585700455512130e-02
7.527269845716048902e-02
7.538735876973320926e-02
7.558280564133389168e-02
7.532488617463664604e-02
7.475261994532686471e-02
7.604709419191839348e-02
7.536922977231085008e-02
7.522015368532999902e-02
7.549004094077398086e-02
7.534853257869701670e-02
7.564008030318933318e-02
7.469459660006275148e-02
7.570370363530797009e-02
7.531150479605425163e-02
7.528701621408209754e-02
7.558565732435221229e-02
7.551113480462977312e-02
7.564594456765913466e-02
7.509495014898535936e-02
7.578169739853984899e-02
7.542249595077386848e-02
7.553212715484293460e-02
7.651274269025591657e-02
7.534425375058521890e-02
7.581159564062227296e-02
7.550961961435401215e-02
7.533975790459199184e-02
7.577277785163864798e-02
7.508443062081346375e-02
7.493205237155255161e-02
7.479094643621352068e-02
7.556576330896695726e-02
7.523597106663493239e-02
7.509601521913635003e-02
7.489724141695601467e-02
7.550776524164169723e-02
7.529866336500719293e-02
7.529242814973566289e-02
7.552550233937556368e-02
7.552332465801513128e-02
7.478907711698466743e-02
7.554860942368654686e-02
7.542794405835996641e-02
7.484341355932010165e-02
7.519712584932405908e-02
7.562091541516904880e-02
7.564008030318934706e-02
7.532156460636831030e-02
7.519854989247627686e-02
7.564731822546796880e-02
7.619481548552965722e-02
7.583291992493362832e-02
7.507541425006197811e-02
7.585911855780799740e-02
7.569555581911507902e-02
7.555433689307561318e-02
7.596759000691279129e-02
7.595045602579805766e-02
7.590316042705783084e-02
7.598549718485102245e-02
7.621505349115841044e-02
7.578876012825759567e-02
7.537279714259613461e-02
7.537178962088643408e-02
7.516838091114674825e-02
7.526835917440552470e-02
7.521363507818791538e-02
7.607538067420585581e-02
7.623899190981656138e-02
7.565561097161577209e-02
7.545136808160297914e-02
7.532586330193521973e-02
7.509120930115174841e-02
7.522635177669853568e-02
7.576074276400068808e-02
7.535997801066049440e-02
7.562426959202964150e-02
7.637838257744168635e-02
7.560534567626929492e-02
7.529229653114827281e-02
7.576061173744121080e-02
7.611003153119322295e-02
7.544850862395210966e-02
7.581310878187307034e-02
7.632105933758676075e-02
7.544857455652856371e-02
7.560440665055324916e-02
7.570610318003473393e-02
7.507882061264424534e-02
7.545584451342511600e-02
7.499776652857055581e-02
7.530085019534984991e-02
7.551383991785821925e-02
7.513954056145637217e-02
7.592188697500457106e-02
7.623515033693765985e-02
7.574707547121330153e-02
7.581343374574846250e-02
7.528571867882166702e-02
7.564411274756956127e-02
7.554155755714020426e-02
7.551087551959280442e-02
7.588245716770643245e-02
7.567722160515566454e-02
7.618637851062885769e-02
7.588118269641870584e-02
7.616111827064445117e-02
7.593918736604625408e-02
7.600432119339650683e-02
7.527207977843733411e-02
7.619681736399845640e-02
7.558300255556685276e-02
7.590700472141519162e-02
7.567833758644142150e-02
7.596894759268107977e-02
7.567166041592526815e-02
7.633361099905351665e-02
7.561343676147649906e-02
7.592787553331832584e-02
7.561467676868213750e-02
7.610426093235833633e-02
7.665691012203711130e-02
7.593043539097107941e-02
7.573900513408335367e-02
7.575829703000268311e-02
7.588274210128495567e-02
7.637090072122282303e-02
7.548448219189837771e-02
7.510846841622692560e-02
7.621839163338471612e-02
7.584942069775504891e-02
7.591246197138500074e-02
7.661417578578148813e-02
7.542482891239966902e-02
7.575167343288244370e-02
7.592254317152388743e-02
7.574868626867607702e-02
7.645931426466122394e-02
7.588889014246838483e-02
7.503773955138128005e-02
7.563953329634556799e-02
7.550923573191373195e-02
7.549121641144178330e-02
7.612094083417544899e-02
7.511694058206781766e-02
7.646499127415488928e-02
7.483503609851385741e-02
7.564252200838895990e-02
7.567867881213144465e-02
7.583612232785094665e-02
7.536954916485628930e-02
7.588850224417849344e-02
7.566225540763649171e-02
7.582456492124838021e-02
7.536004388855448155e-02
7.544434496952884261e-02
7.527505847387076787e-02
7.561710840139575229e-02
7.488898699689566785e-02
7.521651057866651779e-02
7.607329238878426936e-02
7.596409959475650120e-02
7.572333520515048266e-02
7.590457379680880245e-02
7.598630486566813891e-02
7.632972844000915358e-02
7.634293593455153404e-02
7.596841623020579581e-02
7.616955475481858306e-02
7.623165219497358980e-02
7.601035637413885993e-02
7.553865945352518374e-02
7.543769724029794621e-02
7.577496241091664919e-02
7.602611513335660876e-02
7.583685668256194556e-02
7.549000977501052478e-02
7.548468483791047345e-02
7.494785321197265648e-02
7.598411308183608548e-02
7.621039911268275013e-02
7.458035109738958557e-02
7.540063243026266793e-02
7.563843805437202306e-02
7.591947826830275359e-02
7.643631424838298605e-02
7.521200612117710793e-02
7.572574185181964179e-02
7.581041597290695544e-02
7.522812423654975933e-02
7.628996279274843917e-02
7.498964106034967936e-02
7.565248915092530335e-02
7.559631526108941124e-02
7.574358288971906605e-02
7.623417667004109277e-02
7.623417667004109277e-02
7.524118572824654849e-02
7.561250674374608849e-02
7.532751422818839693e-02
7.561935505163905336e-02
7.483906070645576780e-02
7.560883454742362009e-02
7.581596774992102605e-02
7.597711740172644057e-02
7.588336937618668510e-02
7.543763132673088345e-02
7.567780461078210674e-02
7.618734780099842285e-02
7.581275049348386308e-02
7.565168136402060373e-02
7.572108494654723743e-02
7.595802064487609806e-02
7.615707992437174834e-02
7.567980982114462518e-02
7.472065668964987528e-02
7.637062686582347937e-02
7.591384799158676366e-02
7.571300209133773051e-02
7.532110560047110270e-02
7.613938292323089996e-02
7.560353304747571834e-02
7.577439949180625467e-02
7.520349870852990892e-02
7.545993765687347699e-02
7.555854439442100112e-02
7.508412512588989729e-02
7.577820884655067646e-02
7.579629722829366034e-02
7.562746065863448774e-02
7.534895764641209859e-02
7.577933190738470048e-02
7.663178495793579459e-02
7.585964003089276653e-02
7.566960898971197835e-02
7.580416474924966952e-02
7.627998503334672276e-02
7.559326249294980038e-02
7.538530000075698012e-02
7.556533207279232667e-02
7.532477476941300265e-02
7.575174404358162028e-02
7.609473716566642065e-02
7.555261441857780147e-02
7.530716265042634860e-02
7.634919277189969322e-02
7.649669868507992521e-02
7.543850507512783743e-02
7.603921079509429193e-02
7.601562333177393216e-02
7.531164289099832876e-02
7.560945052406899125e-02
7.557848052023909136e-02
7.531251684022514936e-02
7.537214975366567093e-02
7.511855813559203954e-02
7.584160657969063468e-02
7.544136051293059975e-02
7.573251924328315565e-02
7.626703783122798508e-02
7.607910783084188833e-02
7.603408954180894408e-02
7.488254829116612610e-02
7.544695221437876242e-02
7.622938624456611356e-02
7.581329938972397597e-02
7.574891483388351832e-02
7.566853622905025945e-02
7.514454176766582894e-02
7.560297200264999573e-02
7.548143247174979309e-02
7.473362032204765304e-02
7.530293543109393972e-02
7.524968755562080891e-02
7.505811373439429113e-02
7.554367024161695587e-02
7.605503107420279185e-02
7.619249111258007134e-02
7.589107892893552643e-02
7.494108882539680938e-02
7.521669197012183228e-02
7.468842290398224060e-02
7.531434479992164810e-02
7.542682305995034031e-02
7.596152750400944620e-02
7.576515851171178317e-02
7.539869654799882803e-02
7.598153324630520233e-02
7.542263217372476014e-02
7.504569143016831534e-02
7.564703703536404533e-02
7.532457951862300827e-02
7.542682305995035419e-02
7.536156642549264595e-02
7.552631012077724859e-02
7.553778588068325861e-02
7.525905865931105387e-02
7.556661378446541399e-02
7.586396159233561864e-02
7.554672307089552175e-02
7.593918736604625408e-02
7.513384205713173614e-02
7.574780919158340120e-02
7.561648644873032732e-02
7.544652137192967012e-02
7.525407890698973534e-02
7.563299095437357733e-02
7.561313037914482726e-02
7.537632867608215492e-02
7.568840560060018097e-02
7.578736292463755797e-02
7.549466302965719688e-02
7.471205341498635133e-02
7.606286784721724703e-02
7.572872764198280982e-02
7.527982331349795941e-02
7.602651551181401068e-02
7.549683900806657133e-02
7.501900700563378377e-02
7.603527998581396941e-02
7.559818358659926851e-02
7.567544681411073060e-02
7.562208956570783125e-02
7.609204754172013696e-02
7.537873009550292991e-02
7.571372570529170953e-02
7.567833758644142150e-02
7.555419038274203969e-02
7.591080148416705364e-02
7.429381026359144213e-02
7.493840221688698178e-02
7.432819865962850270e-02
7.560633954965678694e-02
7.557056663282667175e-02
7.557136569522396319e-02
7.572027710310264004e-02
7.547950060249426774e-02
7.522155251192189085e-02
7.501559081908401594e-02
7.525407890698974922e-02
7.497889944704339005e-02
7.584799505146942733e-02
7.502979686944105664e-02
7.509852034198874482e-02
7.626295119959347613e-02
7.463420307611397242e-02
7.555427087569134559e-02
7.505124699429867319e-02
7.532652708926743101e-02
7.483261200967751547e-02
7.531237841926557985e-02
7.580615824884551213e-02
7.534750739397975960e-02
7.548515299445787696e-02
7.506886978734249316e-02
7.467875911654646426e-02
7.550684723350532812e-02
7.493198691483360374e-02
7.573033546883016498e-02
7.546211332039411135e-02
7.544782573685700211e-02
7.533918812200987580e-02
7.555607221180973831e-02
7.530877277972429507e-02
7.548517992675438104e-02
7.480163659008122468e-02
7.536206364832366555e-02
7.524089642197569205e-02
7.509770514730167157e-02
7.558219544994421168e-02
7.555224126811467544e-02
7.598508220302771510e-02
7.531815949147643852e-02
7.578169739853982123e-02
7.456119657809519297e-02
7.520731529908783464e-02
7.590327379778416539e-02
7.504161351094157384e-02
7.503731746418793036e-02
7.557308360662015612e-02
7.565473704682947054e-02
7.516468700705516981e-02
7.608414977055272255e-02
7.591341878358033590e-02
7.545130216933693124e-02
7.493232677550692999e-02
7.531665531385389745e-02
7.610426093235833633e-02
7.550027921895095806e-02
7.551266892171069889e-02
7.514390591867090019e-02
7.521998414648256581e-02
7.565412906881485711e-02
7.579975934983268493e-02
7.610740168945312467e-02
7.582013909633257553e-02
7.542832278956304592e-02
7.551695546782513646e-02
7.513876919548732880e-02
7.562651581122116495e-02
7.525480532004572010e-02
7.530137101619782669e-02
7.505678040454612232e-02
7.571912836676716885e-02
7.626239159061731776e-02
7.492556678633328915e-02
7.576104962414677291e-02
7.571016647303065172e-02
7.562544039668639417e-02
7.548729109539623061e-02
7.567903407982395914e-02
7.544191594818383528e-02
7.539317565030857760e-02
7.565004309080652911e-02
7.521721580260208595e-02
7.563055335741297736e-02
7.545532531125116738e-02
7.536650048093919418e-02
7.519783813703338760e-02
7.602790293058833693e-02
7.541549801460993574e-02
7.532673642323792218e-02
7.548441624696025642e-02
7.559768705118230514e-02
7.512158956644088281e-02
7.555295259915228989e-02
7.451733138677843482e-02
7.521640798334691680e-02
7.542386151867613853e-02
7.492719939476187585e-02
7.574562453527181050e-02
7.528144428954390566e-02
7.504812896249715704e-02
7.596541685471326633e-02
7.566040915122626553e-02
7.519851606234592700e-02
7.539669346323921162e-02
7.494927145964583315e-02
7.511997653282614928e-02
7.577789656168736065e-02
7.524183561656216934e-02
7.497371613109651833e-02
7.506165798817988899e-02
7.614361977536847348e-02
7.491741373662068326e-02
7.487649123937833995e-02
7.514800130942944634e-02
7.490754400782777267e-02
7.541664827112956604e-02
7.526191691985736898e-02
7.564607677025592114e-02
7.513730048934960659e-02
7.420794185174257873e-02
7.520489160170673593e-02
7.466272049073582884e-02
7.528801590798382681e-02
7.559389267706841109e-02
7.523812957781536581e-02
7.627307624371802708e-02
7.496729725078861428e-02
7.526198265157961476e-02
7.559513181761824685e-02
7.559269789699674114e-02
7.595012284194695151e-02
7.482873122434509361e-02
7.494830318266348934e-02
7.497665978191263292e-02
7.523660345757247903e-02
7.508472672797343594e-02
7.596113123799647093e-02
7.529839889639129702e-02
7.568489020731590522e-02
7.519848424636919881e-02
7.483916426561275370e-02
7.527636548960521534e-02
7.494150182040848485e-02
7.539716121135295324e-02
7.493017344034913485e-02
7.541226607240868185e-02
7.476177915893886250e-02
7.560534567626929492e-02
7.426414779781778663e-02
7.491693490681317069e-02
7.510576161075588342e-02
7.624816229816536173e-02
7.567816088304298028e-02
7.548355720174740324e-02
7.517409792099921662e-02
7.577308558590624410e-02
7.594394165466993030e-02
7.550891262588094177e-02
7.526404465599237370e-02
7.560098959143513042e-02
7.578687134977568629e-02
7.588813085078639775e-02
7.525830318979601086e-02
7.559881173724808390e-02
7.567108431011013159e-02
7.498696538812991974e-02
7.492206877288869193e-02
7.539799349397632855e-02
7.533469238578680005e-02
7.563979384132922534e-02
7.549315480237463183e-02
7.533240071337767019e-02
7.576866555664704683e-02
7.651061435869734029e-02
7.542917959095481184e-02
7.567850177798436662e-02
7.499396477330753930e-02
7.557432863648651244e-02
7.522215096254276923e-02
7.557348569701623220e-02
7.581404772010490178e-02
7.560310156987756769e-02
7.658164524452518163e-02
7.489757252367131024e-02
7.513440481193535414e-02
7.530924022049245714e-02
7.573142739363954157e-02
7.582627838324471070e-02
7.457396516422257204e-02
7.524532763320547490e-02
7.495694070828548550e-02
7.498104585490604490e-02
7.534969140449893077e-02
7.514156732219393064e-02
7.541184578034765273e-02
7.521002470840734699e-02
7.571622178289408311e-02
7.563640047883112005e-02
7.590002854697290580e-02
7.577751443250113628e-02
7.585236637228935652e-02
7.576030737668687509e-02
7.522823091148843344e-02
7.541458578057205764e-02
7.553626002880967083e-02
7.544633291357277782e-02
7.461553676565803317e-02
7.579854855514502054e-02
7.568463746605993969e-02
7.562775639855719156e-02
7.502134345715083530e-02
7.518050523216575354e-02
7.608940837354670472e-02
7.576760172661750614e-02
7.522735794034100809e-02
7.510649524620155448e-02
7.534107634581345414e-02
7.425346036114052750e-02
7.541254378896532218e-02
7.561281370629273357e-02
7.584042933772136563e-02
7.471732105198039542e-02
7.559090721068056906e-02
7.463354288239697210e-02
7.521363507818791538e-02
7.548596037020098570e-02
7.557218154357039919e-02
7.480338268175625027e-02
7.524878970485159024e-02
7.544136756328213844e-02
7.503609412114681243e-02
7.565058604363204819e-02
7.515250054012855008e-02
7.562316314882711055e-02
7.528429458349243653e-02
7.610169402944930162e-02
7.544347623308346462e-02
7.552227346791677565e-02
7.519205148382170079e-02
7.552848794911594388e-02
7.417902087898173291e-02
7.524680167323266611e-02
7.542025759412235297e-02
7.505405146231006186e-02
7.507537989480919660e-02
7.523315537700560329e-02
7.536938940898862960e-02
7.573258542023265927e-02
7.475068248991764697e-02
7.469983959679006580e-02
7.472659602839157311e-02
7.509704751106341392e-02
7.565283213991606803e-02
7.521086271814933499e-02
7.428787162849362358e-02
7.499569173650448561e-02
7.432732313757151044e-02
7.497399599839052464e-02
7.524398607885970924e-02
7.510596738802582939e-02
7.516541110708964413e-02
7.533107745235767538e-02
7.508127241919067274e-02
7.500988439623641757e-02
7.539310973970649032e-02
7.470497567867280531e-02
7.459182507134860807e-02
7.496377471052605157e-02
7.523250505634208884e-02
7.520775937336612871e-02
7.457618056816382734e-02
7.528769494188013167e-02
7.499387970188416130e-02
7.524673198591283474e-02
7.482145970333575757e-02
7.608032246897346307e-02
7.525411461177590466e-02
7.485119324275810171e-02
7.535772070846005755e-02
7.606855153151044491e-02
7.386889715282643487e-02
7.519854989247630461e-02
7.513907615773683657e-02
7.473607583736456561e-02
7.527184027230615637e-02
7.495592625206441706e-02
7.598723301232648830e-02
7.472993443282324733e-02
7.522875925916928941e-02
7.575013197122879016e-02
7.563314073321822373e-02
7.500797525038897795e-02
7.510001781058313342e-02
7.473069044996898114e-02
7.531644961594381738e-02
7.514815872924969498e-02
7.495599704320782264e-02
7.558866308029342507e-02
7.431320043322713065e-02
7.513747763978965988e-02
7.528212504182142661e-02
7.459813656864008879e-02
7.537632867608216880e-02
7.484810003496911168e-02
7.537839411286821611e-02
7.512078335041616484e-02
7.492428652099251962e-02
7.454502619507777372e-02
7.530944304785523735e-02
7.531574651355979477e-02
7.551515864229949027e-02
7.581699574678810172e-02
7.475061730028738360e-02
7.514607079075093232e-02
7.537133238266617574e-02
7.540729090693618075e-02
7.517118566607665364e-02
7.534873266940581016e-02
7.510935344173381989e-02
7.525035467435019221e-02
7.516882006088614065e-02
7.461345267328799158e-02
7.514728600875417164e-02
7.533831520039471763e-02
7.536893600955689443e-02
7.465079238174109066e-02
7.523455805830794874e-02
7.551331175787241723e-02
7.508190980770181044e-02
7.526062118444794280e-02
7.508412512588991117e-02
7.500857078105717390e-02
7.513740460096152152e-02
7.538941293123063714e-02
7.491134238497637599e-02
7.464813994827038113e-02
7.499049631423844453e-02
7.492679237728594455e-02
7.558082490777735807e-02
7.522096122267937779e-02
7.474886005175437886e-02
7.477294071096426964e-02
7.470380863276560035e-02
7.535041172484546745e-02
7.461281784868316336e-02
7.527969802563076740e-02
7.562693550357137140e-02
7.540126819611187026e-02
7.500372199303875775e-02
7.510495397210639745e-02
7.530720312750299739e-02
7.569526329495447625e-02
7.532291878049705847e-02
7.594706181051524840e-02
7.552429650873952738e-02
7.543739051650033556e-02
7.553125365754434495e-02
7.519570815558312971e-02
7.566910173104553217e-02
7.485075381057969268e-02
7.456942353179041305e-02
7.540858993583217373e-02
7.494359621838721230e-02
7.496167999010906746e-02
7.578350074326889452e-02
7.570697637681571279e-02
7.533390924034699676e-02
7.555547874188522917e-02
7.564062690121647892e-02
7.549632360837511824e-02
7.604615499619030161e-02
7.598764958520935753e-02
7.504429671238507793e-02
7.534237491258134745e-02
7.519654435913529500e-02
7.541019535896895110e-02
7.527778633358875315e-02
7.528205930008644020e-02
7.643211259757885789e-02
7.592175439960804906e-02
7.599728519551339490e-02
7.592211998339062906e-02
7.553249377722529023e-02
7.579597847685919099e-02
7.559413604060913339e-02
7.585686253571713444e-02
7.508179424434228977e-02
7.526972970993442424e-02
7.579047343439972162e-02
7.551200840265567815e-02
7.550236229558122958e-02
7.563158713542977862e-02
7.550488080877702790e-02
7.526329215084308355e-02
7.590519877265525239e-02
7.547575882475936193e-02
7.485971559124254826e-02
7.582519134566258201e-02
7.597247063103668152e-02
7.651686521480778602e-02
7.544031591876335097e-02
7.570967863875591175e-02
7.583455118211526735e-02
7.557224751596204604e-02
7.645931426466123781e-02
7.558480848146664766e-02
7.665810576593296011e-02
7.604485350731933491e-02
7.587121747837130559e-02
7.522249808029084217e-02
7.606964372268651409e-02
7.586859269557923169e-02
7.550456272370360822e-02
7.522075293933479234e-02
7.587077781994325254e-02
7.574307466245328024e-02
7.542598739251454854e-02
7.644065778314136639e-02
7.540361189292558997e-02
7.624345093734280487e-02
7.522588972134348906e-02
7.493880013254014538e-02
7.617766563717705275e-02
7.595418805604582657e-02
7.578561733435205949e-02
7.502225208717720750e-02
7.567623941300356816e-02
7.511273692505207600e-02
7.565799981543847030e-02
7.592313452928736717e-02
7.546686803941071719e-02
7.566427193591994393e-02
7.539720248789813506e-02
7.556725392342165948e-02
7.490364943317612267e-02
7.572895174593478884e-02
7.592131315933081659e-02
7.566179611735703026e-02
7.517984194133436882e-02
7.521506246551168395e-02
7.573135091310774503e-02
7.520446513067426120e-02
7.510779833078341794e-02
7.598981239577091984e-02
7.513077817966241911e-02
7.566611570932252340e-02
7.546836462989195415e-02
7.511286925139001869e-02
7.555323759475891798e-02
7.565696636825995636e-02
7.564411274756957515e-02
7.544180189334820374e-02
7.609862713208843943e-02
7.506987745524500155e-02
7.514945029611573568e-02
7.543398401090831151e-02
7.552075589582563087e-02
7.545396584351256319e-02
7.498393271308703700e-02
7.489105222867374623e-02
7.628983042556730654e-02
7.495432704361677800e-02
7.529581966395494652e-02
7.534382034222668334e-02
7.508845142551866247e-02
7.581998735576434001e-02
7.602007623920642443e-02
7.513388457623908223e-02
7.452816072247579748e-02
7.490924978933664879e-02
7.517840481694901267e-02
7.595936986472766328e-02
7.561274410611050489e-02
7.521435726751536655e-02
7.568924937205247228e-02
7.503315893928177993e-02
7.502015651408838748e-02
7.448090258962121457e-02
7.464832564912829427e-02
7.540391594851915402e-02
7.509548227148028776e-02
7.544851012964191861e-02
7.515818947157371088e-02
7.519848424636919881e-02
7.521469223547502803e-02
7.545973710153011660e-02
7.519716126235219400e-02
7.546408354863443080e-02
7.551134739063476708e-02
7.552348514244987265e-02
7.653780063136512990e-02
7.544056000895969782e-02
7.491554966464075704e-02
7.522326025172429431e-02
7.509704751106342779e-02
7.488854940959166484e-02
7.593794212273413669e-02
7.607763918756128840e-02
7.556035887823360497e-02
7.535424256588446612e-02
7.499770105774140883e-02
7.510016460444873809e-02
7.585526615981659504e-02
7.587556281013412007e-02
7.505178363250097906e-02
7.532239589440169192e-02
7.475861650152686166e-02
7.494534146195665214e-02
7.548071307954890008e-02
7.565773271601718142e-02
7.515032304174615319e-02
7.544571682391194856e-02
7.514309852272575696e-02
7.502735003163049643e-02
7.477300591443321320e-02
7.560776814213496233e-02
7.482615788889558639e-02
7.618845045142717820e-02
7.521566501570160768e-02
7.514376490249898011e-02
7.477126370725514781e-02
7.587202405348394962e-02
7.549406165923473744e-02
7.557734300930775417e-02
7.594749348305225578e-02
7.554830710334428656e-02
7.463643806124170554e-02
7.554184645147805910e-02
7.535843838840650122e-02
7.587831506288453265e-02
7.508442112451921280e-02
7.565321668898279672e-02
7.538337655288436523e-02
7.482322770292465508e-02
7.556477795120267182e-02
7.544608208039257913e-02
7.536705582416146354e-02
7.601697439442589577e-02
7.590265423539482859e-02
7.550652699979823468e-02
7.528138287566750464e-02
7.456120814569963673e-02
7.579417845459671121e-02
7.513876919548732880e-02
7.565719258993695850e-02
7.523525563304132857e-02
7.551449952586163084e-02
7.541016075559625609e-02
7.573920573188455685e-02
7.500848030240048203e-02
7.605359954776787224e-02
7.488340730825905622e-02
7.632552528858059515e-02
7.534180138523176307e-02
7.580281056619798952e-02
7.620640801214934035e-02
7.579303915734141028e-02
7.530056691149410175e-02
7.563204247539051517e-02
7.544043598973146358e-02
7.587202405348396350e-02
7.611290007076307318e-02
7.616764067946112104e-02
7.510211543136915968e-02
7.604961171657791119e-02
7.624784303197888746e-02
7.562170298642707789e-02
7.548920378050172353e-02
7.540301353657213879e-02
7.571185956114574733e-02
7.548315367817100274e-02
7.553814627245455937e-02
7.644279290157737772e-02
7.656313303215571409e-02
7.573942947802059233e-02
7.630641015203304400e-02
7.625687821983438697e-02
7.635363215100995915e-02
7.577440036103594290e-02
7.674740889336960359e-02
7.790585380777877156e-02
7.743988417470416830e-02
7.719707737914874301e-02
7.672476740881271906e-02
7.723688742378427563e-02
7.678077254607106050e-02
7.691293209175935341e-02
7.700294681047654966e-02
7.760764910297689168e-02
7.688207771719240968e-02
7.732113419435243662e-02
7.756242028129334276e-02
7.656139980053630612e-02
7.720815751081820666e-02
7.720013753045434912e-02
7.714786487321971531e-02
7.779323391172725255e-02
7.750275862621100464e-02
7.721775308118947190e-02
7.697853806205784410e-02
7.653328906392205255e-02
7.696896299459032864e-02
7.744719984462007656e-02
7.697945711940616664e-02
7.745841095501601603e-02
7.705413783979417341e-02
7.675122470484706250e-02
7.682330797382014298e-02
7.652332426628982720e-02
7.669297320956788844e-02
7.758111400357997622e-02
7.755785227300750206e-02
7.695661196999373233e-02
7.680829963163801621e-02
7.728787407909501472e-02
7.774317200515659665e-02
7.759163145267140849e-02
7.737773778870160601e-02
7.643098028209162342e-02
7.747740886931200888e-02
7.771421834420991215e-02
7.721563358317901082e-02
7.750611657019371159e-02
7.727323691287761587e-02
7.730856799390625755e-02
7.719569198546039068e-02
7.760473006009281638e-02
7.654148143589427356e-02
7.750921940233612695e-02
7.650201550627268310e-02
7.682658496552577376e-02
7.665188542036829866e-02
7.751291238420641994e-02
7.768232784525411216e-02
7.723158595481775801e-02
7.652206045938865497e-02
7.722672896495647032e-02
7.772964507536403445e-02
7.683094409485168030e-02
7.767698434149593323e-02
7.731299783225782651e-02
7.756290846642995007e-02
7.725017995414544536e-02
7.749719510575615866e-02
7.739640797232888447e-02
7.692616112326727817e-02
7.722223813931269887e-02
7.645323870807328726e-02
7.709734341059033824e-02
7.727674654954543032e-02
7.743302454779757427e-02
7.773371586555882784e-02
7.711825814395623091e-02
7.746935973179201740e-02
7.725765811295819130e-02
7.748511662000484579e-02
7.760833342820304404e-02
7.743623848810526900e-02
7.737324982059703982e-02
7.700072952597365739e-02
7.690856856209110637e-02
7.660515922080021745e-02
7.760852237524916430e-02
7.683044351051120102e-02
7.731309843923263314e-02
7.682447603555764282e-02
7.691690244162097123e-02
7.737429075420207414e-02
7.665874586525071865e-02
7.729433484481247618e-02
7.677352135898411756e-02
7.765517547157051170e-02
7.729886076975968356e-02
7.700093998739043766e-02
7.731874549569438260e-02
7.691307010923546794e-02
7.722358955650766854e-02
7.725553732496907855e-02
7.738006874545430569e-02
7.804502042480408741e-02
7.657277152500618911e-02
7.664927381100074266e-02
7.673098504470360348e-02
7.736993318534060582e-02
7.751177302700630600e-02
7.757268460388920539e-02
7.639400399892187776e-02
7.746557719671247344e-02
7.796640453634386125e-02
7.721704532347045680e-02
7.731247142077371515e-02
7.691944338078127164e-02
7.731452003705706344e-02
7.736350798607428969e-02
7.675290965569060708e-02
7.700145921032672258e-02
7.737118913818911980e-02
7.703022125553259103e-02
7.739666975495559931e-02
7.709450552162991355e-02
7.713946953097752801e-02
7.714022169259639183e-02
7.708051430770815338e-02
7.720448682658254125e-02
7.570808497639872070e-02
7.743995177943628627e-02
7.730124097165039232e-02
7.784633277523628214e-02
7.765510764193972459e-02
7.758440054158680099e-02
7.739859434683468709e-02
7.730871233311321922e-02
7.715217996270026801e-02
7.798280452648152783e-02
7.753307933583541978e-02
7.815914888970876273e-02
7.740408176555836628e-02
7.716247855472389838e-02
7.760640637026065825e-02
7.721652386971293580e-02
7.776486982493635569e-02
7.702500131927081384e-02
7.712339933636115641e-02
7.756653358367858464e-02
7.757505676707707187e-02
7.744224202527354162e-02
7.751153521455872442e-02
7.671083509767133435e-02
7.680441720872992206e-02
7.711288676062821867e-02
7.715583176703547097e-02
7.724340308718571912e-02
7.717265184561893088e-02
7.753793256547007740e-02
7.743325948350772425e-02
7.721332729014103446e-02
7.793525434840641031e-02
7.725013731879892820e-02
7.710500698206039505e-02
7.743506116366287440e-02
7.698183152954878039e-02
7.704072977657393240e-02
7.738658080265467532e-02
7.665258955026650611e-02
7.720987541612316096e-02
7.627513412185722708e-02
7.680615638450818961e-02
7.771581183422443528e-02
7.721918909866751224e-02
7.780614919630153559e-02
7.735466586209853446e-02
7.672305034929106926e-02
7.730673819808508984e-02
7.654182464308782741e-02
7.710050262447894209e-02
7.710359416868349525e-02
7.729655828671130879e-02
7.777744285158495752e-02
7.698982154544141421e-02
7.729312517896012869e-02
7.732987515138749213e-02
7.674499296787719305e-02
7.741049642970214417e-02
7.729656319651601049e-02
7.689035062051458036e-02
7.738306514018375437e-02
7.703851280273574242e-02
7.735650464155062467e-02
7.774419461212907223e-02
7.704200762222913890e-02
7.724932017012219043e-02
7.810643545419199141e-02
7.652668156945029165e-02
7.770261161968915198e-02
7.694566589472126572e-02
7.639518297740029162e-02
7.716691908973270786e-02
7.746625679238361428e-02
7.788494442817113506e-02
7.688980276739366959e-02
7.727897310265667563e-02
7.678493286771997939e-02
7.657295543570800944e-02
7.722574352037908652e-02
7.775401522646402386e-02
7.675837345394204148e-02
7.674673572665115240e-02
7.778390317621022843e-02
7.746821325368617728e-02
7.696318946260533034e-02
7.728787072577902872e-02
7.734314521300496292e-02
7.718380556988131691e-02
7.689550159038714694e-02
7.677439395458841853e-02
7.699116522805733720e-02
7.705403429961998896e-02
7.637081500373234244e-02
7.706594376929809531e-02
7.748417614205294068e-02
7.667066751370368860e-02
7.720225598910100684e-02
7.733666166211813908e-02
7.717047929095369185e-02
7.743964181298174099e-02
7.749057292260760899e-02
7.674064358597543212e-02
7.604403289749187000e-02
7.760529462057939865e-02
7.715496762991760904e-02
7.780820169673545450e-02
7.749028371337325638e-02
7.662089766645953370e-02
7.757243131747028342e-02
7.735430417112713897e-02
7.763897655837984080e-02
7.700748456375590412e-02
7.712840971625549435e-02
7.801654777574625055e-02
7.666900997616549196e-02
7.711596618633838329e-02
7.705840294801416523e-02
7.702968606068230639e-02
7.774870633237383755e-02
7.730116682287573038e-02
7.688191280049162801e-02
7.761540722202035780e-02
7.736089131881422609e-02
7.704200762222915277e-02
7.676744476745699097e-02
7.736892865901794092e-02
7.732327928864336786e-02
7.787512179818731339e-02
7.726785973041226663e-02
7.756580365309032055e-02
7.735769660655458790e-02
7.698436265186145433e-02
7.788453856111590690e-02
7.630135318650610454e-02
7.740512230546540973e-02
7.711159918806548275e-02
7.751903593767077438e-02
7.677118683310844849e-02
7.784245875356317346e-02
7.729765338306841815e-02
7.728206851539666522e-02
7.669992270791066435e-02
7.672101157357007206e-02
7.715135007235238152e-02
7.672143904333207642e-02
7.688142227589031541e-02
7.699105636784152329e-02
7.799909136833857448e-02
7.797528363124169026e-02
7.866368572274798354e-02
7.811012735869653223e-02
7.832264285687427774e-02
7.828950350433333538e-02
7.798722835488915150e-02
7.849331399322390102e-02
7.723767634839943941e-02
7.869271517303613739e-02
7.847306740614481968e-02
7.832683636092792334e-02
7.866537217322487618e-02
7.767706835749009497e-02
7.832557493496447587e-02
7.894488217328503310e-02
7.845096819087794826e-02
7.790709405062276605e-02
7.881758719040928007e-02
7.860630098713794478e-02
7.837721213309091495e-02
7.900805150238608687e-02
7.764568200921395658e-02
7.850952097322071166e-02
7.796430871357316883e-02
7.762136227262282639e-02
7.863503707756147598e-02
7.812934117637154730e-02
7.922847484296896559e-02
7.774019676079778340e-02
7.910660362826223146e-02
7.859682420705813022e-02
7.861566668113140199e-02
7.784584580615258598e-02
7.846321870277295218e-02
7.809375850825785170e-02
7.840237981950633206e-02
7.863686636086265891e-02
7.809563652908535492e-02
7.857797877868107073e-02
7.822203785549403099e-02
7.830240376290222015e-02
7.837726959970951757e-02
7.878701747832370095e-02
7.890029350753122173e-02
7.756563095414444053e-02
7.859087073392563572e-02
7.691212635552589771e-02
7.856467981996301253e-02
7.840689329963584919e-02
7.855213396916893576e-02
7.815068652709185326e-02
7.847385950763303974e-02
7.758216450999128044e-02
7.789075063696866696e-02
7.858666577662599961e-02
7.904524585538197368e-02
7.880151757664850820e-02
7.862957240891231547e-02
7.835879255663505405e-02
7.835926133577729435e-02
7.835024244735890042e-02
7.807694057292864642e-02
7.787909415530408497e-02
7.791378406260514311e-02
7.891784678008957610e-02
7.750843107046175018e-02
7.860849666850985851e-02
7.776575979840703867e-02
7.786348153455825705e-02
7.853139298313201178e-02
7.768060062418304101e-02
7.863403025555429360e-02
7.816954052507575634e-02
7.800921128241158908e-02
7.824954316871618465e-02
7.796732229986778895e-02
7.754339756188091681e-02
7.854541972058187715e-02
7.805112348415228773e-02
7.819243425128977187e-02
7.815137100044446117e-02
7.784924249149598185e-02
7.802540990119637143e-02
7.850036804588170214e-02
7.849995570276105394e-02
7.849508399176080564e-02
7.862391093784472373e-02
7.832777258439313495e-02
7.824224285621807218e-02
7.820990716698361656e-02
