8.638291227844874243e-04
2.597295549393585645e-04
4.549158779076911685e-05
-6.031120756839758457e-04
-7.723045622429758339e-04
-7.034061026247595549e-04
6.568628620224892245e-04
1.707781487780835050e-05
-1.026996273130409421e-03
1.224320870513606607e-03
1.779402605811108984e-03
7.745982569553611086e-04
-1.139070718184642672e-03
1.043796525278972709e-03
1.249390487655377413e-03
1.063392087277570397e-03
8.398627619172760461e-04
4.954871971285523813e-04
-4.558960349039242743e-04
5.426797027741070423e-04
1.387294085770651719e-04
9.335711816498282190e-04
5.176454484880910201e-04
8.934985833251030130e-04
-5.687459786603010770e-04
7.428486876936979399e-05
2.280784601329521877e-04
2.052694945161359641e-03
1.571670420314141836e-03
5.235282093769555445e-04
-9.173997503835185086e-04
-2.058931730281932104e-03
1.321288634268169560e-03
-3.398301886174959208e-04
-1.455288041853908254e-04
-1.957681278822898108e-03
-9.052815921601897742e-04
1.832095070337658171e-04
-1.064003689456916035e-03
8.030765674171824742e-04
2.346771435744576806e-03
-3.796226639296573779e-04
4.613563692039690523e-04
1.865151580119572827e-03
-8.290766786767100882e-04
6.411851284748859570e-04
-2.347696201225879520e-04
3.277772876675300040e-05
-1.439689668847332626e-04
1.143977946641117072e-03
2.997481919731370681e-03
7.205659232945027526e-04
-5.756196136879054848e-04
-2.019789584355446976e-04
-2.049488362958484799e-04
6.751483787661438640e-04
5.873150068251842271e-04
-1.370831729363253260e-03
-2.105588589960127877e-04
-1.989750380786636796e-03
1.099116706452685222e-03
1.354380288343337568e-03
-7.407298293231612263e-04
-5.493158858012048285e-04
-1.645514053085550543e-03
1.291570775715511488e-03
-4.942067392250670821e-04
3.838771106412508516e-05
-2.609606263126451609e-04
7.042539719868123882e-04
-2.306194222041701991e-03
-4.314388432786753214e-04
5.819070234436285460e-04
-4.825931079461831530e-04
1.956268671792216196e-03
-1.237331317178735901e-04
-8.029467610983775927e-04
-3.866511150469875702e-04
-1.261922711875751446e-03
1.689408332432362769e-03
2.957977203765782548e-04
2.974999273888112583e-04
-1.235083589081975575e-03
5.157687594525839359e-05
2.780147899152929369e-04
1.332961034379076537e-03
2.845911884197249719e-05
-7.820007477417068031e-04
1.456053728725592578e-04
1.001697271926005328e-03
5.177363198853868198e-04
1.314914950955703432e-03
1.073615014923756661e-04
1.116269013726078896e-03
5.324922398108888899e-04
-9.964712179473256271e-04
1.518431393643382421e-03
1.967112103455459504e-03
-5.972693858131705724e-04
-3.353903832314930611e-04
-4.376385465794108143e-04
-9.330282939721268320e-04
-1.137436252723222907e-03
-6.818703142297266595e-05
-1.705331104236762485e-03
-7.029169608523400115e-04
-5.176856715032318590e-04
3.216714421310218341e-04
6.033656004864607070e-04
1.069155839877211633e-03
-4.651567578477511233e-04
-1.334029186192964289e-04
2.476704395756090804e-03
-1.274220827701455505e-03
-9.122328550692504479e-04
4.438733709946074413e-04
-2.213953115508537905e-04
-5.447588900417965618e-04
8.038843248168170419e-04
1.156326320694844867e-03
3.410945930979458751e-04
1.568731470419137963e-03
-1.042485302571449779e-03
5.956600740575357378e-04
-1.550330248891063079e-03
-4.952125526329620442e-04
2.208533062971529404e-03
2.265375936455704675e-03
-3.384878987722217403e-05
8.041605895727776954e-04
1.220495440723556868e-03
1.486823923661173552e-03
7.340791952938907627e-04
1.298424197988978790e-03
-1.613116904222611225e-03
1.877416628623951311e-04
-3.959057148328337661e-04
-4.987663565052535830e-04
1.559055617144089467e-04
-3.627077037473558363e-04
-8.704394922627312070e-04
-1.846059913326314472e-04
-4.528919830939504010e-04
1.197868008749658486e-03
-1.515936747446433586e-03
-2.470432424149349160e-03
5.612826304026707902e-04
8.443221486651442120e-04
8.402217025660352334e-04
-1.015897023679546152e-04
-5.283658177828165492e-04
-7.158932170392429128e-04
-2.888691479683291874e-04
3.893100994321052610e-04
-1.098955527389922082e-03
7.763506848219581258e-04
-7.315460735977108442e-04
5.449826080727859789e-04
-7.116482182263350609e-04
-1.027647402862097437e-03
5.837574065770123610e-04
1.454450805073337349e-03
-1.124790466527469945e-03
4.849660975911884719e-04
-1.206454086667863024e-03
-6.897851373051100410e-04
-1.422467003472593916e-03
2.267343818778133624e-04
-2.112373329201666650e-04
-1.784260416359817469e-04
-2.325353760714854445e-03
8.353725133227740685e-04
-1.430292629831519946e-04
3.026234294090102139e-05
-2.356176075956506466e-03
-7.541723094688368434e-04
7.221353494146764973e-04
-1.087406371554910933e-03
1.335801666633162910e-04
8.532234584928133359e-04
2.596459143398011093e-04
1.923015670198147120e-03
-1.022958503133164498e-03
-1.765798154557352007e-03
8.416819521543938976e-04
-1.081725079919548804e-03
1.195963655065135356e-05
-1.563841924450137810e-03
3.360253869246765390e-04
-3.053866364464141725e-04
-1.093559807303190468e-03
1.886409093514451740e-04
-1.259855168490808808e-03
-1.527511148722293655e-03
-3.348263438605059150e-04
-1.077970526692784148e-04
5.264222467946666484e-04
-1.141701195491950926e-03
1.080006147983647580e-03
-1.101489172117275928e-05
-4.436364890787469761e-04
1.299328119771514523e-03
2.211344987791186156e-03
-1.806443862444329085e-04
2.033491366568496161e-03
-3.475515673301288189e-04
9.818523208218188358e-04
-1.201248860282166930e-03
-1.672291869342368287e-03
1.895225737033268132e-03
2.769714869215178510e-04
-1.348237339206859176e-03
1.418467033669212896e-04
1.287872920826549361e-03
2.576397008489106355e-04
1.114626961987053022e-03
3.401212300970790636e-04
4.637260893605166245e-04
1.150654627273262065e-03
-1.048255352589455569e-03
1.002830979865976246e-03
4.940151986279062157e-04
2.283293929330687533e-03
-1.383048186998081519e-04
4.129723357257919503e-04
9.095365814117961634e-04
-1.204942988321633379e-03
-1.089105877904339437e-03
9.275916320097277179e-04
1.778289027044355208e-03
6.881440256734094874e-04
1.749062772733456228e-04
4.759013051858218546e-06
1.907749443250672527e-03
5.452509164356467153e-04
9.307641987135184536e-04
1.248176017551116956e-03
-9.197881057005918848e-04
-1.103151805952107267e-03
1.636290937374162979e-03
-2.114023693868594123e-03
4.296212694818724032e-04
-6.748020258258158321e-04
4.670133415405341992e-04
1.088913101048083476e-03
6.379336539998892164e-04
-1.176635712409890289e-04
1.734135205050613138e-03
3.964477534863508623e-04
-4.328410425817885709e-04
1.924019454253356187e-03
1.444505786448724294e-03
-1.210530415948207761e-03
8.407177556406519869e-04
-8.442143099429699760e-04
6.173450559363580226e-04
1.440852106964207735e-04
-8.401470290531065643e-04
1.073169270884966053e-03
-2.235347130437048691e-04
1.106344135491044156e-03
1.466793002208088836e-03
-1.085438682616235440e-03
1.042645008796805328e-03
1.221232440048902745e-03
-7.890537621955129310e-04
-4.798495645641498442e-04
5.379015042219492670e-04
1.273774939055005717e-03
8.533516286215458990e-04
2.759920721149278222e-04
-3.988086950976743594e-04
9.570503396336693669e-04
6.040319651161585313e-04
-2.012566650627434228e-03
5.233966435238546211e-04
1.404033235721469097e-03
6.613642259598595530e-04
2.045543880830891226e-03
1.340959345157211047e-03
1.565108992612307404e-03
-1.094704538536772631e-03
-4.476239540629478597e-04
1.534959617772724272e-03
-4.720605553378831587e-04
1.412591168324039970e-03
-7.866914739929065092e-05
-7.945424257831401604e-04
1.072200409182322289e-04
-4.444927333369097511e-04
-1.033438180404910867e-03
1.875295814715016718e-04
5.612304663169531693e-04
2.061898468692646702e-04
-1.557474051308904706e-03
2.259555132326784843e-03
6.311288537363957118e-05
-2.863695815902289610e-05
-7.961898103614473143e-04
9.492517491465068957e-04
-1.000178117388506038e-03
-5.885232309579269128e-04
5.849158530926157340e-04
-3.181556396625317973e-04
-3.959612016690705616e-05
-8.246114561127892983e-04
2.743487018865842231e-04
8.971821255165934872e-05
-2.754507574329601027e-04
-7.855457242593733014e-04
3.406063853101937156e-04
8.876345730124413080e-04
3.864895493799203052e-04
2.508574587967160596e-04
1.992865440635371854e-03
-2.392829916924021916e-04
9.317893995008930119e-05
7.933258515808727651e-04
-8.085824597547919268e-04
1.393890674514119965e-03
9.791465462474224779e-04
7.848566148045410529e-04
3.427789879517639804e-04
-1.431488407488412662e-04
-1.226756659938432747e-03
1.501544349102434950e-03
-1.997343705722798290e-03
-4.813764987376956128e-05
1.849844854527438187e-03
-1.188628755775633650e-03
6.773457420414796815e-04
4.332413450380823150e-04
-4.615560711964672436e-04
7.309194436488919422e-04
4.559252206435271404e-04
-1.071730716044605458e-04
2.684703618078820853e-04
-9.626582391935034622e-04
1.912832128180497193e-03
4.986892587235391971e-04
-4.948676416369757192e-04
5.446032888778429282e-04
1.318018473764670517e-03
8.640272042002017372e-04
6.054964180555177933e-04
-5.589928703051416647e-04
2.941696091631751386e-04
1.564736021391732734e-03
-9.736509509690183251e-04
2.156854158460230764e-03
-1.633003449476699842e-03
-3.185573140429553973e-05
1.082151796679031719e-03
5.065355672662086306e-04
1.974574040981780243e-03
2.168026691984126231e-03
7.224359384383483018e-04
-3.296196244970683864e-04
3.712159105413448401e-04
3.029176589637305739e-04
3.035024292330490425e-04
7.234860143201515825e-04
-2.641398792375682092e-04
-7.807830379686908628e-04
1.473152748159067826e-03
-2.269306351144750877e-03
-1.587223700141304761e-04
6.097161658036309717e-04
2.868504731301513289e-05
1.487072144788825767e-03
-5.832712802145145758e-05
1.285625800162559784e-03
2.459522273892345012e-03
6.945243124323319250e-05
-1.171622313480558120e-03
8.685398692571677515e-04
4.464956101577488568e-04
3.201253824316463437e-04
6.882808530686013171e-04
-1.206857939945349401e-03
-1.522261826105930638e-03
7.429020073512759836e-05
-3.258362939303038885e-03
-8.986325034305853166e-04
-1.599492411737513109e-03
7.560587959751785547e-04
-2.194429183132617922e-03
1.987482698220244259e-03
8.330439829218327930e-04
3.235417424847231160e-04
-1.956090730570236857e-03
3.041512745469709955e-04
-1.731980050176717967e-03
1.009720715961837101e-03
-1.717656758925212301e-03
8.927121206681043475e-05
-4.551431837809261083e-04
7.348312147803515160e-04
-1.249660515224793045e-03
-6.406921347457128491e-05
-1.503582449469131888e-04
-1.227304750809565803e-03
-8.123476532209128465e-04
6.510509485573301447e-04
3.247965118300388809e-04
-1.104897200949528369e-03
-1.855942813254518597e-03
-8.546620789238179583e-04
2.158384231578658330e-04
-3.768084758950518420e-04
-3.668531909333250240e-04
-8.605367574312516865e-04
-1.259320401622465724e-03
-1.252240618877076272e-03
9.965060477290510477e-04
-5.863394786322917440e-04
-7.447447676820484475e-04
1.222675168106590604e-04
9.502767009912371776e-04
-1.733821243237398946e-03
-4.183186733993871087e-03
-1.123581567309406282e-03
-1.131518157908795175e-03
-1.753887466637849002e-03
4.559241306993921938e-04
-1.073107805191764186e-04
-1.546846745159591308e-04
1.829493383624036795e-03
2.716229453165741603e-04
-7.127779683884227779e-04
-2.202227307914972343e-03
-2.627842705269500811e-04
2.611796699454327353e-03
-7.611108039551339743e-04
-3.683286318054701525e-04
-6.688813194877241131e-05
-5.013211016320351376e-04
6.732079729716566874e-04
9.881611989419614162e-04
2.682908793194549446e-04
7.209170784729934667e-04
1.178384601012716359e-04
1.551728504616267657e-03
-1.720488653029761394e-03
-7.795748018435411097e-05
9.635822785014624969e-06
-8.472144620239596691e-04
-2.027008180056855124e-03
5.264602329280165804e-04
-1.204322794163603660e-03
-2.769701089175846676e-04
7.057779232337857422e-04
-2.221106630825975259e-03
2.187948822331975407e-04
-1.594215733149884073e-03
-5.903398586266650483e-04
-9.532774383795850071e-04
2.058751651658807802e-03
-1.184164156403211265e-03
-2.563896937233245410e-04
1.551704698254940951e-04
6.226210143356336602e-04
2.277562100338359485e-03
1.048515870303301512e-04
-3.413138843375573828e-04
1.359149451506835860e-03
-2.791936154886709431e-04
2.638765659700670341e-03
5.129749996310994931e-04
1.596935254538855986e-03
1.779538535080504857e-04
1.543518435083157669e-03
-6.532334848861065524e-04
-3.260198647105916336e-04
1.165215957935838986e-03
3.915239631964162470e-04
6.661208309526323035e-04
9.305647656023818826e-04
8.589315336675618084e-04
-6.046108778183789667e-04
-4.636328857616778265e-04
-9.872976257641052911e-04
4.488159160309646012e-04
9.007337750759347728e-04
-9.826702855115776458e-04
7.498821022899893052e-04
1.213461220382017203e-03
-1.715721434369932297e-05
-5.713396971707140892e-05
-1.752779088368017213e-03
1.097677034629374049e-04
2.817407298925100889e-04
6.488645988955710209e-06
-2.752789489408602464e-04
-5.784003532136594572e-04
-8.820817827346338902e-04
-1.364990988889092094e-03
-1.168952547474289005e-03
-2.754143081235005397e-03
7.648704885188095659e-05
1.338815237996726637e-04
-8.330168437540308446e-04
-1.575067114156780690e-04
-1.607118481649516539e-03
-3.878474419416466645e-04
2.930127060578602283e-04
-2.355882795310737521e-04
1.196351997462929972e-03
1.331249794895184024e-03
-9.507181788108720610e-04
-6.575225808753693002e-04
-4.903330477645795327e-06
2.935489735378382647e-04
-2.523480181081172447e-03
1.092120787588024555e-03
-3.075514239028187546e-04
1.349751115180319871e-03
9.684702189773908287e-04
4.649777774945462738e-05
-1.204537041572306677e-03
9.311866324468454081e-04
-1.207220425500254990e-03
-8.900910444733511895e-04
-4.971673889213601427e-04
-6.544099693532867690e-04
7.074457654023813546e-04
1.304405543729680872e-03
-1.215175397903944798e-03
-2.623314745053839658e-05
-1.494337609929896615e-03
-5.998201867325470005e-04
2.126623993330412077e-04
-2.342109786037660513e-04
-1.248618062379858173e-03
4.806845082672150937e-04
-9.927562491518493459e-05
-7.084894465778646122e-04
7.855148194317873589e-04
-4.538709123946826907e-04
-1.587553220511850327e-03
-6.486824459714934932e-04
6.821896007331851308e-04
1.897940413909005031e-03
-9.612902539586354322e-04
-1.161403412569761429e-03
5.159852258076469411e-04
1.315378467283911945e-03
-4.495928893597511689e-04
3.247483657611294205e-04
-4.136949269852863154e-04
1.530411175053814077e-03
1.231684977633706879e-03
-2.425270620693975587e-04
-1.592999640300796216e-04
-2.260498541633015890e-04
-7.118169745068403387e-04
-1.305276866961468940e-03
7.079830983136581324e-05
2.049560527055405146e-04
1.153155723836229996e-03
-3.322681584302156210e-03
-7.944477695802643069e-04
-1.223193618387075077e-03
-9.665092662476393315e-04
-1.295789398962687855e-03
1.131031390330328179e-03
-6.701614710586945023e-04
1.267137090576797576e-03
-6.978100721397595407e-04
1.497045145666398014e-04
6.619250147346100732e-04
-2.036360346682197786e-04
-1.410818323838380905e-03
6.708014822969232682e-04
3.340745974731440526e-04
2.146709746202013491e-03
1.280899384365818960e-03
5.330035977062497210e-04
1.789112957737426512e-04
-5.442191437061705273e-04
5.601524773735100382e-05
3.275431417038010551e-04
7.248645156132660361e-04
1.189604503931906976e-03
-1.393687650241837162e-04
5.227186307477094118e-04
1.010288640902690105e-03
9.061478771879016847e-04
1.717224126928762473e-03
2.199559284321583874e-04
-2.863712980274435438e-04
-2.154838793286817378e-04
-5.835756341256992386e-04
4.949011657822133259e-04
-3.000376266623083765e-03
-8.376518126345100512e-04
-5.231106053957823576e-04
-7.347023315271705712e-04
-1.965011213038048155e-03
-5.364473017845927671e-04
1.345352787681663997e-03
1.898922611605291522e-03
-1.847432649348945688e-05
7.750824238881293127e-04
-7.281286790743468629e-04
-5.310345140205896541e-04
2.437297819966932622e-03
-1.052695556631455531e-04
-1.236303151851414484e-03
-1.064515791150411061e-03
9.794433400145408086e-05
2.287660863968810077e-04
-1.847686820492189241e-03
-1.973496786695783101e-04
-1.748515664952154935e-04
-5.398274604897501661e-04
-2.126466608671773173e-04
2.908245021027155985e-04
9.499465629845271764e-04
-3.974884076782814191e-04
-1.480764718327476359e-03
1.356038994322350533e-04
5.295620004317491691e-04
9.862222218532945561e-04
1.934646119905458761e-05
-2.759042711517611934e-04
6.169173876031663895e-04
9.232804717205223000e-04
-5.752469382840352807e-04
2.892443462034766100e-04
-1.590127627023596446e-03
-5.385178637957732661e-04
-2.087053607235933583e-04
1.643422787778181515e-04
-4.934923982258254682e-04
-8.975024494681793641e-04
1.075828463154904213e-03
8.036483104456593196e-05
-8.367391590158312908e-04
-5.078623110816860020e-04
-3.080383627502847332e-04
1.864743762991505349e-04
-1.164134724123133680e-03
1.960445827087875514e-03
-1.640711994356225389e-03
4.171887556558839805e-04
4.067669786280703192e-04
-3.776491936762216284e-04
3.920428312649271163e-04
-2.106977375386787088e-04
-2.004284329846228729e-04
-7.378478896775675366e-04
5.409254917676520336e-05
2.971933893745060118e-04
7.643653496289815052e-04
-1.255816835208145577e-03
-5.241877898447544482e-04
1.102686190377566433e-03
-2.365429974405364177e-03
-3.286788603489299021e-04
-2.306250793665975962e-03
-1.382371110081104248e-03
-2.236687900978306942e-04
2.698301303283301422e-04
-1.379774585715587421e-03
-1.014227820674840075e-03
1.299020089474689499e-03
-4.661662913865161073e-04
2.124434061251845307e-03
-2.843260268259317769e-04
3.945352953658165518e-04
8.210806066053510932e-04
9.015534925789214782e-04
-3.662584519716904907e-04
6.188803658813135655e-05
7.404718110479713289e-04
-9.914992762258822978e-04
-6.274018225127520054e-05
-2.607563308074878350e-03
-1.420974117615214638e-03
1.149906719228876995e-03
-4.137662537211372893e-04
1.396305551490506502e-03
1.344193830638218401e-03
5.211072006858774586e-04
8.583437996463327835e-04
-1.022342136768772392e-03
9.526801870278767126e-04
-3.843952824229557308e-04
-6.149317484862582006e-04
2.199383152196698887e-03
7.214347896011830130e-05
-1.279940495106934861e-04
-5.496184211517540774e-04
5.898080094159929843e-04
-9.219488522325125501e-04
3.586384627345395870e-04
-2.015000433619462683e-06
1.383243923402943665e-05
1.465721235716088700e-04
-2.774461651466886281e-04
-3.566240308083834520e-04
7.395083837156146700e-04
1.256041969431187511e-03
-1.961775848194902139e-03
-6.796236709141201260e-04
-2.722147546019293429e-05
1.173504153096693869e-03
-1.610470901227678553e-04
-1.187160787764929282e-03
-1.176389185097992396e-04
8.884842136307469218e-04
-4.977432724277974785e-04
-3.446249872911533174e-04
-1.294088283310124154e-03
-1.968239939453830800e-04
4.160567963944483694e-04
1.283922351812405438e-03
-3.944739007073483350e-04
1.187625802902880778e-03
-5.484141991929369908e-04
4.591065465087140751e-04
1.334175740915322095e-03
-3.503773758954942252e-04
1.979726795930947247e-03
-1.161256991333514677e-03
-4.525294900756815508e-04
1.638768326113204665e-04
-5.699489871882068570e-04
-2.357279185480898320e-04
-1.446164098557023436e-03
3.543397478749099605e-04
1.604108731971587432e-03
2.281758217685947443e-04
5.566295310637237037e-04
-1.897836571592925736e-03
1.228139769033909090e-04
4.401542780787526254e-04
-9.915995896252471908e-04
-3.169304518693127903e-04
2.319294475123800936e-04
1.746462812912241702e-03
3.791067931286917769e-04
8.533149912492987710e-04
4.477403859204365233e-05
3.799067994609828247e-04
1.272182080628958545e-03
1.168421131613861519e-03
1.904995944217446890e-04
-3.847567166781473702e-04
3.533492655002579141e-03
5.000593980448719833e-04
2.071305826785163617e-04
3.524377255239574680e-04
-6.209682493685253490e-04
-1.529905391526309444e-04
-1.835112298395280561e-03
-4.528967461401300909e-04
-6.338069547262570325e-04
-3.282439889245036824e-04
-1.477477086924583460e-03
5.064220481743042512e-05
-1.564020233919771741e-03
4.743621903220418545e-04
1.461579368076115770e-04
1.053255146123976971e-04
-6.184895806762291670e-04
7.854293435669568169e-04
-1.224934533414101523e-03
1.144056873896515114e-03
1.176855731346959644e-03
-1.375848783490951632e-03
1.108691987667498324e-03
3.018695203012011774e-04
-6.704434395341518638e-04
6.428663800917000515e-05
1.715381470208665604e-04
-2.222643758053699514e-03
-5.356289480875631170e-04
-1.508910908627481007e-04
5.993080942383599563e-04
-1.158099580573779264e-03
1.035502755557526910e-03
-1.095374071297117169e-03
4.944394806811747145e-04
-2.198591193709464875e-04
-6.899753315683376798e-04
-4.686046541111377195e-04
-1.401931945425927140e-03
-1.206597057748393098e-03
3.768217484418912022e-04
-5.728268524063384604e-04
-1.072418244254524922e-04
-2.291361786791457078e-03
1.255885200607265162e-03
-9.568936199595423631e-04
6.171118815421205994e-04
-1.120665862180736383e-03
-4.514794276218037083e-04
1.262648043349745564e-04
-1.812589648157780786e-03
1.186889046973504946e-04
-9.735634920566837991e-04
6.025491914041225527e-05
1.988634808504308182e-03
4.958993559514013327e-04
2.493062252535427348e-04
1.611368797847623213e-03
1.813430070628285762e-03
1.475726366770624409e-03
5.327944635451498101e-04
-4.127567292562250856e-04
-2.694971339145535438e-04
8.082467278778260322e-04
8.209184537053548780e-04
-1.080003978704890955e-03
-2.296333588180932139e-04
2.153255923722285914e-03
-7.188124939807583047e-04
2.696663593859671693e-04
-1.070767701164321295e-03
4.292485264734136052e-04
5.851975286130794984e-06
-4.907381825347556514e-06
-1.092619244996706485e-03
1.245345308316103683e-04
5.509768220743893608e-04
-1.123429433256939447e-03
-8.734648162416203121e-04
-1.598217827418979553e-03
-7.536827092435860465e-04
1.331437956838321668e-03
-2.034643503396882380e-03
3.101091607986550258e-04
1.786444541296061672e-03
9.412398810280109274e-04
1.204637295384225482e-03
1.764853852812553470e-04
4.774876130733129997e-04
-8.432135391891470988e-04
5.731649323843512889e-04
1.277047636688344312e-03
7.710131399185637946e-04
-4.419542328184533631e-04
1.249546946016089066e-03
-1.528383010231282313e-03
8.770137238969244464e-04
-2.063937947100136228e-03
6.275161940931806015e-04
-9.842889892475170655e-05
1.981420354995044875e-04
-7.476536716120030235e-04
-5.378271500255937809e-04
4.520679759225654237e-04
-3.732121347232997266e-05
2.992839685775239289e-03
-1.447690548314950476e-03
-2.916880719561198987e-04
-6.388817314155748051e-04
-2.002650257802551792e-03
1.395484534074675764e-04
-2.640192913878625092e-04
1.043920275400678221e-03
1.971817433685130183e-03
-8.397217428379732951e-05
-6.079436349879507873e-04
1.626468381705770128e-04
-1.350394034294044587e-04
-1.260897988402565062e-03
3.802119458657937656e-04
8.345787970667206679e-04
-3.359827487772193422e-04
3.490013255267321313e-04
-2.333793596765554312e-03
2.318019806513138548e-04
-3.145974560128328434e-03
5.202921980245189815e-04
-2.382302338522102048e-03
3.637883556040222288e-05
-1.136543436816461750e-03
-1.682310038829459842e-03
-3.612829015621432660e-03
8.450994315787330180e-04
1.772926699028731790e-03
-5.051298915481616802e-05
-1.247426027670694992e-03
-1.004434115542407469e-03
1.371803547111749566e-03
-1.611728359372399666e-03
-1.219046985456495591e-03
-1.402588419140426979e-03
-1.499280916505751904e-03
3.207082105209924094e-04
1.031622042602098333e-04
-1.280294316934771359e-03
-5.219506647831106960e-04
4.771156448164504127e-04
1.235677602172469136e-03
-1.754358231251806899e-04
-1.930848206836976999e-03
9.433232034661287457e-04
7.574659222300272887e-04
-8.434350992538863778e-04
-6.346026692254369550e-04
4.442670231572520834e-04
3.517403084440928751e-05
-1.503853334789972962e-04
-8.379084326399777183e-04
1.225861649726933678e-03
-3.946348207928274121e-04
-4.600954704823134733e-04
-1.288102210424524330e-03
-3.473872514097031683e-04
-7.265485886882583344e-04
-4.219865930565891432e-04
-9.444443320476558767e-04
-1.111132529775460398e-03
1.771211641194980757e-04
-1.711798556378596459e-03
5.526072395685144301e-04
-1.871096822843032470e-04
1.526367722090471446e-03
-6.563549524098988286e-04
-1.634250458406594220e-03
-1.323803968018566479e-03
-7.020894467839600139e-04
-1.848918217185691049e-03
1.494136831181602787e-03
6.045451138549928771e-04
1.744045842359653875e-03
7.039197415925624313e-04
-2.210024500142182546e-04
-1.654308647108138075e-03
5.373441987588378765e-05
-1.078632236610976847e-03
-7.272005523635272084e-04
1.652810432066553759e-03
-1.141742257804168048e-05
-7.479548264548441239e-04
-1.360396987919010314e-03
9.008295945704958285e-04
-3.751719494318184189e-04
-4.003135678842806300e-04
-5.822709277474302780e-04
-1.168764469553273955e-03
1.370465072250137695e-04
1.105479494744043834e-03
-7.237828080599584268e-04
1.392161626412313780e-04
-1.023479543431182748e-03
5.300046150713555448e-05
7.476783035254008780e-05
1.187603090066824407e-03
5.062818820622538851e-05
1.421570181048270598e-03
-4.507744890880349686e-04
7.461099240864133009e-04
6.072117043813829440e-04
1.036556614367745155e-03
-1.137914470330514405e-04
7.346776918037978277e-04
1.693229495583148392e-03
7.783252841617738227e-04
-5.072394059544294009e-04
-3.251124918435266409e-04
7.271238604209528944e-04
-1.509072948112644141e-03
-2.217648302778041369e-04
2.371230289877068742e-05
2.188398609990205301e-04
-6.715079196752959945e-04
7.451570319183531410e-05
7.792949086469214137e-04
-4.326437235786517732e-04
5.490268441139534161e-04
4.804662229740408463e-05
-7.956757326759156257e-04
6.673734746858173139e-04
-6.655187003752338626e-04
-4.384923830751397134e-04
-7.446149846446203924e-05
-2.169353353691505504e-04
2.318888181964684492e-04
-1.877062741400647994e-03
9.838871854852548893e-04
1.583124633820931493e-03
5.218254960779322715e-04
-3.012093162564344340e-04
5.428620606169332063e-04
1.509256044837536948e-03
6.403330309721066982e-04
3.800714648538594531e-05
2.071317690035545667e-03
2.793087635509783340e-03
-9.893344539801951498e-05
-8.836171799795344839e-04
-2.047145289869156670e-03
7.950724427261413041e-04
1.650472852706474924e-03
1.492617477438784590e-05
6.588525498638642119e-04
1.459747693544510838e-03
-7.442851411714190846e-04
-9.823590023116945957e-04
7.821997073569342263e-04
-1.036366261151222545e-03
-7.881222723082892401e-04
-1.080821471457493743e-04
9.256738339404879667e-04
1.102802585770668031e-03
-5.287777459856979334e-04
1.065638139267965911e-03
7.974234556962223053e-05
1.281179302291324262e-03
1.534694544765624613e-03
-7.610660429069326938e-04
-1.190424037396775603e-03
-6.653520350836661379e-04
5.528033438586543724e-04
-1.694477122429871585e-03
8.978532606058742260e-04
-3.615101571603496211e-04
-1.533757316074746413e-03
-3.641665100617696993e-04
-1.081028459391841778e-03
-1.828819581580320985e-03
-4.144669833230363309e-04
-1.994814999769944919e-03
-7.004993021229033445e-04
1.020475490125516416e-04
9.247450481628671781e-04
-1.223275832771042460e-03
3.388414128857597518e-04
1.666043642387649015e-04
-1.456323354562139016e-03
4.151180648315211386e-05
1.842213026514993857e-03
-1.909629815464164437e-04
1.123292794934505068e-03
3.502618578341554212e-04
3.553437830765560079e-04
8.763828177775767614e-04
8.513782649099965738e-06
1.068435872448869617e-04
7.818158161292387831e-04
-2.437616450232660270e-04
-8.063194410894425346e-04
7.860245407935728679e-04
2.975505087481344901e-04
-8.829065023538973378e-04
-8.641218578036014009e-04
2.352453435952028826e-04
-4.116288790509958773e-04
2.032195319817686752e-03
1.662334540162291319e-04
-7.543334161022041684e-04
3.174268080230469025e-05
-2.588616282092726095e-03
2.266931255472393048e-03
1.243454831567625263e-04
-6.288720687444016022e-04
2.027949679996865484e-04
1.294497767683644440e-03
5.638955112150512150e-04
8.778726208951148635e-04
4.963237618933469264e-04
6.796795534147470619e-05
7.458970612033155589e-04
4.860156057806541696e-05
-3.348269521270541560e-04
-5.145037668168317424e-04
-5.395926393580996461e-04
9.448296840599557100e-04
1.154922733167307314e-03
-6.843716720774661866e-04
-3.257013057793578525e-04
7.954200343323059030e-04
7.901327752146691807e-05
3.037332259787639543e-04
-1.159394200910490724e-03
1.114158961772471201e-04
1.161182174278518886e-04
1.496931526828060299e-03
2.169468327652301909e-03
-6.429593550760781540e-04
-5.500799632800479344e-04
-1.548588328913913514e-03
-2.122477124603117105e-03
8.330161395935231639e-04
1.791956918097081797e-03
8.002309498646997810e-04
-2.731817898640187536e-04
-1.392940881118631680e-03
-1.226680013233227839e-05
6.056429306167121496e-04
1.534297936103712345e-03
6.526472048347109478e-04
4.380661429004284457e-05
2.083137352657526975e-04
4.571194925930832653e-04
2.402234913945200390e-04
-2.106384425323959420e-03
-8.259163974333461056e-04
-9.934845651997648019e-04
5.287080707172542304e-05
5.026627529689520202e-04
-2.014169748212335520e-04
-4.883447245229710632e-05
1.165442801495775171e-03
1.625731918344364146e-04
8.899395126071851791e-04
8.877174971708701179e-04
3.646295335082427869e-04
9.681856965300106310e-04
-2.168915205813526370e-05
-8.037658370674272135e-04
1.181734862479855153e-03
2.638968410215714044e-04
4.843811449657398072e-04
2.323122051577364289e-04
-2.901833585025048734e-04
-7.550152418787092756e-04
6.326548751696137174e-04
-3.670341946051536297e-04
1.887386119892031644e-04
-2.349715584619715969e-04
-1.765831676352469515e-04
3.596750561827288806e-04
-2.501529298148952307e-04
7.256196577181128760e-04
9.325632345247303334e-04
1.705855807723200002e-04
2.852895470368821407e-04
7.096663286783044811e-04
-2.570819298626236815e-04
7.992422758462680576e-04
1.433942658533027270e-04
-3.826151288508494730e-04
1.018136828946580863e-03
9.652532219224241317e-04
-3.015046022065703824e-04
1.245375269041559818e-03
-6.152291287981892509e-04
1.475512994350669516e-03
-1.409507435301327050e-03
4.449309551863844803e-04
9.771643444889122065e-05
-2.244762570368541432e-03
-5.765588970205737240e-04
5.433070720819443977e-04
5.194276567590527804e-04
4.905135423409756612e-04
8.461409162485722391e-04
1.160489248236418192e-03
-8.508351959140014742e-04
5.639029668969008924e-04
1.444777065020552698e-03
-6.109728726364505036e-04
-2.851914764185892182e-04
-3.097130830038707927e-04
5.117088922630408376e-04
2.762057715512966638e-04
9.741956384077266051e-04
5.412973016172273333e-04
-6.985792833811288460e-04
-2.544155087500499235e-04
2.897062733677735480e-04
-1.954282107310412187e-04
-3.329540195535773961e-04
-2.761358575624761613e-04
-5.255926371054986390e-04
1.595593732808264775e-04
-9.689910348180674760e-04
-9.754371084114143997e-04
1.346196373834818161e-04
2.745453154282539998e-04
2.147813387092245563e-04
1.028460766410166372e-03
-6.974406299999902359e-04
2.735102720103910201e-04
-9.229614534387309277e-04
1.487418083679914460e-03
-1.721911167362089046e-03
-6.205480457555090368e-04
-1.266268660804703572e-03
6.376093686391026694e-04
7.446681683969114118e-04
6.749491386830452910e-04
-1.038359242848896358e-03
4.631933855681058532e-04
1.229299600677302706e-03
9.487906575225135697e-04
-3.807977106293769509e-04
-5.181209822580079560e-04
-1.117475108736165623e-04
1.281202408692561079e-03
-7.358072076368848968e-04
9.417417232395752791e-04
4.622854970890433179e-04
-7.092271611228717632e-04
-7.068920361088526505e-04
-5.547286981650856319e-04
7.539765971238399089e-04
-1.491633444000051156e-03
-1.341182398351348226e-03
-6.099808062041134349e-04
-1.840012860772954895e-03
7.964109223990156750e-04
7.410007731081247329e-04
3.447643364125063670e-04
-4.653717317530947639e-04
8.385097119201212479e-05
5.012994224560252121e-04
1.319938287289712520e-04
-8.438279902156509138e-05
4.003894800324037107e-04
1.474481735010968464e-04
-1.208102203171801392e-04
1.153436803156271395e-03
1.575107152052002135e-04
5.772591737038812454e-04
2.161235025772700880e-04
9.006437538481293359e-04
4.057766834315579274e-04
-1.144543534510100713e-03
1.405264484720669671e-03
-6.260427379090049982e-04
4.391380236201669618e-04
9.950649896208751954e-04
-1.571962534774318243e-03
1.409085800394560550e-04
-5.416049647366527608e-04
-2.089445954989166410e-04
-1.228249263714564776e-03
2.320917639611064232e-04
4.779583135539056116e-04
8.549752505431218452e-04
-1.276545047856236792e-03
-6.001709687997180964e-04
-9.484801552948063375e-04
-3.324085291489531357e-05
3.401361266004432338e-04
-8.039764207252719785e-04
-1.247311790631533412e-03
-1.097216936649658692e-04
7.106521253754660705e-04
-5.087929349323339068e-04
1.853489949482201027e-03
1.531308090513938680e-03
2.581442240599196580e-03
1.817891319941811190e-04
1.907410349728966281e-03
-5.249593229046389808e-04
-7.661997809003118221e-04
-3.057916442117392108e-04
-1.121528534979709946e-04
3.780247693629945616e-04
1.644586537863368392e-04
-1.242325854500236915e-04
-5.377012984708606780e-05
9.155122792061654025e-04
-4.967018741532935877e-04
1.662964714362447083e-03
5.425365869056175683e-04
1.040728881996244581e-03
1.964506119817688301e-03
-1.690408268555376736e-04
7.423742211767336840e-04
1.499600754291341431e-03
-2.004032230689789529e-03
-2.787179637406822508e-04
-8.072302282666754536e-04
-1.361807317026730857e-03
1.780909975366729014e-03
1.809233546692379235e-04
1.029728996873924274e-03
6.348442813621790748e-04
1.171182543404647447e-03
1.348213000529785432e-03
-4.334021237519802838e-04
-3.404245536218208912e-04
-9.420950303200559262e-04
2.195292506201651506e-03
2.079368674259285399e-04
1.118076723790162319e-03
-2.163909963259769142e-04
1.686082671214172990e-03
2.088969185607858492e-03
-6.492019078041533220e-04
7.069993573027844036e-05
8.384796625418022842e-04
6.487587855357190847e-04
-3.801966481236096485e-04
-9.902520896931665817e-04
-9.572501968448943188e-04
-1.147520490464293275e-03
6.978741958316714289e-04
1.215250048314242548e-03
-1.080275293451560259e-03
-3.730241636683562234e-04
-1.371747587590288475e-03
3.809623804489348231e-04
8.724919660565433333e-04
2.916620059465468984e-04
-1.279568297639199770e-03
5.716108222937332783e-04
7.308491882573875387e-04
1.316277880297089808e-03
1.203617529577760692e-03
1.097082934943927057e-03
-5.052658717537017452e-04
1.032201100917840009e-03
-1.002000950411474633e-03
3.116937289493471042e-04
-3.710907275911168313e-06
1.111082524082762646e-03
1.742030957011309056e-03
1.312169869522872290e-04
3.204435822157236657e-05
-4.352629538029173517e-04
-1.020520109495937078e-04
-1.385039353660744155e-04
6.787840857636062708e-05
1.054496057465659220e-03
6.011357309019249584e-04
-2.836349490191736322e-04
2.043519408261529335e-03
3.747437665093666936e-04
-1.123322386442637821e-06
1.000639471681497028e-03
3.946947217137175556e-04
-1.333453004959128663e-04
9.483667788920957520e-04
3.512354304968656749e-04
8.353409458383698194e-04
2.208536052596743460e-03
4.218777697686526551e-04
-9.982007618014598904e-04
-1.174272666707665280e-03
1.417068291220680010e-05
9.310698606481704331e-04
-2.024199403871440595e-03
2.572040226787031258e-04
2.399762719926812338e-04
-1.528244494441999279e-03
8.164389656335480083e-04
7.426376718564497992e-04
-5.476026520359056349e-04
4.332306945686870137e-04
8.784748041983370115e-04
5.953975697581270765e-05
5.970003734043771715e-04
1.047884512187735595e-03
1.061487752100687132e-03
1.335691674354322345e-03
6.869744169091251962e-04
-1.678606084933864651e-04
-1.085902465243426818e-03
1.285917232918265540e-04
1.053470581408699758e-03
2.226569109460729834e-03
1.657621102043371764e-03
1.270578284173762285e-04
4.138971851943562541e-04
3.105062174837414091e-04
6.586758478857035470e-04
-2.283486162509396067e-03
1.510096367431934539e-03
-1.260433917076975163e-03
1.293282117416305610e-03
-7.321898540626481378e-04
8.421635618429679226e-04
-1.572637895757011961e-04
1.676075642357499618e-03
6.375656945545316034e-04
4.572895758758743767e-04
9.770480664597069875e-04
-6.185761081665130945e-04
9.147525988455473822e-04
1.369285513949547450e-03
8.415375294388294236e-04
4.556137751838829075e-04
-1.192048584867322347e-03
-1.071970078624140399e-03
8.091456858161372168e-05
1.270419544204814954e-03
-1.813317499330668880e-04
3.456765342260137430e-04
1.075673926510090084e-03
1.828192233577219383e-05
-1.256390049233280237e-03
-3.075303709645371697e-04
-2.844155704706530230e-04
5.829395025778172368e-04
8.569456431544164587e-04
-2.945621821484056824e-04
3.184359514833978722e-04
1.430943333314615984e-03
-2.194857714411968530e-03
-7.243837081167825431e-04
1.133973770723217811e-03
2.681440194141071487e-04
1.584914142171989226e-05
-1.183850886034898409e-03
-6.844163514800882808e-04
-7.164044831053928419e-05
-1.342966453824478990e-03
-5.420835256026990123e-04
-1.904980566865388525e-03
-3.312482572865871333e-04
-1.770861652079736004e-03
-1.430039134964644632e-03
-4.775447525162679341e-04
2.779274716701918280e-03
-2.766622997003587159e-04
1.122348852356847004e-03
-3.768499273244518832e-04
3.942065662334570675e-04
-4.684304557303065053e-04
-6.245482953068925980e-04
-1.615043383260683640e-03
3.713893799355272307e-04
-9.781846685197326252e-04
7.070428748034984778e-05
-5.579646899223078549e-05
-1.591826424724995803e-03
-1.768425497787884382e-03
4.608180791985105884e-04
-2.666148660141365312e-03
-8.568147893546207428e-04
7.624852011025584630e-04
4.681960757264569395e-04
1.224686152802245687e-03
1.629177416014426782e-03
-1.133087829619627840e-03
4.192851935416186393e-04
-3.649514557318100927e-03
-2.163250675364380982e-04
-7.310883387066091643e-04
1.703522591568473743e-03
7.188632556465179846e-05
-1.259369218720163275e-04
1.761644623087033068e-03
3.965888440831122352e-04
8.300830219973853730e-04
1.168198242252893593e-03
3.533517630456284309e-04
-1.689914210523335569e-03
3.959525344747749642e-04
3.823745671660550016e-04
1.749370540116146344e-05
3.027173332603716460e-04
-1.683127164969322465e-03
-3.468081333617423212e-04
-7.142853738604237890e-04
1.357100786861575870e-03
3.267846454979572712e-04
1.527580302994380190e-03
-1.656228733594611313e-03
-6.403218154176215648e-04
1.242991587346864435e-05
1.385287557633896327e-03
-1.106289352010847438e-03
1.151641130361591436e-03
-8.132306150450130389e-04
-4.320900076415501445e-04
2.324749705640449804e-03
-5.107450612920061417e-04
1.555199028533404970e-03
-9.060643017917424658e-04
1.434058137528726462e-03
-9.836246241516910516e-04
-5.301433881879091814e-04
7.867908109846499798e-04
-8.428596559195700166e-04
-3.900311254676491757e-04
2.299806388259550971e-04
3.407364831484738232e-04
-3.000389470166897610e-04
7.090342205859911928e-04
-4.685685210426004943e-04
-2.929448249933130910e-05
4.172155166186630737e-04
1.262684339594422056e-03
-3.957272798948974213e-04
-9.622577978651847275e-05
-5.164213918940063763e-04
5.297951476987972086e-04
1.771138235055813581e-03
-7.630939850407081337e-04
-1.712978337309323251e-04
-4.859001020443010077e-04
4.286555251464818639e-04
1.109277535151109717e-03
-5.384794177272222981e-04
1.727520731911624807e-03
-5.367914484777358552e-05
1.049914619741798560e-04
-5.144140976200972659e-04
1.959137388368947796e-03
-6.634505426288406227e-04
2.020495252925247343e-03
1.994723213477600510e-03
1.214195017420482969e-04
2.252492888468626830e-03
7.260259280112979496e-04
1.983250550410264879e-03
2.385446670971846928e-03
-2.336405632394900067e-04
6.073791544867201964e-04
4.460579554266264068e-04
6.379587690588106597e-04
1.449489469919518214e-03
-8.961986690516621223e-04
4.355547204073495493e-04
1.992689616523879437e-03
2.635125612648892002e-05
3.061606338605749045e-04
1.615419635584425251e-03
-2.221403750880313055e-03
-1.761363216489009176e-03
1.814972519099899984e-03
-2.516041943310121098e-04
1.367132924650071857e-04
-1.043673010807433243e-03
-3.591292153937164500e-04
4.501773044034429461e-04
1.162694934711883121e-03
-2.505110225254902900e-04
1.906708332080730983e-03
1.436977929342386773e-03
1.435291626051604652e-03
-6.630260725335457295e-04
1.552347101607676194e-04
4.783560627987792913e-04
7.749763069364590251e-05
-1.011088863116738068e-03
2.436578900901764655e-04
1.772776629594741138e-03
4.074971887140232951e-04
-4.458406237168865971e-04
-2.652654349593053240e-04
-6.804177474200034936e-04
-2.888916151477793903e-04
4.529393978163209766e-04
3.172682997825138074e-04
1.310156649301230658e-04
4.303255141095974068e-04
-5.997249367042378765e-04
-1.505892014255216793e-04
-1.421978481189523080e-03
2.669014042220307914e-04
8.229082531381326504e-04
-6.616413008448951416e-04
1.862683892740024660e-03
7.393538521682785358e-04
-1.067945777798673390e-03
-7.967354730811226915e-04
3.021973681476275431e-04
-7.696119294415826317e-04
-5.824573320141190891e-04
-1.124179624067966898e-03
-2.744029089545296785e-04
-2.401463953175753119e-03
-9.426077521994535857e-04
-1.641582312791989295e-03
1.728083294086246724e-03
1.449826920819852205e-03
-8.849794641574426635e-05
-1.081741469093344676e-03
3.143959410660812637e-04
-6.002771294915110190e-04
7.219105872560138693e-04
8.011117571387060821e-04
-3.450403670957058466e-05
-9.509266439986507891e-04
1.526359295489498891e-04
-5.240974121794028662e-04
-2.020356038933357468e-03
6.524252232198435308e-04
-3.608068072529224679e-04
3.116971182048899891e-05
1.542250607186712585e-03
-1.351410983973178048e-03
4.171270586821318460e-04
1.379627709093167454e-03
1.266706253279625827e-03
7.828443627926340298e-04
1.040357458063079221e-03
1.173505304309374608e-03
2.041081717073067736e-03
-4.123873647523534913e-04
1.706018902902783907e-04
4.277578584772623316e-04
-1.303481025960451234e-05
1.120852508822434146e-04
1.303386871967404659e-03
3.222373469140560331e-04
6.754280026912695689e-04
1.043492547772473245e-03
2.715915206115360192e-03
4.954143945661293458e-04
-8.881859557954285833e-04
1.961854732224210807e-04
5.685501953560656574e-04
-3.195127548396570205e-04
-3.501569647172964039e-04
-1.953225505808342533e-03
8.118658938163214600e-04
2.724028057127458879e-03
-1.861229539468878258e-03
3.862807473447027462e-04
-7.299142943386627280e-04
-1.142259088795505306e-03
-2.929229612314010467e-05
3.223748784462188155e-04
2.197489444861533414e-03
1.151366398423059323e-03
-2.722643849917272263e-04
-6.670107583097717452e-04
6.821175192748274441e-04
-1.570210067662891618e-04
-9.798417229525124839e-04
7.974353617952179007e-04
-9.812916740863375509e-04
1.136122048142063079e-04
1.381327338527915671e-03
-8.154934668835878142e-05
-1.461722040463353522e-03
-4.896451247144995023e-04
-1.481060834396252801e-04
-7.248137847493119068e-05
-4.508697158933649973e-05
5.163673818919800595e-04
-1.495491604921461715e-04
6.157310173822150290e-04
-2.414220316767634600e-03
-1.112540715429988225e-03
9.020623113735748433e-04
-2.210746559887510898e-04
1.511951772745767641e-04
-8.004040050375582638e-04
-1.524744506313790993e-04
-1.627630682613290247e-03
3.714028387569179301e-05
-2.592889430221623215e-03
-8.776598777648914051e-04
-2.932213440935971249e-04
6.626180906477152632e-04
-6.359280877143991262e-04
-2.841590529689685951e-04
-2.145363153180701588e-03
-1.087582442453660647e-03
4.412796278556729845e-04
-1.411735186975793255e-03
-2.669786704672771904e-03
-2.321950735360012175e-04
-1.362930891562141866e-03
-1.604829020389608729e-03
-7.667752564806118443e-04
-5.702275546153323660e-04
8.082847014634353400e-05
7.366678008939864242e-04
1.875543075149366246e-04
-4.995547586508219950e-04
7.392957337153394093e-04
2.796023135680503202e-04
6.997083942485993191e-04
-9.946165516150351493e-05
1.033711087591981936e-03
1.043656057665209858e-03
2.266944646955204590e-03
-5.084902362280097066e-04
-3.679787816273094592e-04
-1.562861698630069185e-03
-7.509041959785633935e-05
-4.898797007697464068e-04
1.167784241586478089e-03
8.453864655599829803e-05
-1.230432753781096622e-03
6.408628170699870452e-04
2.180526857014086772e-04
1.005525516639016459e-03
7.635508235079857542e-04
-1.598608364527409620e-03
1.411942353338968559e-03
1.895056896286106962e-04
-5.148299567792058440e-05
-7.531832990017583995e-04
-7.786825936892949329e-04
-6.867564943238146924e-04
-3.289266901964627010e-04
-3.164272921754029966e-04
-4.707982918616959722e-04
2.000813912035326325e-04
-1.472854598799644421e-03
-5.838925355907687020e-04
-6.948502620602869939e-04
-9.836742681776922126e-04
-6.272401143843087112e-04
-1.636387786972948177e-03
-8.183112322519559001e-04
7.081696726802810815e-04
4.818007759974651805e-04
-8.247173564601695261e-05
-3.834172865335716551e-04
-3.991657689559335864e-04
3.462635669504443570e-04
1.044757122278028305e-03
8.564106411297345289e-04
1.060475679565131557e-03
-1.017683217947151775e-03
-2.143475603191280499e-04
-1.075776026713937128e-03
1.080197358644507943e-03
-2.989886660531571039e-04
-1.027965001059172323e-04
1.105088362829853565e-03
1.131911233804849815e-03
-1.150386836830552539e-03
-3.005954905255237009e-04
-2.125842774258757117e-05
-8.598804190125264313e-04
1.399683564747178366e-03
-1.012513542819171164e-03
3.723845239851364397e-04
-1.148464531027126867e-03
5.866647044412420797e-04
1.654425738750742170e-04
2.046367263693893435e-03
-4.234938833114210155e-04
-3.123120070307461305e-04
7.965970060797022967e-04
1.440782851419797339e-03
-1.356053853231564688e-03
-1.994558941243784744e-03
-5.393684416010735561e-04
7.659692117290006763e-05
-1.000931243458902387e-03
-4.124684576931603175e-04
1.597593260387331071e-04
2.586867712007334674e-03
-9.121948722683459465e-04
1.817259520692449115e-03
1.094758157980768587e-03
4.598672181941321213e-04
-5.040088231607064984e-04
-1.895607963169343435e-04
2.959988869222218710e-04
-9.238519493208752209e-04
-1.093823457487985706e-03
-2.522657057630883770e-04
2.523308271879187714e-03
-1.391902782581277975e-03
4.628889451219198037e-04
-1.565802147611483619e-03
3.307077631813370999e-04
2.655081742075626750e-04
-6.802298027990261176e-04
8.525573610709269445e-04
9.566677487800046009e-04
-8.920742320239760659e-04
7.566733471278119794e-04
8.227473911539551210e-04
-4.779637729088737075e-04
-9.197890060741453766e-04
8.459381676475530298e-04
1.389317758133223890e-03
-5.885651142389924928e-05
9.714064395971444554e-04
-5.560543201064138685e-04
8.422719391962818491e-04
-1.093135817078483285e-03
5.075513031189693436e-04
-1.334728453660893877e-03
4.751792311785685285e-05
-5.051600758299024108e-05
1.066708502111879397e-03
9.759988867681368419e-04
1.257744676652627902e-04
-9.118515914692260083e-04
3.713130551519228106e-05
-1.419556041223790643e-03
9.345861221654594431e-05
5.574924829121474801e-04
-6.302977684162769378e-04
9.976431739064928195e-04
-3.040924031710190434e-03
-5.939098794540687010e-04
-3.087075334760047696e-04
-2.581959446301684835e-04
5.610607694759295327e-04
5.498308762741377365e-04
1.189367621856840529e-03
-2.567817379999226546e-04
-9.249713447510021780e-04
-1.510516676977546879e-03
2.925762873917658879e-04
-8.013773804615986762e-04
-1.815250525734724008e-03
5.686928499863963538e-04
-3.857782834890688406e-04
-5.081562923341387261e-04
1.630163023418340629e-04
-4.758113014629028470e-04
5.634506691376550691e-05
-7.134759491438380508e-04
-6.434966063899594246e-04
-1.297756640479486023e-03
-2.108376853406923601e-04
-3.704140323936844226e-04
-1.064791588617497453e-03
-1.071330951934124087e-03
1.374595211959483976e-03
1.239532097021545098e-03
-1.020777277818130102e-04
7.517756285670973426e-04
-2.383902404070603609e-04
-1.260191028540358360e-04
-1.409053492452017053e-03
-2.503034641159196383e-04
8.024834485218512725e-04
8.710876986526283616e-04
-2.173451626761302435e-03
1.328246107200170556e-03
-1.059403795123703418e-03
-9.090868239474136914e-04
-7.206511636004275800e-04
9.661884791425379149e-04
1.685953433872011686e-03
-9.595337826122651848e-04
3.002042344157906939e-05
2.709575807058328678e-06
-3.069770231218793555e-04
1.413044497083015827e-03
1.285485219901127962e-03
-1.375746358085239152e-03
1.944270157538952049e-06
-3.605920982030497157e-04
-9.816569440168620986e-04
1.051060191987085446e-03
-2.247595794508061573e-03
1.759774242674261302e-03
4.985863331374851271e-04
1.413524561283407976e-03
2.787873668548268569e-04
8.026132620169157406e-04
1.233532357399091950e-03
5.940975487228605800e-05
-7.759083430489699396e-04
-1.894556357333598839e-04
1.283932562586187487e-03
9.644532261030569487e-04
-1.070555759401958795e-03
3.157421888471123594e-04
8.071286273223510221e-04
8.292252591437510034e-04
9.883189835901973197e-04
7.031054923660740030e-04
1.120766137647777327e-04
1.256671398434106024e-03
-9.143416324781661331e-04
1.113962358836761979e-03
7.104502459489570043e-04
5.409828027675978035e-04
-1.333005151065158600e-04
-1.021289750765319582e-03
1.406843882992170336e-03
-1.734876715848709949e-03
-8.130201838763007061e-04
7.708313865539828669e-05
-1.299296128592919430e-03
-2.603705853712057205e-04
-2.658320748853970628e-04
1.277646588236702740e-03
-1.198791580178104610e-03
-6.159432262298203398e-04
-1.809357568868241728e-03
1.912280850029368651e-03
7.048335495456470312e-04
1.100312978110640216e-04
3.417517506800749061e-04
1.264899044265410666e-03
3.614712084134552583e-04
1.401358483823944567e-03
-1.121089220466053860e-03
9.591062847817966031e-04
-2.557773352487302532e-04
1.737715509528836577e-04
-6.947882873273858451e-04
1.008409536682242091e-03
-9.431560729056265302e-05
-4.125650670927516472e-04
4.328433302445144903e-04
1.223580245733879579e-03
1.624902967283237132e-04
-4.148729206747692189e-04
-1.175327467703102258e-03
-2.895329056507023324e-04
-1.521761300385282567e-03
-9.140494473691695987e-04
1.543181209020527689e-04
-6.978045523786668980e-04
-1.296495169839095851e-03
-2.310299521632863673e-04
-5.794446563038846421e-04
-1.003716820264566323e-03
6.399811716355507940e-04
-9.263583410268338980e-04
7.061202158480384128e-04
-1.782968507983984097e-04
-2.491516367844059943e-04
-3.036821702373515564e-04
1.823156232167777446e-03
7.306197415533066675e-04
1.381182117899504291e-03
1.080205706785797304e-03
-1.315505074697131960e-04
5.486959457636775284e-04
-6.163980392046575219e-04
5.983512921949873942e-04
9.470972688330192568e-05
-3.933503839417262782e-04
-6.245778074005503555e-04
-1.908752601587071496e-04
1.166027124025914574e-03
-1.352909253352851948e-03
-1.664709961697541374e-03
-6.665534855221366684e-05
1.522517892543318041e-03
7.861727241635918517e-04
1.562566128702203017e-03
-1.017349768864361792e-03
-3.073877160031379674e-04
8.831825736255183301e-05
-1.582091920488970516e-03
-1.798902124110490774e-04
9.865197561587102371e-05
-9.264008672915657883e-05
-1.396776164271473775e-03
7.346719947405322415e-04
-6.500741444970259408e-05
2.081588572133696857e-04
1.013237868849437007e-03
2.734658637211229149e-04
-7.499626457054819895e-04
4.363505339612938627e-04
-9.463722080946812554e-04
-1.262463090796694942e-03
2.048250163411147184e-05
1.288544192424856405e-03
6.434278670606197181e-04
-5.090528998588084164e-04
-2.873022101090860758e-04
2.391304684201678299e-05
5.398825245539473627e-04
6.962806050629932741e-04
1.896680981929632637e-03
5.302282657291268464e-04
-6.730033133826029967e-04
-1.390666554336839056e-03
5.857362767125451342e-04
1.392718195416087212e-03
-1.756576813634946888e-03
1.546809296522733135e-03
1.446807056099563837e-03
8.042912182493200390e-04
-1.136894827175938261e-03
9.818801917629293996e-04
-4.540187955042185308e-04
-3.268368202238303155e-04
-9.897921371282425440e-04
-6.544256275338167228e-04
1.085343227364310437e-03
-8.369330432846933121e-04
1.132007878897001163e-03
7.409271315172993866e-05
-2.302047227784820294e-03
-8.131375613202873609e-04
9.885019186541832426e-04
-6.451749037827969602e-04
5.687918849606177218e-05
1.367501604574661300e-03
-7.934106090083936635e-04
6.701450594945868033e-04
2.746021994357583651e-04
9.772761272242025399e-04
1.904142220645610450e-04
-8.162351708420612084e-04
-5.824920228989505233e-04
-1.060273497744734783e-03
-1.835425664348910857e-03
1.328685425171505230e-03
2.230324334513422713e-04
4.809354828518852543e-04
3.838812966676652394e-04
-3.362588560744672606e-04
3.348898297894642440e-04
1.820102174425963781e-03
2.855074787635469846e-04
1.110564336422203979e-03
-7.966963241614610780e-04
1.110492042829980264e-03
4.389948971785795351e-04
6.977059112140970853e-04
-8.325315120747411868e-04
8.182848506987916437e-05
-3.157719525883617706e-04
8.166498691539736399e-04
6.840758964599125136e-04
-3.842269555049959706e-04
1.116665156999374631e-03
6.967079437223411276e-04
8.183827869741033822e-04
-1.400400263618539753e-03
-9.465992920487664719e-04
6.898939114501345671e-04
-9.753356999462337029e-04
-3.805833285677184818e-04
-3.331608942236385928e-04
3.145649373839098928e-04
-1.426781338699889545e-03
5.632128145396375629e-04
-5.665359342659215258e-04
-7.729585657112458819e-04
-1.071315377738191188e-03
-1.356570619461594518e-03
-8.201505857992064108e-04
-5.355105456843478606e-04
-1.569996416723729027e-03
1.080468440986415146e-03
-1.207128771099075237e-03
-1.054237164898497170e-03
-8.748805229814582418e-04
-3.012867395970619810e-04
-5.722339724958391827e-04
-1.020877540028886088e-03
-1.969567615334621991e-03
-3.353998466237850806e-04
1.121445678002874757e-04
1.376777895580882927e-04
9.460956844378198838e-04
1.072256642110414049e-03
-4.357911222516719363e-04
-2.211865082091257761e-05
-4.958107917996112946e-04
-1.079443202407937008e-03
-3.341134356040775799e-04
2.250233941669677051e-03
2.038739381325926914e-03
-1.917857411534384937e-03
-1.641801144646404254e-03
-1.654439231581150693e-03
-1.770440004239315357e-03
-2.320173887144560965e-03
-1.277248299127453635e-03
5.273073000044981029e-05
-2.103869533425228866e-04
1.808393142517239482e-03
3.235594332562374831e-04
-7.464501197240736019e-05
2.626167327910433613e-04
-4.465791134571350796e-04
-1.462694088860683195e-03
-4.434983831256289477e-04
1.055830155836545714e-03
-1.414189177316282908e-03
5.238488805501262391e-04
-1.269748557884975426e-03
-1.456723374116064562e-03
-7.657521690138668902e-04
-1.022367084590580788e-03
8.972160801059558821e-04
-5.209346315917517956e-04
4.470886090404135871e-04
1.535579461430014447e-03
4.150135618996575460e-04
-1.605211354771540755e-03
-2.739609090409711456e-04
-7.880063820266958174e-04
6.486692867870846868e-04
3.238343935556553532e-04
-3.432083563366106205e-04
-2.025629271989348723e-03
9.144241078464787620e-04
3.101990407139432193e-05
8.943003249302083901e-04
-1.097607657642551970e-03
1.473702790568687249e-04
-1.979573738483786371e-03
-9.669035773645084930e-04
3.461298225322373412e-04
-5.837774693016051231e-04
-6.958777092040957513e-04
5.711054728907427602e-06
1.467640408761017312e-04
-2.149527581414290012e-04
-2.542582881779331672e-04
-1.794591668633715997e-03
1.054423589608832756e-03
-2.673018562755480332e-04
1.240668763458518953e-03
7.827391506467495930e-04
6.385015744241329116e-04
-1.876698999756065689e-03
-5.463822278979346692e-04
-8.431800006383216584e-04
9.674395286933812343e-04
9.232148724838129539e-04
5.849079215891617167e-04
7.337705963506024887e-05
-2.494238071177878879e-04
3.654683117768620093e-04
7.606886810127555520e-04
9.207861284332707896e-04
-1.935514365856150221e-03
1.149653123069027671e-03
1.027911116123103596e-03
-2.829562633726023790e-04
-5.533119858462942631e-04
1.358960939212172647e-03
1.928935268914466761e-03
1.185880239943815084e-03
-1.011571083654461134e-03
6.944675977769154684e-04
5.824013345012701848e-04
-8.382494462932932322e-04
-4.413904814415392508e-04
-2.006427645161457107e-03
1.428631552813364181e-05
9.693246649076225907e-04
-6.359175864356636509e-04
-4.662929449745778498e-04
4.475230772091887133e-04
-1.582270589802536875e-03
1.849221924155042274e-04
1.265720565684080867e-04
-1.462170816711960697e-03
-4.552543455060842348e-05
-3.285707648810198833e-04
-3.120505595444189595e-04
-3.821367976695189128e-04
-1.168847334538813953e-03
3.276282876456537707e-04
-7.881586122320261012e-04
-3.381781260001215372e-04
3.040984129358825783e-04
1.453617894489944717e-03
-2.813236625787585155e-03
-3.462800492799456009e-04
8.728558558508403564e-04
2.055850609803844264e-03
6.077922285752102027e-05
4.371338730011498086e-04
-2.438615105071484379e-05
-2.357940235016009467e-04
2.276485730579036471e-04
-1.213243641480676871e-03
-6.621182212780407639e-04
-1.358966832206265352e-03
-3.046558317754133327e-04
-2.197344083898489231e-03
-2.542305791566334960e-04
-5.928391523786213924e-04
1.683422085031027748e-03
6.395567078194552835e-04
1.687334660577022305e-03
1.998295038081243646e-03
-6.137438074891310436e-04
-8.493627874683884471e-04
-1.365978259844080611e-04
1.531580682407218674e-03
7.019881638465896856e-04
-7.036807246620924161e-04
3.783919487718723218e-04
1.029608705647389044e-03
-4.772886959023558973e-04
-8.629358307088441649e-04
-1.446026670373079526e-04
-7.310128580793051611e-04
2.724718297979489279e-04
-3.628765002985367971e-04
1.539628830515837876e-04
2.471066563975998776e-04
8.478316710291977643e-05
-1.120879631343552063e-03
5.593415080848984644e-04
-7.534623128990780572e-04
-3.434386978575787452e-04
2.190757215230654253e-03
-5.118914338235747152e-04
-4.381143992933100861e-04
-7.039035468565657538e-04
-5.944438212823754952e-04
-1.492413081147336840e-03
1.479558913142220433e-03
1.058561746869468578e-04
-6.185899888302426319e-04
5.418985262943820658e-04
-6.446691565962225923e-04
5.738820547460665722e-04
-1.263700338585804772e-03
-6.353187709666752170e-04
-1.947201123076114371e-03
-1.594949454212235551e-03
-1.087785140171826370e-03
1.071150996696079716e-03
-8.235003036696220136e-04
-6.111948797284938451e-04
1.924066454438211338e-03
9.424712310170946239e-04
1.246683271182824626e-03
-6.150027246154543548e-05
1.706723881705229928e-03
-1.351895819214909977e-04
5.089210504958252557e-04
9.990107238397882838e-04
-4.990337746624273763e-04
4.174703816797187272e-04
-3.060816252014042504e-04
8.869449961121933512e-04
1.727934139730713525e-03
1.239546166041938235e-03
9.103623503687874319e-04
1.050394166866031043e-03
-5.668419589579531959e-04
-6.938713446564825915e-04
-9.360134956348797886e-04
-1.383191107919845564e-04
7.316301840523120603e-04
-4.383464490491650878e-04
7.087466850101975524e-04
-7.729669681344475407e-05
-7.001161695971980237e-04
1.654897219376394446e-04
4.063383251697860743e-04
-1.248705948871053906e-03
2.382427287355159962e-04
4.569629552400034100e-04
-2.074729488270588007e-04
-2.728969843706297027e-03
-1.838008430001814020e-04
1.732514917063276982e-04
1.826379586389315079e-04
-1.434488194696603713e-03
1.330677692605863882e-04
-7.843561958242872834e-05
-2.132500164258033237e-04
2.623507507657496518e-04
7.596641531937287084e-05
9.769107672070731496e-04
-1.858600678703803410e-03
1.128726747081865156e-03
-9.361172424966479610e-04
-8.485175491570462469e-04
-1.902492853369963655e-03
-2.691846139495357448e-04
1.280877006446745625e-03
-9.428021461888036470e-04
1.123976499626255787e-03
-1.144310892175592898e-03
-1.621042164155372944e-03
-4.762435770051531847e-04
-1.150064819457563559e-03
-1.322864794094602559e-03
8.940196915929732313e-04
-9.949743934278831858e-04
6.509611408795912268e-04
2.697239180665667035e-03
-9.438785565947238609e-04
1.327868167402490585e-03
6.886174467861660986e-04
-2.605505883210845752e-04
-1.965671410775193806e-04
-1.373955359040834878e-04
-2.999071022642407769e-04
7.029950802170947810e-04
-1.304201492491330328e-04
2.317979516187840261e-03
-1.063343637828229049e-04
2.244048553418975800e-03
-1.444627026204070575e-03
8.890145919027148125e-04
-2.180335557099288835e-03
3.034455145674019860e-04
1.086523220334534301e-03
2.357196180166498678e-03
-1.263238641439734522e-03
1.053598083121443096e-03
-8.932815837636720602e-04
-3.572416693156110767e-04
-3.960077861810962219e-04
-9.311458668588290521e-04
2.034177248508850511e-04
-1.810647103557494475e-03
-1.848981767659685360e-03
9.005630092091543304e-04
5.796420837533844406e-04
-8.061926870439606319e-05
-1.374792971107208217e-03
1.170583796896496054e-03
5.069473126744217240e-04
-6.868394268719768547e-04
5.914913065849791707e-04
-2.967826982698262839e-04
1.400237038936325007e-03
-2.417103717704538468e-03
-3.919628586146473026e-07
-1.341689207219776137e-03
-1.890296945507685678e-03
-9.676474420110547925e-04
-8.441311040281451739e-04
-7.514629829430408137e-04
-6.355546951386514820e-05
8.702801724094211266e-04
-3.679315622917567197e-04
-5.765220889302202778e-04
-2.057787604074379217e-03
-1.905594131095256216e-04
-1.977428909914591415e-03
1.137230632909380645e-03
7.183745048173761916e-04
-5.286133185047336980e-04
-1.289532589105135685e-03
-1.028352044539326826e-03
1.823347348757220487e-04
1.260641925424854648e-03
-9.933446056888950437e-04
-9.317336108525253735e-04
-1.021162083894244788e-03
-1.610544680923364780e-04
-8.736308859242924996e-04
-4.418738378673126022e-04
1.042169981890772590e-03
1.439191164156472524e-03
-1.784857587689980818e-04
2.795280912510911264e-04
1.603341885207720807e-03
-7.328105476001045560e-04
-7.473888489275548608e-04
9.692159440195524667e-04
1.295801230030813045e-03
-7.270097437679368113e-04
7.092396761712027597e-04
9.433737697244204412e-04
-1.008664267266201620e-03
4.714240450498508039e-05
-2.414793053235886333e-04
4.750352563953619267e-05
-1.051584274630146254e-03
-1.789376071067216856e-03
-9.557674739979482581e-04
-2.451342840701364878e-04
-1.416352758911942900e-03
1.166361351679245928e-03
-4.058751430258134008e-04
-5.428512977250221638e-04
-2.125290702232884854e-03
1.531990975769392804e-04
5.521304459474851711e-04
3.047836829999095443e-04
8.275933352677178334e-04
8.665654960959834341e-05
-2.643839191642793907e-04
-8.289344714582647100e-04
8.878442330217950484e-06
1.368016855621378980e-03
-1.762227688712370011e-03
-1.191053587634716138e-03
-4.902626647138585980e-04
-6.188289604545094136e-04
-2.470588877436785680e-04
-1.803528470975646059e-03
1.103757503688962416e-03
7.748605888699966471e-04
1.540450430186579567e-03
-7.065998451272204051e-04
-2.014975560515885888e-05
-7.079096072091228820e-04
1.388590067209261036e-03
1.565764327758678576e-03
5.045318313123825504e-04
-8.136583314133361000e-05
3.932174444036817818e-04
-2.490218129380661338e-04
7.087472245872472598e-04
-2.505347246868572242e-03
1.078795053891079547e-03
2.127688572871155870e-03
-1.035230823378752163e-03
3.390750653944341053e-04
-5.192417056076870097e-04
1.422350824146434434e-03
1.079399044287443488e-03
-8.372018888038734730e-04
4.330687000333455217e-04
-6.666658606340192250e-04
6.554199284707351580e-04
1.227521663321295975e-03
6.282496098648504557e-04
-8.333844848877891565e-04
1.217951038037234923e-04
9.868357521083392925e-04
1.117115108554278535e-03
-1.548941038336248965e-04
1.025009263105891577e-03
1.232936579495857998e-03
-7.613789551985661319e-05
-7.309105661013060029e-04
-1.064364200472622812e-03
6.120367271544857601e-04
-2.440649343633527479e-04
1.136035999034445965e-03
-7.236490585673660547e-04
-1.981149812706473057e-04
-1.731074864322668105e-03
-5.693951233460836647e-04
-5.354902125833671533e-04
4.517247123771994666e-04
-4.680001346060169709e-04
1.029185646704844359e-03
-1.176787654983968423e-04
-3.724206204709368251e-04
-1.103191352613608345e-03
1.215945227392101202e-03
-5.684019444827104195e-04
6.952475808956748438e-04
-1.251556539063614082e-04
-1.770265792732539367e-03
-2.151361509408200590e-04
1.215803735963083554e-03
-1.393964283606496934e-03
1.539374913967828107e-03
1.112839807685839233e-03
2.154992536311572948e-03
2.962086020419363308e-05
4.533033165741162662e-04
-1.191765776124675824e-03
1.840778270508325321e-03
-2.677400729471646201e-04
-1.487654458894427378e-03
9.016079043571156859e-04
3.691795077820358983e-05
1.277044688901662894e-03
-5.385156527122347825e-04
2.245176983119989700e-03
-5.900065443529278753e-04
-7.423545372464701586e-05
1.556392940532891345e-03
1.143836010486953825e-03
-1.224650023157858314e-03
-5.866414106638906389e-04
2.114082319413235211e-04
-9.540203733298113775e-04
1.119240472993388025e-03
1.164461011376571875e-03
-3.552658111507511762e-04
1.396628307170466599e-03
-5.929723748347992540e-04
1.909975586411594151e-03
-7.879461367972240282e-04
-3.625401954576723540e-04
4.365018540617437992e-04
-1.009186578660337119e-03
4.823152765198734926e-04
1.022587598707103140e-03
5.290351077298360849e-04
-7.640185156656542631e-04
6.157034717262366286e-04
7.764014531104201922e-04
-1.306140520253240567e-03
9.209650933592605782e-04
-2.802432931643394909e-04
-8.522823707617366296e-04
-1.018283861786706268e-05
2.826549187835425414e-04
-4.071257584592480328e-04
6.761431643296234029e-04
1.245979137725061747e-04
-2.001000883026904376e-03
-1.024056787313210037e-03
7.041958698918993065e-04
-1.410867412263705489e-04
1.577471101909644347e-03
-1.545978217254440068e-04
5.861085486271733203e-04
-1.110344295226273204e-03
8.682589243917959720e-04
-1.121066786767377366e-03
6.417134393366108469e-04
-5.841573866613991584e-04
-1.488206007439929479e-03
-7.277311914992701247e-04
-1.560000695977059593e-03
7.724782062961121909e-04
3.903329265777522039e-04
8.096362230114451108e-04
-1.772145519319145990e-03
7.243460995358663723e-04
4.148618028174677619e-04
-7.338956082594272345e-04
1.691607627505309353e-04
9.377962036178910665e-04
-6.986486874829278548e-04
1.801842090893845949e-04
5.707581038738585022e-04
6.464585072518680420e-04
-4.837272957185501099e-04
5.747465591454670175e-04
5.032652041072616100e-04
-1.069112211790734790e-03
3.393619902780642406e-05
-5.355050211441891861e-05
5.489544909536014927e-04
-1.483136745279445279e-03
1.752996185586663813e-04
-3.021596352990041368e-04
-1.275365750909918106e-03
-1.217314854237372401e-03
-5.537381519273854025e-04
-1.498030513895631799e-04
-1.425520728519424907e-03
9.924491490722608944e-04
-3.536990506154191749e-03
-6.046286699201708359e-05
-1.400056281826822513e-03
1.326595101880378991e-04
-1.168649601580584729e-03
-8.297662017644480414e-04
2.816499534770144919e-04
6.487317387682267622e-05
9.605322572880936605e-06
7.678965963719974752e-05
-9.840567016863310812e-04
4.636487461548988165e-04
-5.699302215265156235e-04
1.922798628040567337e-03
-5.909178231906508927e-04
-1.814005565579090984e-04
-1.051371680709900502e-03
2.692201224367973822e-04
-5.300823845046931382e-04
-3.230547068737710248e-04
3.000084877806674655e-04
-1.197197168283148372e-03
1.023151260356680581e-03
-1.146944837286278940e-03
1.917301356006984037e-04
1.444974400535592451e-03
1.272322782129631236e-03
2.714063312434511488e-04
7.912777689107475254e-04
-6.285186441072898589e-04
-1.118656835929821014e-03
8.260049886366083172e-04
-5.412983204517995972e-04
6.871094228031449092e-04
-1.882624195027826630e-03
-1.972016001239307315e-04
-1.559275382281510858e-03
1.902872698269497675e-04
-6.939907051588534159e-04
2.205418556012306297e-03
3.628606704377812520e-04
8.481133414650621205e-04
2.266938252613037719e-04
-1.125065500101163352e-03
5.780602174425553130e-04
-1.794992794118321910e-03
2.089879737979360996e-03
1.964347331460114532e-04
8.303405027370036606e-04
1.054226765717869441e-03
3.193884953387460257e-04
-7.323327083876840504e-04
1.264509696077276146e-04
-1.921955325281388127e-04
-7.342203853988316098e-05
1.703139987475177364e-03
4.428365751887319846e-04
-3.462117168666623002e-04
-5.477828106572601996e-04
8.051777601769671833e-06
-6.045393523479436482e-04
-9.265048090050242990e-04
2.569510628329663149e-04
-1.730356947593492123e-04
7.815581327867970884e-04
2.132659960012439626e-04
1.374484960030564196e-03
2.857719875384301389e-04
2.537255337078381245e-04
9.503014394818265487e-04
2.511377820328952737e-04
1.398004940659447470e-03
-1.522534740656000807e-03
9.570344572744637901e-04
-4.826621046212231647e-04
-1.059684861837828507e-03
1.138526941263817704e-03
-6.271451859005683360e-04
1.386863796306370133e-03
1.025630145732980836e-03
-4.690120930865848692e-04
6.300426142338277913e-04
-4.878098302965039323e-04
1.087977596947453662e-05
1.787267334880660030e-04
-5.764490689432744119e-04
-7.010784353054244633e-04
4.033078068477191636e-04
-1.339398182989004482e-04
6.056821891529118318e-04
-8.188341184947045548e-04
-4.841206208947568257e-04
-2.409256496438416661e-05
-2.068991959789379109e-03
-1.240929059165951642e-03
1.192900372132488229e-03
-1.080859443994830471e-03
5.975765298142921012e-04
1.442708963008465517e-03
-3.227516710333500072e-04
6.579226615885946927e-04
1.919080273891093924e-04
4.380189402761747175e-04
1.241472949989441688e-03
7.165464823406519912e-04
8.300656312758558641e-04
1.254162766189503841e-03
-1.302888456138351359e-04
1.148796090512105295e-03
5.939693801109147131e-04
4.064600098745430046e-04
-6.776447706846600028e-04
-2.150579595905366403e-04
-4.931345659513475255e-04
-1.072694722482392393e-03
-3.139515274601656358e-04
1.280004034343251718e-03
1.374642462532937870e-03
1.761604503119684750e-03
-1.927338054961147407e-04
1.285511263501737389e-03
-1.555735345599718045e-04
-9.768295373002722215e-04
-4.490390561011636805e-04
-2.248749407042893722e-03
-2.398459126946583808e-04
-1.045413766552094614e-03
1.026806415399983408e-03
-3.098817347697568891e-04
1.495120264682681110e-03
5.150344479742940962e-05
7.736962078630504891e-05
1.199173401955633267e-05
-3.065843972376303128e-04
2.493087096632429223e-03
9.631292511600442197e-04
3.766031374641265472e-05
1.374352070985906948e-03
1.242809803954747494e-03
1.069145165749185722e-03
-1.107231030782029890e-03
1.119225638333887218e-03
-1.441944050090793183e-03
6.568569186409245475e-04
-9.029610849442537557e-04
6.400152909900036491e-04
-1.346596691671475554e-04
1.063464531921187728e-03
8.037686788509024183e-04
-2.172812036687066239e-04
5.248865572495819976e-04
1.919213718899470678e-04
7.131882116955257089e-04
4.060717270182312433e-04
-6.774883074192050714e-04
1.568739177180145106e-04
3.720342956474720353e-04
1.814124094631441864e-03
1.503720179276690772e-04
-8.526424144505995173e-05
1.153154755480834126e-03
2.274962306989536387e-03
-4.177770022877336231e-04
5.826968922066910750e-04
5.116120833958959224e-05
1.191298861714873425e-03
5.110913680823614413e-04
5.755095450739045049e-04
3.600560356378235127e-04
-4.606324071121381536e-04
-6.755455478326677365e-04
1.284574343026978482e-03
-1.171055756851391294e-03
8.747923045875349857e-04
1.119966330342725414e-03
-1.656466369896136825e-03
1.900763384236947573e-03
1.843735803170876153e-04
1.129111097511348305e-03
1.880372163083343651e-04
-6.452400359953092135e-04
-1.618263826586030518e-05
-2.076684329594957745e-04
-1.012357744531566794e-03
1.098865433036610995e-03
1.092874618086492333e-03
9.825393961819806066e-04
2.957199410096311709e-04
-2.506368642198886221e-04
-1.707895825875382911e-04
-1.109830362795216629e-03
-5.387976796786819733e-04
1.918949986864371127e-03
1.137556954434293388e-03
-6.858056154339653432e-04
5.424068653425706543e-05
-6.124746948750203757e-04
-2.752894024593555145e-04
7.730071018559048213e-04
1.834909683731122954e-04
1.835556349319311664e-03
4.978105043678127117e-04
2.746526437935603582e-04
1.743003358366967959e-03
1.775568723920928349e-03
1.040231712493788763e-03
8.113783849708067208e-04
1.379416524749377260e-03
1.963854058789182844e-03
6.325800598994124613e-04
8.699157406459878672e-04
1.189380899289105287e-03
8.882731179944425293e-04
5.983037050327766337e-05
4.527405174117316022e-04
1.469900316451555611e-03
1.748928711117425649e-03
3.165674888395919595e-03
1.002005360182245397e-04
1.430523940081140921e-03
2.021786643231493485e-04
-8.078982348604935027e-04
-2.653238737879703990e-04
1.478574268678256587e-03
1.386686438191064852e-03
1.109593012598830697e-03
1.006305874481139284e-03
-1.515034551942129326e-04
-4.061601286182714432e-04
-3.353145210556185418e-04
-1.576407238100818731e-03
6.811270432267590991e-04
5.379749351512863598e-04
4.575182891708440280e-04
4.833605424530151851e-04
4.438581862054036264e-06
-1.473212174762927873e-05
1.055729807631022865e-03
-1.003394172483851321e-03
-7.139360617247625385e-05
-8.875442986442383386e-04
1.255610491524006278e-04
1.320522383276623302e-03
2.488345680733416998e-04
-6.140924067286057664e-04
1.024781680838415809e-03
5.136401144709701327e-04
5.754812454576985203e-04
-1.598154143500618574e-04
8.521681567994487949e-04
9.138179645225008585e-04
7.031036919933342233e-04
-3.133308924103683779e-04
-1.075731157699211238e-03
-5.591760616070473588e-04
-4.881332337858257375e-04
2.009525354483177040e-03
-2.620909193602471987e-04
-8.165759919973591963e-04
1.018035928833871395e-03
1.394369911869031142e-04
5.994090008143437842e-05
2.677631752612263938e-05
-1.628695156155046675e-04
4.749219545316929469e-04
6.910990359891844292e-04
-1.206627089900269567e-04
1.180326140154841497e-03
-3.473171592125456897e-04
1.105285465048178040e-03
8.477377432509758393e-04
2.632056623660838923e-03
8.126329453683744930e-05
1.680519494780430279e-03
-1.446181114439504256e-05
1.701753633739144789e-03
-4.690510880389631154e-04
-6.010230562287777190e-04
6.284697464784549936e-04
-4.228489195849949311e-04
1.213573457423677837e-04
-4.423456266875458454e-04
8.727219754378623406e-04
1.393195926919776895e-03
1.369934714644971407e-03
6.985309166627207134e-04
-7.933166463931495827e-04
-5.611016680813207813e-04
3.480553646828532521e-04
-1.307095131093394258e-04
-1.968312840525676677e-04
-4.517156649415099423e-04
-1.786012824548821598e-03
-1.275542793492290272e-03
-7.895984809338507660e-04
1.511948317179045986e-03
-1.005978842761878767e-03
1.675217355030511612e-03
3.157998697043140623e-04
-7.162231286761411297e-05
-1.473987882688154727e-03
7.443400217366225036e-04
1.224718162859073090e-03
4.869677260981308820e-04
9.108943350775167147e-04
-2.076180926480208910e-04
1.068667911895415656e-03
-1.465178661912425184e-04
-4.924377814945479770e-04
8.604050958167519525e-04
6.507710251348886032e-04
3.396684416612671953e-03
-7.318127792470541237e-04
9.679363586900802119e-04
-1.177894660926659398e-03
1.763496620448057328e-03
7.876106939888050107e-04
-9.333825986175270373e-04
-1.840167624231892063e-04
-4.901412781550540387e-04
2.694439975694518097e-04
-8.420771707042806753e-04
-7.181775955933389355e-05
1.175520041030608809e-03
8.636422667076537607e-04
-2.489589034444517068e-04
9.389873163496709196e-04
6.377929387202385669e-05
2.608759650764014282e-04
-1.422681290512040064e-03
2.424668900466553367e-03
-2.796155349069628926e-04
-1.780432179931956682e-04
-3.004077045876130114e-05
1.150954695342543133e-03
-9.633470069192462404e-04
-7.123733356420025586e-04
3.330626295266592152e-03
7.605761642071051654e-04
-1.925983320723023695e-03
-4.585853691949637323e-04
-6.389141569858036718e-04
5.863820978471157019e-04
1.162521310683617415e-03
-8.896440633132662867e-04
1.172740110561676374e-03
-9.149239665084962780e-05
-4.751073863149546384e-04
1.323346482002385471e-03
-2.013854122996594498e-03
1.705262374889215948e-03
1.076269916004291005e-03
1.498546219346641450e-03
-1.223724811045379113e-03
7.565376757612263248e-05
-1.464125401646754199e-04
1.024403697131415214e-03
5.096596980342926742e-04
2.031250461151046238e-03
-7.924462287967060092e-05
-3.740497599156178410e-04
-7.869739666548358770e-04
-2.745558367893696783e-04
2.582270055211166593e-03
4.962853346570650359e-04
8.243166347516872605e-04
1.162201475996438305e-03
9.489225639587317573e-04
1.217585863658499079e-03
-9.315239887659476636e-04
-3.143549591415606415e-04
1.355876531258237705e-03
9.591325827511543167e-04
-2.432817738491577231e-03
-1.214710334861202057e-03
-2.870479623542365744e-04
6.529644829997849342e-04
7.028142801279724239e-04
-7.741961981899692091e-04
-9.371507020583536018e-04
-3.080786188414119664e-04
9.490411641848162105e-04
9.099914561274680125e-04
-4.255776434962665888e-04
1.897509083091719617e-03
3.800384022856206911e-05
-6.664883019591449909e-04
4.908211302843135115e-04
3.492567180736205756e-04
2.731271331062323782e-04
5.728395614488235310e-04
-2.894717643706634647e-04
1.890714057080078447e-04
1.321692287817421985e-03
-8.200056433047553384e-04
-1.623352343431250233e-03
-3.857758000282984767e-04
9.671111935025678008e-04
3.515044615909346248e-04
1.122022636089514691e-03
-1.749309906908802503e-04
-7.907826250486138520e-05
1.318405394103550066e-03
1.527361399747961812e-03
-1.129925810554377463e-03
-1.925992963260902968e-04
-4.573881250922173791e-04
4.121188872907577405e-04
1.088984086982769384e-03
2.702948755897160993e-04
1.448457150396986748e-03
1.639649927653863415e-05
1.658444904322209368e-03
-9.654476311107274000e-04
1.446213774233484628e-03
3.024083904514363041e-03
2.296296308117451446e-04
-9.039626513025478260e-04
-4.670169432112736274e-04
-3.488906176460915276e-04
-8.486349600576037489e-04
1.089027918056650890e-03
1.239691255669805869e-03
3.439029621972178319e-04
1.470884218256696130e-03
-1.772398435027966457e-03
-4.283816840726650810e-04
-2.796275598317965461e-04
1.653255842662515462e-03
-1.306347426270670908e-03
1.439684207903635382e-03
-6.152854895014048253e-04
-1.045229339072584196e-03
-8.287874369619085968e-04
1.049388658353356263e-03
2.222782248852306353e-03
8.392410978830255885e-04
1.279202897501496849e-03
1.516576416312975795e-03
7.480300487694435674e-04
1.314739372563211717e-03
4.505741836153820401e-04
4.848927351146503639e-04
1.781212053416858510e-03
6.752580239055561151e-05
2.531015067088748793e-04
1.532640227636994368e-03
-1.824860834260810805e-04
6.130685194596363630e-04
-4.812724124649836455e-04
1.424916083820892965e-03
4.126715409902281806e-05
1.351912614693251413e-04
1.335816196650352339e-04
4.163604254043828945e-04
9.866232445188138911e-04
5.965836254153700224e-04
2.684557482459659639e-04
-7.237986213382008316e-05
9.189234800546230986e-04
1.511185403368919822e-03
-1.252616047057841797e-03
-1.429253160691867919e-03
-1.165824509908430784e-03
-3.604008935016445037e-04
1.325667579796352413e-03
-2.215619881916319756e-03
-4.199583031632148078e-04
-9.374211603450088859e-04
8.069530496277455001e-04
6.595285725392585618e-04
-4.928402026236344824e-04
-1.079808345259447577e-03
-1.275085295822764309e-03
1.102731555252756124e-03
4.610390868575731105e-04
-8.642462629120384321e-04
-6.200866801209237167e-05
-3.256334490298051776e-04
8.737026601788322466e-04
-5.045511843235761518e-04
8.496078757578295892e-04
1.844303447470441171e-03
-6.536311407390194006e-04
-5.213692716088402790e-04
-1.799696549927398692e-03
1.601933059953708494e-04
7.632815577105489524e-04
1.608608182509074780e-03
1.602561845062133727e-04
4.214421654562539032e-04
-7.173646217890627952e-04
5.325817444468139428e-04
7.882987196434765309e-04
-8.629789822995892479e-04
-1.134908488258368209e-04
2.175595060164070560e-03
-1.187775390441014878e-04
-1.544842442102734026e-05
-7.641653153633853890e-05
4.204295028329418926e-04
6.743200241647873128e-04
7.631387682354162649e-04
1.736307605173514901e-04
1.273944908942503673e-03
-9.440284348669614189e-04
7.473625282770068878e-04
-2.323309140277451945e-04
1.133049653999629314e-03
1.410867482985578292e-03
3.966441352993843594e-04
-1.028324038590433531e-03
-1.496083310357221308e-04
5.376076645617899885e-04
7.081660557770597109e-04
7.769506177857099516e-04
-4.572854551134764023e-04
8.058669612913682556e-04
-1.308082208876015784e-03
1.389654562022890616e-03
1.391436305693938280e-03
-2.283139361201280693e-03
2.026512841717620361e-03
-1.334753769719920768e-03
2.939030551593946328e-03
-1.931236443917239143e-03
-4.630899562960699711e-04
-5.495048057526652485e-04
-6.514425400294676649e-05
2.259965867189350774e-03
-3.710950987874106488e-04
-1.413012487634590642e-03
-2.083578065870117513e-04
2.160170317664356077e-03
5.387679007573531464e-04
6.736805068114914974e-04
-1.506405192880588828e-03
1.970484536302219425e-04
2.562674499479999923e-04
-1.646402852146788831e-03
-1.122653882266622105e-03
-3.988485240347117156e-05
-5.776973475173363681e-04
1.214711133830315148e-03
-2.156866039333404927e-03
-7.915105693492296979e-04
3.247322059605206590e-04
2.667153230495600269e-05
-7.522648251412356046e-04
1.403498729367624875e-03
-1.268127315512401765e-04
5.866865623520567397e-04
7.910742487375888032e-04
-3.966918862756685371e-04
-2.348288404587783873e-04
9.178439302270913203e-04
8.212171578654281490e-04
-3.412036611250002238e-05
1.465183334770081558e-05
-1.113030791455305035e-04
2.477848971595975058e-04
-1.543020046506082821e-04
6.299948058756665858e-04
1.099711232573907793e-03
-3.517734099551805826e-04
-1.886349543019028019e-03
3.356200139248421976e-04
-4.381090593119640886e-04
-1.819002786612511358e-03
1.933170748005252904e-04
3.307578302647051771e-04
-4.035152230124072759e-04
-1.252874371673984299e-03
-2.241145577756231688e-03
-4.125779135570883938e-04
-9.808216082234366695e-04
-6.037732409907015096e-04
-9.698286895789554052e-04
-2.084751565738507395e-04
1.457511023973845354e-03
-1.025677164157023924e-04
1.716882739382086243e-04
6.447555021014128585e-04
-1.618248898349605724e-04
6.927706872279504324e-04
-5.808527914203942544e-04
-2.531658390746427401e-03
1.031781747688587103e-03
1.396423246786238082e-03
-4.927167563428813679e-04
1.071142302669025881e-03
3.858319789349362594e-04
7.071091771684301364e-04
-1.086229644169156572e-03
6.033842489139296106e-05
6.439181278212746662e-04
-5.930289838846913852e-04
-7.577831664857814786e-04
-7.171295632359964145e-04
2.394752598495752949e-04
-1.018483056257846187e-03
-1.348073371516322894e-03
-2.448468904223677356e-03
-1.117842493774778845e-03
-1.012199477355091304e-03
1.672620880377673203e-03
-1.373734413051996839e-03
-3.273071271758798417e-04
-2.684057162101183280e-04
-8.852965147876368235e-04
-1.711983881182321809e-03
-4.691448168014922260e-04
-8.835943561933401469e-04
-4.323762851143886365e-04
-9.257205040804628027e-04
5.667887403368876420e-04
-1.815786190442203463e-04
8.645734084189449220e-05
-4.512674677967787318e-04
9.768274881172267499e-05
1.186795890589120717e-03
7.728491112202195978e-04
-2.719985156192095133e-03
2.166899591683923987e-03
-1.261004566877055311e-05
-1.934598122990127678e-04
-1.358195872783962699e-03
-1.318331378739046045e-04
3.409254162800579024e-04
2.691656838764711068e-04
5.087973569515291672e-04
-1.021667097211853559e-05
-1.263467333197043629e-03
1.685429401355742485e-03
7.817774738070326634e-04
-8.057810969914758203e-04
-7.172701096949118948e-04
5.960579030861445915e-05
1.410292254480749463e-03
-5.790579183511113115e-04
6.476276758540233658e-04
-7.555521458468827944e-04
3.456368522312125435e-04
1.439721283711392630e-03
6.009179980492884710e-04
4.937397263904408362e-04
-1.406543919394653841e-03
1.269575251384047476e-03
-6.603680534311706651e-05
2.019604726066770439e-04
6.570381918817869149e-04
5.594524450778237679e-04
-1.099555046357725274e-03
1.383017512527784376e-03
-6.191843328329227347e-04
-3.056001015244724783e-05
1.689187596671803959e-04
1.264089238102616974e-03
1.352283107916019134e-04
3.303183252767460942e-04
-1.352979671713772092e-04
-5.363977793524377091e-04
2.409053757189028033e-03
1.339456432051244761e-03
-6.896212549700742045e-04
1.999323458112822749e-04
2.681627890206428333e-04
9.791930923896963179e-05
-4.308895181628358273e-04
9.701016960130814937e-04
1.367688849529313799e-03
1.298530666513197929e-03
1.477246221918804281e-03
5.395451319603061791e-04
-1.855490579189877920e-03
3.632088577985026490e-04
7.772013817699541249e-04
5.375748031133387173e-04
-2.168529765227411588e-04
7.298357002061273135e-04
7.254052696414881041e-05
1.459929314695740388e-03
1.285376626531942179e-04
5.120660625075323935e-04
-2.593928586835936301e-04
2.183512200275572468e-04
-5.010904956208594996e-04
-1.496668477757312488e-03
-3.649340157461100631e-04
-9.913619724515321252e-04
-4.991107144907136473e-04
-1.209984345274639495e-03
3.130763042709094890e-04
4.198990859416440458e-05
3.148457048476327458e-04
1.320435148456811092e-03
1.537728454646059006e-03
-1.037817360916237774e-03
-1.229488752626739512e-03
-4.220354773600831777e-04
-1.047799454304776390e-03
-1.477056106162777382e-04
4.365253550016046091e-04
-2.198949151070994645e-03
-2.236155897986424890e-03
2.657927735505438704e-04
-5.433235929879209891e-04
1.745448715913866522e-03
-4.828942533248170577e-04
6.786014980073584724e-04
1.606533142703092665e-03
1.602993148752673847e-05
-1.798485215701584039e-03
3.695989257219700619e-04
1.235168831266175715e-03
9.851292034621650373e-04
8.403347722867327008e-04
-1.864890626044335420e-04
-8.715264297374236691e-04
-3.813434910218127527e-04
-1.309459099325005482e-03
-1.037477251390583888e-03
-6.874273381196616128e-06
-1.586530849226219786e-03
1.102414832444775783e-03
-6.882644089123424180e-05
-6.567516503599435396e-04
-3.498332189517672219e-04
2.655734767911255290e-04
3.450716485424720759e-04
-3.904421204838914861e-04
1.955754608287563201e-03
4.230829477065434219e-04
1.185499794261302142e-03
-2.421260040923467471e-04
1.368422106597932952e-03
-6.277090970354670674e-04
1.130733850573939492e-03
1.646385875928135789e-03
1.022484471698614783e-03
6.101944255187952137e-05
4.166173533846073695e-04
6.188983690624816347e-04
-6.163939839036736146e-04
-1.042002371248962334e-03
1.113290830078383919e-03
4.175717028820358223e-04
-3.084374918340015981e-03
8.328439151594757561e-04
2.827424590421401263e-04
-3.816097498499093632e-04
-8.713525943411237762e-04
1.689764258399062413e-04
-3.387883439835981392e-04
-6.703463199915216109e-04
1.333405457479841516e-04
5.927603692714722428e-04
7.536079162555608946e-04
2.254299000657100649e-03
-9.827820300700729206e-04
6.680621387136209677e-04
3.489937731389058939e-04
2.029611293030697539e-06
-5.685638997174891074e-04
1.354113284528724037e-03
2.113315523833092513e-03
-8.861329270359874499e-06
1.381201574561119472e-03
1.679153011914014115e-03
5.432036925880900924e-04
1.011434101792385576e-03
1.206726973387750590e-03
-1.125301888481811119e-03
2.284546437347101389e-03
-6.932186526587003073e-04
-1.074030668553049850e-04
1.402065805301555557e-03
-1.634518401556483980e-04
6.143209213853584316e-04
6.038565652766170189e-04
-9.367237721886745305e-04
1.257786562102181094e-03
1.143268632518568140e-03
1.292699186568713188e-03
1.075563572656923483e-03
8.891671516506605144e-04
2.046528201684605364e-03
4.172671297977270655e-04
1.433619246545170256e-03
4.353816981541580589e-04
5.108476342645662527e-04
1.829485154725363216e-03
2.309022001458549411e-03
-9.946746739974976492e-05
-5.702023295548475090e-04
1.278128713910753333e-05
-7.125333765121144580e-04
-2.045393082046320643e-04
5.991058544270178032e-04
5.644987055370975781e-04
-9.424994513163031939e-04
-3.822288957655572972e-04
3.308690032615135834e-04
-3.175487173348034986e-04
-1.742912260515483425e-03
-5.098364940050448268e-04
3.938949941885594441e-03
2.237224077769717212e-03
-1.125941930046892026e-03
6.673855878953638410e-04
5.415237456911636826e-04
-4.816054277276826667e-04
-1.166084785682253155e-03
-9.816703473888299669e-04
5.140317265870386620e-04
-1.138513974458188471e-03
3.798867354620760750e-04
2.468522992971067254e-04
1.907467719103994597e-03
2.763714906977021712e-04
1.491554806138939426e-04
3.396435992655266745e-04
-1.443651506711995935e-03
1.523484743366498861e-04
1.858068977669935506e-03
1.158185587288862450e-04
9.012961126741991791e-05
-3.088672465345609908e-05
1.441652619996069973e-03
-1.475453287252070922e-03
5.231851874807347258e-04
3.777060928948916541e-04
-1.092836048479428612e-03
2.325143925705486225e-04
-9.375700302376444029e-04
-3.420852582167732692e-04
3.134324495877027772e-04
-2.679647998238277040e-03
2.521509532609211846e-04
4.387510245149606192e-04
-1.021974833052885501e-03
1.112503153821498003e-03
2.142438150416703380e-03
2.876340391315679312e-04
-2.320198794221184357e-04
-1.528915949254638917e-03
6.036400688469445441e-04
8.616777849395074185e-04
-8.589534572656098987e-05
3.104508524955029714e-03
9.352499289201343657e-04
-8.309592539876842210e-04
2.815086465119964743e-04
7.980874323498809986e-05
2.921822282064834297e-04
9.582935300735950790e-04
-9.482244485536917011e-05
-9.284332817200979804e-04
-5.341328888546215126e-04
3.541169938037214138e-05
-7.860876085921120193e-04
3.450176296631024542e-04
7.380222844073358601e-04
1.622201002248635504e-03
3.467847659497369506e-04
1.287204874532488219e-03
1.842902660896816869e-03
1.533077751975309155e-03
-1.107147188162738161e-03
3.357241611869898890e-04
-9.380375734557855338e-04
-2.964874251298654784e-03
-4.355346937767734516e-05
-5.964879492386110371e-04
-5.193190597112540274e-04
1.131994993668783422e-03
1.704001057095672067e-03
6.679611785236350130e-04
-8.135063159462330162e-04
1.587147237569475067e-05
3.000565626609663639e-05
-1.188501852411594228e-04
-1.036709728483575788e-03
1.565664083360340797e-03
6.156321880654846979e-04
8.695921635648584669e-04
-2.194069729153369508e-04
-7.119051230655148998e-04
1.389198002348379646e-04
-1.185994663626122048e-03
-6.966329987925234946e-04
-1.567068782030167640e-03
7.854213781768315528e-04
2.910183864182958047e-03
2.415955251273693705e-04
1.024119419511082540e-03
9.535425375670758541e-04
-1.233509627929230135e-05
-8.308571367487971315e-04
1.446729120321954554e-03
-3.650252335627435230e-04
-2.269968663726196212e-05
1.887752216263249849e-03
-9.281227965960425763e-04
-1.758315020285783348e-03
-1.514203787776002841e-03
-6.828855772236241961e-04
-1.049118974174367835e-03
-1.114319181719114482e-03
1.396411831152022387e-03
-1.087267803721481130e-03
-1.549930698170332022e-04
2.198199646625820236e-04
-1.081542272568958296e-03
-7.390464510395045039e-04
4.950309099942540314e-04
-1.014561915561040806e-03
1.502071243021596558e-03
-7.613614547443692260e-04
-1.209631196868343750e-03
-1.367799718494655536e-04
-9.232382425108376367e-04
1.509922831407939370e-03
3.710030408810016667e-04
4.256447904373850122e-04
1.578808049087498944e-04
-3.052493038111503409e-04
-6.957702722534264694e-04
-1.153633341870463624e-04
3.716827818114332160e-04
-1.844748721010702752e-03
7.898393184544438839e-04
-8.851612266158603859e-05
2.162086485357317400e-03
-2.237583184507840883e-04
-8.348300823270982107e-04
-4.185035531734104808e-04
-2.579258087380686959e-04
-5.037375777949826272e-05
8.151338693642706801e-04
2.557765904442232952e-03
1.180161677957869415e-03
-1.117318623512275622e-03
-2.446853571185236831e-04
-4.837711094136665224e-04
8.035599132159010338e-04
-9.403394570595136059e-04
5.818835927529075747e-04
-6.237494203094051670e-04
7.886349874719478237e-04
4.118760215081618270e-04
-4.594613885613441084e-04
4.952584914854618603e-04
5.956700595923791752e-04
-3.460034239832765479e-05
-1.134851825644878076e-03
2.150798252723351567e-03
6.472604688043670507e-04
-1.737633567336249740e-03
1.132805110710899399e-03
2.524945061523897749e-04
1.266268257826830279e-05
-6.751015278294580924e-05
2.430237043096195038e-04
-7.301092997358260561e-04
-2.313097245612016906e-04
2.278966175488505996e-04
6.689442080083374265e-04
-8.081837582201156778e-04
-3.153252156724573041e-04
-6.882939926688980137e-04
1.485071928156722620e-03
8.374457870670148907e-04
1.032283775093345568e-03
-3.144791135972546670e-03
-6.651464640137216833e-04
1.353747889654366432e-03
2.001793241223293052e-03
-1.068668369313297006e-03
-1.326035456954421932e-04
-1.698246930198044069e-03
-9.536249288635278987e-04
2.624295702495782479e-04
4.390245160759143062e-04
3.460945261204440015e-04
-1.457273285748961200e-03
-6.350048387298024011e-04
-8.221963502315077221e-04
5.845008353910774446e-04
-6.833420766563236270e-04
1.835774704102011157e-04
-2.614970891596124503e-03
2.017796715174213773e-03
-1.890381264455509580e-04
-7.313401610484770998e-04
-1.532647845053913827e-03
-1.684292596642711359e-03
-1.306812502664733699e-03
-2.111268404371591245e-03
-2.600707661434498164e-03
-6.866830953189406728e-05
-8.244745332131042659e-04
4.813347879781826322e-04
-2.961320857737259615e-04
3.766012467585344581e-04
2.738991738937546216e-04
-6.562304271076069284e-04
-2.172064006276119841e-04
-9.930384280762982740e-04
-2.411062418854470479e-04
3.745929157110694518e-04
1.692115721122711136e-03
-1.381245615904136415e-03
-2.141166806047145599e-03
1.077141093723810172e-04
-4.113738066409133864e-04
-1.044828368872430246e-03
-2.384947162796802189e-04
-3.486724104544425273e-04
-6.242555776472258344e-04
-9.030947734427474671e-04
-6.027939266759485548e-04
1.836954596297069031e-04
-7.790079940384053714e-05
-9.903238500130751021e-04
-1.362039904273526503e-04
-1.761356579301764924e-04
1.504269459488227767e-03
-3.803190580220494610e-04
-9.302018621053509406e-04
-6.827188878806289551e-04
-3.250573943049950287e-03
-9.359342029375827821e-04
-2.519864821204143013e-03
-5.026366787415081916e-04
-1.340634189775036234e-03
-2.502197479798740076e-03
-6.828917479291263248e-04
-4.553440661811958279e-04
-1.640219502091699866e-03
-1.452861989436504686e-03
-7.060902710036565111e-04
-1.712829813933280931e-03
-7.238923166450472735e-04
-6.735112627893613535e-04
-2.523217225427476507e-04
-3.120633255077054358e-03
1.721680720755180971e-03
-4.093198774637318849e-04
-2.314075688540029319e-03
2.120131597205254792e-04
-2.613443259544823150e-03
-1.093271465538059317e-03
-2.295082983903018459e-04
-1.613546787634589919e-03
5.189172657167340219e-04
-2.183581497347431011e-03
-9.668283693233803433e-04
-2.056512528667564510e-04
-1.311388706813465532e-03
9.049184764047257801e-04
3.126880561112876933e-04
4.980305723709665955e-04
1.396115365714933887e-05
-9.027268529668841524e-04
-2.223144015087941128e-03
-1.063184775444980801e-03
-1.946832180213853292e-03
-1.583164620911903242e-03
-1.916557381718142494e-04
8.591449808375006825e-04
-1.531490440742633297e-03
2.068619852557684879e-04
-2.780385090226378253e-04
1.258863460941173074e-03
-1.425787892206376029e-03
1.707963975466464390e-03
-9.644616747608303342e-04
-7.407490388782189683e-04
-9.497210328137661861e-04
-1.054310449172923825e-03
9.470907070441292319e-04
-1.138387699641807416e-03
1.162938833071613942e-03
-4.176673991285184684e-04
2.238362219235678907e-04
-1.054483876726797220e-03
-1.398811487356876881e-03
-1.468479151226276258e-03
4.757382590152570145e-04
2.171915348676556334e-04
-2.358199868639498931e-04
6.635753899539853506e-04
-7.344655310539405235e-04
1.372048381756307833e-03
-1.257628566810886639e-04
-5.854884464668863586e-04
8.425958769970876006e-04
-3.445058484397023335e-05
1.467895426413567961e-03
2.029916215952720648e-03
1.438056468228143814e-04
-1.700706115528749507e-03
-1.219932407627410953e-03
6.087370230130062509e-04
8.606155598513964833e-04
-1.034860303248841262e-03
-1.582434894121131919e-03
-9.861576258596294053e-05
-1.229646969319597716e-03
1.537136399465177661e-03
7.947662613760897443e-04
-7.363325985254576267e-04
-1.348076313446355812e-03
-1.122111666932212870e-03
7.967645073714280102e-06
-1.749332640600398392e-03
-1.767106179755284501e-04
7.606083017224207765e-04
5.992855993621759580e-04
6.338804238334994068e-04
-8.507777702906338391e-04
-1.793138253066484111e-03
-1.234293774945438571e-04
1.217483130478536069e-03
-2.382464882937362916e-04
5.968049084486004574e-04
3.651880017605524387e-04
-1.448238804639956356e-04
9.118005970230047552e-04
-3.845716276835720038e-04
6.799728227024903759e-04
1.526771476282107187e-03
-1.787650237931703856e-03
9.073510887107616441e-04
4.403752242545522222e-04
2.087302095814758118e-03
2.269440587858051472e-03
4.242224947841322091e-04
2.173616186423421581e-03
4.914117592107469790e-04
2.607817004403045757e-04
2.166156560855281299e-03
9.623041224280370898e-04
4.849558264357067827e-04
1.408784820522424042e-03
-1.023908816280227896e-03
-1.675358759986034229e-03
-1.543570223681456355e-03
9.370175342540143504e-04
-9.707288623546084239e-04
4.651893326990119704e-04
9.359733557403604465e-04
1.861737626629889064e-03
1.692221758152534505e-03
1.568960288911291912e-04
1.177597052772094699e-03
2.956186906644120427e-05
7.642923852506644522e-04
1.155346337043061666e-03
2.337781928724691483e-03
6.985709387001826087e-04
-8.234115177945255937e-04
4.950445623195243172e-04
1.458966697426955506e-03
-5.291083788749872951e-05
9.718952881707654257e-04
9.871232284666131562e-04
1.664639242511256612e-03
1.278717673905305219e-03
-6.729757727301777237e-04
-5.487111045245907093e-04
-2.831210767249014992e-04
-1.001142913361618980e-04
1.128619293658816858e-03
3.612587279850698607e-03
-1.862108778545312759e-04
1.323405210233996598e-03
-9.027055387635929407e-04
2.114565961444103692e-04
-2.659366463282353266e-04
4.466255384043549270e-04
6.042125590721703077e-04
1.669018666444532784e-03
-5.464821598653024637e-04
1.634311300154234203e-03
-4.983598154033597183e-04
9.055863312539269572e-04
9.464245965236095515e-04
6.439680073704323604e-04
1.491096322736584767e-04
1.284118841286652213e-03
-6.982703188982419817e-04
1.943705501377790412e-03
7.710190119332160918e-04
6.736807058111971003e-04
-5.959885614572613122e-04
9.809559647353527367e-04
2.408491353067532259e-03
5.278912205031183191e-05
-6.192097326773726707e-04
1.157644083132236545e-03
8.349216957874716627e-04
-3.844552420217972610e-05
9.960006092395445876e-04
5.228483852177667757e-04
9.082247580143310017e-04
8.141062763171724725e-04
-9.442475396237437479e-04
3.065803842468017848e-04
-1.608515131454879565e-04
-1.657005144494627658e-03
2.301409144314092714e-04
5.929511763891337495e-04
1.345155520137364391e-03
-2.156928166401117508e-03
-2.372968288708587892e-04
-4.293705497109279179e-04
1.278120246078096045e-03
1.497411437458850969e-04
-8.432463948055968217e-04
-7.069779476434057131e-04
8.529001453776441366e-04
3.369512418325282255e-04
7.268656108301296825e-04
-9.898535380070683232e-04
1.470613101983708759e-05
-3.078510914107379648e-04
-4.614988614000115064e-04
1.857418377408937005e-04
3.714460548098763581e-04
1.201307216664559974e-03
7.304630168154524483e-04
1.934727323469331850e-04
-1.681969148371154077e-03
8.401154866080062789e-04
-6.814352561095304850e-04
-1.402615362283476941e-03
5.990055848579256548e-04
-5.914765665204768652e-04
-3.602570376797231688e-04
3.243569006095015084e-05
-1.050661261763563559e-03
-1.380472066583315893e-04
-1.095221250793532164e-03
3.360879139413519567e-05
-9.895722552921704107e-04
-1.158203374995947499e-03
8.931452251934590691e-04
3.914359307084502859e-04
-6.928750306189890296e-05
-7.061501488725419051e-05
7.833549674749473724e-04
-2.184175757899975423e-04
4.364066371354002882e-04
-1.769716599142601154e-04
1.469321189127681393e-03
3.726727037121069230e-04
1.076620058658050993e-03
-6.139252235106695821e-04
1.285613946122587947e-03
1.148102270073669828e-03
-9.876350223358976166e-05
-2.255161521858006779e-04
5.360736128723342375e-04
5.761255438208046087e-04
3.829634641334678236e-04
8.947626893553994876e-04
-8.059425829527455676e-04
1.120573311415018480e-04
-1.391744220118340536e-03
-1.836108067134967214e-03
-1.817386537210641251e-04
-3.818117191136671806e-04
-3.224484854111864252e-04
1.215073527193188951e-03
1.367765379171048679e-03
3.811483055800035658e-04
1.926070986552064213e-03
-9.488896656928424989e-04
2.492830127525547113e-03
1.118575051258785535e-03
-7.804159675353083969e-04
2.655507951595748040e-03
-9.414249255046414078e-06
2.414969319324278274e-04
-5.398332506902914218e-04
9.046865501247669528e-04
8.020459760293974227e-05
-4.535156922511607291e-04
1.021260734423989902e-06
-2.464897499998564001e-04
2.001399419392813073e-03
4.657437106421191686e-04
-9.915816659351595064e-04
1.188920907031487673e-04
1.950984592657967198e-05
-1.013889272747370285e-04
1.360723969554555879e-03
-1.447822434561096827e-03
1.644284736161960581e-04
5.734468094031885954e-04
-3.785314410253981521e-04
1.005006758131754552e-03
1.600376717316720487e-04
5.425370995693068465e-04
3.964398108973199442e-04
-1.003315521452607939e-03
9.012495808746745496e-04
7.200136714602400900e-04
1.033970750123458515e-03
-1.328613862903171849e-04
4.531124357969318339e-04
5.207723273634723427e-04
-2.049689503079932251e-03
-4.778765225024184105e-04
-3.150815495003289612e-04
8.555986202329890489e-05
5.991798666782344185e-06
7.351873434473521485e-04
-3.704919597602440717e-05
7.701794226631086815e-04
4.427430735356452374e-04
8.017184591091464085e-04
-9.851928659323494486e-04
2.659386362791060776e-03
1.818275757476728316e-03
1.230699266674184500e-03
2.121104281320729257e-04
5.367473568791414351e-04
1.091573102061760281e-03
8.196458432987441256e-04
9.421407757059796495e-04
-6.841095935699037511e-04
2.585811761720790969e-03
1.823508405345286576e-04
7.420683421295315441e-04
7.131818919945409618e-04
1.102412842916900004e-03
1.045816456791026638e-03
-3.120240818201835964e-04
3.373917655924429937e-06
1.869722741032475710e-05
-1.180690883419543979e-03
2.974030414852446569e-03
-4.771411471338193877e-04
1.725015427223031139e-04
-2.149911227539602621e-03
6.415962934387398064e-04
-5.311315512648295822e-04
-1.834579661752488988e-04
-4.185178940985245788e-05
1.331593886016335659e-03
8.560081280324371988e-04
-6.718918506709581351e-04
-3.694395377060732955e-04
1.594612485107838040e-03
4.839610138818173368e-05
3.139007664718640456e-04
-6.558505728173624760e-04
1.194357743237617342e-03
-3.279378952683043025e-04
-2.760489948332445209e-04
-1.825539035430479018e-03
3.000436890050472982e-04
3.786554038196499050e-04
-2.292967540629575751e-03
-3.107591795026287684e-04
2.102044140046555043e-03
-1.652753110268356807e-04
-4.215795508468733743e-04
-6.849704195317496414e-04
-9.361332739363792399e-04
-1.679950435121702057e-03
-5.185587133762492584e-04
-2.275895296246721600e-03
-1.145605425707074687e-03
-8.835580770951700913e-04
-8.232994224979250930e-04
-1.217697108470749967e-03
4.943733246736137232e-04
1.689538491567166290e-04
-1.267570685504093575e-03
-1.469290981771509408e-03
-2.639131705766128988e-04
-4.459727864780660411e-07
-5.232406558521862650e-04
-7.558155737632521465e-04
-7.413847518653593482e-04
1.363103347851168934e-04
-1.306731373075908920e-03
-1.014470085115792841e-03
1.005551948276561802e-03
9.787245583381398717e-05
1.623497078382385439e-04
1.337301271855384499e-04
-1.324925111847674586e-03
2.209566201836210553e-04
-2.588452738432778233e-03
-9.771995623131246589e-06
-1.644448572910128803e-03
2.224600739031412644e-03
-1.135422726667334459e-03
3.694587252911496478e-05
-2.075529476796234007e-03
-4.442514211184800388e-04
-6.934226950325861338e-04
-9.360071054602681073e-04
-1.993018891649711577e-03
-1.390687903825016392e-03
-1.581958651683867956e-03
8.426957821330294252e-04
1.447597718535753586e-04
-3.531920011745626198e-04
-7.468296011421404756e-04
-2.599254781343596221e-04
-9.863622623829115810e-05
3.560851031532141775e-04
-6.134894444240757139e-04
-2.289685757750348216e-04
-3.504384150807560161e-04
1.073994032230185525e-04
1.301011635846505143e-03
9.375436984004892338e-05
-5.237684791103980331e-05
-1.121274805265803920e-03
1.062693955083737762e-03
7.425071648783365674e-04
3.179824037202738651e-04
1.121749485782697064e-03
-2.160498493278373289e-03
1.691902930300859254e-03
-1.312966915303359627e-04
-8.642450846729765601e-04
-2.359203549527011390e-03
1.124573869470957277e-05
-2.732411921064770155e-04
-2.390991347176463222e-03
1.764276250941554380e-03
-1.867517379612326778e-04
1.734341221324431359e-04
-6.848539211268267479e-04
-2.248561500650669842e-04
6.078613047140191128e-04
-2.117230325972885296e-03
-1.967095989240830178e-03
-6.293583910177424912e-04
-8.724501808761164767e-04
5.520646666605788511e-04
-1.075444255518975822e-03
-2.536438235982707567e-04
-7.246283324988667118e-04
-1.290577893576116963e-03
7.251649883466271262e-05
-2.289636741083178606e-03
1.759520808030323735e-03
5.882035522011275219e-04
8.257808364662277967e-04
-8.159860639838090179e-04
1.448346685295476277e-05
-1.906295578737893237e-03
7.835625669792012360e-04
1.608729326258329095e-03
1.639795900945761886e-03
-1.335560756142939454e-03
-2.205575708839502269e-03
-1.701198951469251597e-03
-1.130250500887441945e-03
-6.382265134790010563e-04
-4.364712432123329933e-04
-1.061344966979405058e-03
-3.807802857618280967e-04
-1.330472941939220277e-03
-3.448069783000828892e-04
-5.790320487597533372e-05
-5.456704028421466290e-04
1.011177934824303293e-04
-2.978210542035064634e-04
1.340318204492429999e-04
1.168209354343918704e-03
2.330313062448574613e-05
3.586654797462784927e-04
-1.100966230549671465e-03
4.433682701954211325e-04
-3.260601871100110571e-04
1.151566713298635136e-03
-3.685455165232109920e-04
1.997658530033419311e-03
-1.268200094552307533e-03
-1.480091340720912640e-03
-4.095536286463641318e-05
7.018762215871277022e-06
-3.681861232422978247e-04
9.937630319312162896e-06
-4.264298099565522193e-05
-1.170379586530323479e-03
-1.876757706259724046e-03
-5.360313733910881950e-04
-6.734120256761677581e-04
-9.623095495403521937e-04
2.873783743349234143e-03
7.066339125811893496e-04
-5.189956468925061017e-04
8.680551829243210449e-04
-1.053381629314120715e-03
-9.798115068315738085e-05
2.601256138645702265e-05
-1.784664286706982850e-03
4.983986791697869734e-04
3.601336977121505356e-05
2.791290995382444962e-03
1.510071046061822742e-03
-2.176607669334362782e-03
-6.202050210872833702e-04
-2.375796974272148532e-04
2.473842923869096211e-04
5.394577672581668537e-04
-1.179001858564454608e-05
-1.128347727434864112e-04
6.274140557935847795e-04
8.662924352149659057e-04
5.401053762219554244e-04
7.395866877675238982e-04
-1.192386671533096631e-03
1.128627120035030629e-04
1.479765150733891588e-03
2.318190812643727838e-03
1.406163247876568434e-03
9.771039966341987792e-04
1.149343193733276536e-03
-3.897856413768163719e-04
2.673038444360731347e-04
1.899014775184060255e-04
3.043378880531744102e-04
-1.519249204088080063e-03
7.322993949505640643e-04
7.267295064299350571e-04
-6.334435560115814212e-04
3.030300841611044405e-04
6.324239981296830848e-04
7.767216227543283225e-04
4.920803188961375696e-04
-9.740077414615022633e-04
-5.190877535228288764e-04
-3.456809447532904755e-05
5.458089875065574859e-04
5.253241007683318031e-04
2.219097663909153084e-03
6.001446351366901411e-04
-4.507840878691382613e-04
1.156410026623699849e-04
7.955304979101462948e-04
-1.040215609013017684e-03
-2.941602165071888209e-04
-9.303805596336811590e-04
-1.189827580876379187e-03
-8.523930423061099049e-04
4.626897264585760894e-04
-1.776366567396436835e-06
-3.145032311933082525e-04
-5.496200646963878000e-04
5.409560695954773735e-04
5.289254420368649789e-04
7.846921289953456835e-04
7.645841326837654606e-04
3.467913768495645144e-04
1.365702756482400915e-03
-7.913997912132320067e-04
-1.606183393120241831e-03
6.282127621295430231e-04
1.740539576194244376e-03
1.526314911966641930e-03
4.306405952707592633e-04
1.690029014042249145e-03
-2.336488385656920741e-05
-2.885095026883277569e-06
2.375256968760730558e-04
7.554308778781049227e-04
6.683986577333822510e-04
1.117117775626397247e-04
8.882637990084152335e-04
1.101324854513530127e-03
-1.850842446384781681e-03
-2.635301080819996145e-04
-1.315414748300325343e-03
-1.027459690690069039e-03
-4.617951473688819419e-04
-1.535453436085409962e-03
-6.709696258482278353e-04
-1.628854856980943566e-04
2.958277120208574473e-04
-2.151681226409962733e-04
-4.857104243782828235e-05
-5.813982297397934929e-04
5.754711054775096812e-04
-4.709650220700023482e-04
-5.113714365749810753e-04
2.517413077893770890e-04
-2.836172591640373497e-04
8.077976396814179338e-05
-7.192833853981728254e-04
-1.263874252438013102e-03
-4.974034243254710219e-04
-2.061799619619275603e-04
1.912785810907147166e-03
8.196964749893620450e-04
5.256961012936045563e-04
1.036188414810235159e-03
3.587169273251422652e-04
2.880010088146089942e-03
-5.914448521140425186e-04
4.679606045498996281e-04
5.968040877468716587e-04
-2.914988669739937421e-04
1.913870371859971442e-03
-1.867654453872713560e-03
1.602168161326966711e-03
2.071652461501649611e-04
-6.859486538268733113e-05
-7.092987243244586182e-04
8.335435883013442293e-04
-1.047033176596823267e-03
-5.459840360333423348e-04
3.572032056320395554e-05
-1.075202869439184639e-03
9.064999164538622978e-04
8.676294276845908371e-04
6.034211376970688434e-04
3.451715745794725620e-04
2.017541496540875556e-03
-7.596931203133205912e-04
-1.548793407383675103e-03
1.113550560634113396e-03
-1.303192669745989463e-04
-3.391666769569923190e-04
-3.661564410157858163e-04
-4.336476045059267648e-04
-3.530588886668795112e-05
1.763213987968637042e-03
-1.839903700554978982e-03
1.836864454003439562e-04
-8.205109216559147711e-04
-9.173744747625889318e-06
1.939626851237274963e-04
5.401892384993001173e-04
4.209828403056725676e-05
1.076550075986837385e-04
1.080746667393439608e-03
-9.245395149837243309e-05
3.937448345923133530e-04
7.230959188242458424e-05
1.082899270243853351e-04
-2.289027272539545521e-04
2.443134395522239544e-04
-1.184964171066171801e-03
3.030282125748851030e-04
8.127051612081270804e-04
1.146348903402483188e-03
-2.979015202368984205e-04
-1.168094348627635171e-03
8.411016652150049566e-04
-2.516499796398674604e-03
1.517194400382226860e-03
1.291570728442437144e-03
-1.623820391529751106e-04
-1.244211620323953937e-03
1.124139799348888857e-03
8.641913623250729870e-04
5.332201935284164307e-04
1.350992162218789261e-03
4.675742288533513147e-04
-6.116079017064457446e-04
-1.037747626066121143e-03
4.870057853769704792e-04
9.049562531995292147e-04
5.335338431822211902e-04
-5.553353590466159062e-04
1.351834838691834406e-03
2.030749796331221546e-04
-1.038616866355646096e-04
1.602837601886619723e-03
6.058522972811619667e-04
-6.388409699624730820e-04
-2.144743333227783211e-04
-1.974856748965247988e-04
-2.532833003479062484e-04
-7.090152452127185256e-04
1.872714704391764684e-04
-2.767198571509421612e-04
-5.075870268640425564e-04
7.537500020937670797e-05
3.917078454371836216e-04
-1.559843751848477567e-03
-1.387292141416418545e-03
-2.176248868999808295e-03
-1.057826138853190656e-03
-5.035738677454659751e-04
1.662486146046582292e-03
-1.875928004386517856e-03
-2.540803204491792755e-03
-6.793040951473816591e-04
1.142183168605370724e-03
-1.430523187193610823e-04
-2.951395254005007018e-04
1.745450092980771473e-03
-8.035670374844094965e-04
3.630799478506752109e-04
8.079263539615411105e-04
5.498754376735970339e-04
-1.191680748155787839e-03
1.629280159851420606e-03
-2.362938199766961844e-04
-3.533849771029107245e-04
6.423550239842423792e-04
-5.817747945311424473e-04
-9.132202490282903540e-04
-8.444104237730343243e-04
-4.524288273262122573e-04
-3.655969732812014428e-04
-7.503601055329767178e-04
3.343523016015037541e-04
-1.241059889655726778e-03
1.003462922992914841e-03
-1.227637865176323118e-03
-2.559565581343736795e-03
-1.419966904947278508e-03
4.594594834703702446e-04
-3.122457547954926582e-04
-7.932432599222494218e-06
-1.219467627498360685e-03
1.230994549997088683e-03
-1.789955705097767691e-03
-1.086931583464512130e-03
-2.619870961615422544e-03
-3.468626723444057092e-04
-1.785817128717503977e-03
-1.550416826146205906e-03
1.468903190829484728e-03
1.346224597816636503e-03
1.781829926033040579e-04
4.287257785475784289e-04
6.675610612514315534e-04
8.685183337053814512e-04
6.083961824998596057e-05
1.177212453677967119e-03
-7.186673928645248566e-04
5.613075486452512308e-04
3.347932004245102178e-04
-1.328785361763173967e-03
-9.650369362375066373e-04
-4.751558351878681918e-04
-1.297537832061212981e-04
1.300069122102343044e-03
-1.946027201502165127e-03
2.441159939258197298e-03
-1.618114451185093117e-05
2.613894212728506972e-04
1.213347560808264447e-03
-1.755772963819124399e-03
9.488437478848421591e-04
5.794118329756070551e-04
-1.119426530752365423e-03
-7.103463385482733372e-05
1.394152326607889236e-03
-5.306520173906648097e-04
3.531938975895876354e-04
-9.884175438694686733e-04
1.204786685202074992e-03
-4.463521281992122169e-04
1.161602564737185261e-03
-2.081481465856516166e-03
2.227566507870815116e-04
1.587901723851814495e-04
-5.438462858102788289e-04
-1.781728470915400209e-03
-1.092307170709405639e-03
6.500393233515033842e-04
-9.636726037420828561e-04
-1.494082722129697061e-03
-1.212098807957806557e-03
-8.172692280268289977e-04
3.711699469381990468e-04
-1.099548323241439363e-03
2.397591012355260176e-04
5.042233721996858264e-05
1.871733948451748120e-03
-1.624841109994390465e-03
-1.376733934618457056e-03
2.450256197150668669e-04
3.110221925426426282e-04
3.491144254710309980e-04
-7.562721739973188306e-04
-1.251574300394464601e-03
-1.782766785600742310e-04
-1.628483974607464191e-03
-1.914523701120662835e-03
-1.680818468267064603e-03
8.103664286156497809e-04
-6.784753851949432146e-04
-1.412669931450949434e-03
-1.431062367037494454e-03
-1.623157713006584402e-04
-1.226320410328440857e-03
-1.480170357777144119e-04
-7.937935896804582114e-04
-1.333355440347183674e-04
1.048058568478227315e-03
5.961396310159017276e-04
-9.443243951678947923e-04
-4.615323797769743663e-04
1.235624381561439833e-04
1.486077422601539411e-03
8.857505172470414578e-04
8.866396185667202445e-04
4.474635863791487367e-04
-6.772319830472550706e-04
1.462622328262996874e-03
6.658886958386123212e-04
4.930265227796049032e-04
9.101498924102280341e-04
-2.521599010822939135e-04
-1.596135933552789155e-03
6.450487933726822831e-04
-8.231029434069281336e-04
-5.195823047958736396e-04
2.925251189378474947e-04
7.676556147824253884e-04
-2.558300344968067463e-05
-1.838581309713704925e-03
1.606615357412577438e-03
1.383457930512754785e-04
2.802346761106022655e-04
-4.051257806279018325e-04
-7.987178508714887215e-04
-1.344616426805389509e-03
-4.742812813887109513e-04
4.886973714159914550e-04
8.504735274208474749e-04
-3.937877975548342846e-04
8.118167894797245765e-04
-6.803434777378214449e-04
-4.873132422544834697e-04
-2.352049843357129078e-04
-4.925199413905456680e-04
2.068590368667244661e-03
-1.187881932072532010e-03
-2.938681046701807631e-03
1.354573273038228720e-03
-3.190629481437667891e-04
2.027458555970085285e-03
-1.994239442559830877e-03
-4.940280794778484363e-04
-2.551197912132874279e-04
7.936335965386120961e-04
-2.261554637867035922e-03
1.920452647065085117e-03
3.490760278768156866e-04
-2.234236743988482488e-03
-2.880648095773263861e-04
-4.729157789131743783e-04
-8.176769568333241978e-04
1.030755083712975306e-04
-1.715331980030043724e-04
7.288864973484798782e-04
-2.222100279092309449e-05
-9.994731523284006158e-04
3.484640015139817137e-03
8.295596285858852781e-04
-5.060705258310704835e-04
5.796501803565501376e-04
-1.106543662416026308e-03
-2.071775881180570877e-04
2.348188257482952679e-03
4.150743785626964666e-04
-8.640084372526501966e-04
1.079221819876963195e-03
3.323333580720344571e-04
4.861933947613028550e-04
-1.623323753849437168e-03
1.029794258220473324e-04
-6.834796054377978436e-04
1.364690655376588069e-04
-1.529126665071434132e-03
3.311553646585529975e-04
-6.424251108052558834e-04
1.370460916170879173e-03
-9.862400741238452895e-04
7.353331203932000903e-04
6.229926693677168004e-04
3.799204311965009850e-04
-2.345262338172560135e-04
-6.190346561896209465e-04
-8.548535414327762538e-04
-1.263712993658794304e-03
-4.108474233035508405e-04
-4.915930552185088231e-05
-3.562705535475885199e-06
1.371488040673662923e-03
-1.148780572592489335e-03
2.197357876927208409e-03
6.069757979962897565e-04
6.796998008951060655e-04
-2.694228798796327595e-04
6.162982663624472224e-04
3.763013139306270460e-04
-1.746941626398212932e-03
6.098029538539329053e-04
-1.007806755235929330e-03
7.193842484509715973e-04
1.729604884818991550e-03
-5.485668873608240403e-04
1.310505739693823557e-03
-1.006735809518488622e-03
-1.080408682448963376e-03
-1.799137545048790088e-04
7.295598305003814232e-04
-1.215328122714742776e-03
3.751968811316341856e-04
2.473914121874365435e-04
-9.739290774901654402e-04
-8.285889594714657136e-04
2.764950180387915069e-03
1.185749717812045745e-03
9.752349655307579468e-04
-5.337863016492416790e-04
2.867457907171910847e-04
-1.901905541119575105e-04
6.633374313262940802e-04
-4.200688055249202080e-04
3.292939452315124527e-05
5.441501384577662748e-04
4.372936094185764233e-04
6.772776202552677205e-04
6.196519178063297772e-04
-3.380987965624360214e-04
1.426057516385359492e-03
6.269461652281815844e-04
2.836071305173382129e-03
7.552852339220983424e-04
-2.441302659934585506e-04
-1.701430081109123194e-04
4.020146351344511260e-04
-6.111256541163623268e-04
2.457116265370817842e-04
-2.561432608871871963e-04
-1.445494246967271579e-03
1.510966893655485421e-03
1.841297089067772674e-03
-2.289969899058608149e-04
2.420641176297255726e-04
-3.199420515254125519e-05
1.245199865830048935e-03
-8.743160560653606694e-06
8.914518409421923195e-04
8.485332050003346893e-04
-3.729599959751972449e-04
3.940994362761074399e-04
1.605702879952985995e-03
2.277914030341054996e-03
1.201880353031370419e-03
1.536681774853665416e-03
4.548709993219546277e-04
1.404992873472288295e-03
-1.749453931438660348e-03
-1.322714453588780259e-04
2.028146179053447185e-03
5.776691172525438844e-04
4.363518882177785940e-05
-6.192547244121548999e-04
1.955433936642547721e-03
-2.152977097455988087e-04
-6.064323540062588336e-04
1.515932073093084753e-03
-5.486772048335364360e-04
-1.701888828333553150e-03
7.726909102354628800e-04
3.341078982888046056e-04
6.957738923376588502e-04
-4.201858036663175255e-04
1.114243329976005725e-03
-1.268337002038322225e-04
-1.589685498871951097e-03
-2.312727741693443306e-05
2.567073971113664754e-04
4.227297866545853822e-04
-1.548277139162834715e-06
-7.918048982391567847e-05
-8.946468918036298845e-04
2.140259364396435160e-03
-1.350580307775572919e-03
-7.474207825326484311e-04
-2.700581400314039371e-03
1.356495916456923467e-03
1.640996799032734543e-04
2.917205861231009223e-03
1.066892475903413740e-03
-1.604920214888228003e-03
-3.948254390082617249e-04
-7.936269092561065719e-04
-1.728429440637002656e-03
3.923112813248863517e-04
1.142046325738554913e-03
6.151908669398409302e-04
4.720928565249415954e-04
1.671188694431169353e-03
5.552609865313584692e-04
2.889613932215207015e-03
5.709706676202408460e-04
1.603761541261627954e-03
5.808615613227541274e-04
-9.013923611200791441e-04
5.425618593910552789e-04
-1.814908550883398419e-04
7.817616184893072528e-04
6.503650169784602753e-04
-9.357891612689073213e-04
-4.176420562662652713e-04
1.626632987206999559e-03
8.767173704637976073e-04
-7.108465607148506393e-04
1.588319161532236734e-03
3.642727203840845362e-04
6.441341299101566165e-05
-7.642339593132430053e-04
6.018869893098521828e-04
-2.518604664869528165e-05
-1.000509025083529124e-03
3.084204709511428888e-04
-8.974382331983221661e-05
-1.691659878827467267e-03
2.037651914827742772e-03
9.550018374211433070e-04
-3.199491313459201791e-04
-1.570433785011537964e-03
-6.346065971492009794e-04
6.796061490776938996e-04
7.905396595186964248e-04
-4.126047027044332793e-03
4.485471071815627653e-04
1.634146435280703358e-03
-7.050049821084591883e-04
-1.850168252523820556e-03
-3.133243561670440158e-04
-6.177274831653534193e-04
8.023056940664741177e-04
7.939173545541411414e-04
-6.743977298209191673e-04
2.240556154446071702e-03
-1.775776267876061354e-04
2.499924486283777725e-03
2.330658829330367610e-05
-1.839969898280724436e-03
-1.297199124015602223e-03
-4.110015129192845507e-04
5.833665018615263875e-04
-1.358260458935722781e-03
1.530208858151471674e-03
2.814514837679027437e-05
7.241621011018217757e-04
1.107422992154827313e-03
1.425479561811826557e-04
-9.407984040870065456e-04
-2.011952069626010697e-03
6.484564420983218724e-06
1.587240393837729968e-03
7.648812217646572265e-04
3.579998435268016976e-04
6.910253156788837003e-04
-1.847861895045710412e-04
-5.015665765699672818e-04
-5.375484362115656722e-04
8.329715331234499587e-04
3.069283682011203496e-05
1.571856211850519713e-04
1.987113002789753224e-03
1.183686657763693972e-03
4.079147013156259050e-04
-1.488498852728170618e-03
-1.559102785160249027e-04
1.881078376465339375e-03
-4.857357988536925575e-04
-1.640774557519764087e-03
-1.442394894739962297e-03
-6.668312923743258125e-04
3.105721806559991194e-04
7.274061704134471285e-04
4.173800349009937349e-04
-1.903420726684368347e-03
-3.786496613500389685e-04
-3.015458704151985359e-04
1.630273806708659734e-03
-8.281488933918890183e-04
1.036227989175131370e-03
1.436115435550666675e-03
7.130474758796356838e-04
4.333448780986515203e-04
5.968289684059602251e-04
1.548475026302842394e-04
-4.736657849793157737e-04
-4.960654591190660767e-05
1.345117030252085399e-03
6.904860986485239494e-04
2.527074992815458998e-03
-1.201044333255074648e-03
4.602678854939146191e-04
-7.731956068042222796e-04
-3.357909878622944433e-04
-4.831439346455468353e-04
-1.384442974988964181e-03
-1.325753606376434135e-03
5.835091290911087469e-04
2.887521544434390464e-03
3.142178391475347610e-04
8.968153627209041190e-04
3.102247159316728897e-04
2.982666711126569226e-05
1.815109356698707543e-03
6.484286441397202339e-04
1.883054620550606018e-04
-1.091836785965139001e-03
4.106168493511752615e-05
-7.843467255326252996e-04
1.366444269636390985e-03
9.696830782350840394e-04
-6.568831605411329377e-04
1.185626327062649921e-04
1.705500565639006538e-03
-7.797993671243563796e-04
2.941882357629932443e-04
-1.667303471168946061e-04
1.651717251362372352e-03
5.857036219112377040e-04
-5.840633480380663656e-04
1.058679338536316905e-03
2.977044427323605191e-04
-2.226452229114883608e-04
1.393457540816989138e-03
5.026677220927311396e-04
4.938006668113725794e-04
-1.049796472292197080e-04
1.465329794003711328e-04
3.964682289083754085e-04
-1.290638295352808385e-03
1.505061096916060492e-03
1.689877151951790779e-03
-3.850659320014937492e-04
1.163650576732511155e-03
6.573512855236884889e-04
9.152402611189991433e-05
-3.025165601977519714e-05
-1.126395320562245672e-03
-2.989623787745809835e-04
1.428238696837835775e-03
1.554488675734821967e-03
2.625031949104572604e-03
1.360180595800564163e-03
9.069259564471465751e-04
1.181567383819803752e-03
8.275278127622964774e-04
3.117586260157345635e-04
4.872777423066132485e-04
-2.654314649439770690e-03
-1.376385908768984478e-04
1.438597292543031259e-03
-9.990564541539903587e-04
3.611828402694250428e-05
-9.758737414355955764e-04
-6.178928672739836259e-05
8.460417634792438690e-04
1.643633506907216102e-03
-2.526789051822131427e-04
-1.689463240801991617e-03
-1.271208039399063239e-03
9.505254716717370655e-04
-8.431503391523875734e-04
3.755823540958491691e-04
5.940446098691154475e-04
2.214381308763169187e-03
-8.790008890586786805e-04
-1.301230330068126051e-03
-7.168861648305657752e-04
8.781018597441292428e-04
-1.109723860481359736e-03
-1.582591673271682708e-03
-4.215622676266850277e-04
-1.663631478546756526e-03
1.284151925226240110e-03
-1.090797606477789117e-04
7.413366170592183835e-04
-5.144984099640925734e-04
-2.709704713331095860e-03
1.242651214270473758e-04
1.697688769034089162e-03
3.454049394191471833e-05
-5.836792619162700646e-05
-6.743835028011346822e-05
1.391157152738742298e-03
1.165017359588071955e-03
-1.189941551025031075e-03
2.111297062801664737e-03
-1.022126012372837067e-03
-1.310323398051371768e-03
-4.616632203504611454e-04
-1.157605889590129777e-03
1.454924444896921187e-04
-3.213762743550230283e-04
-8.232636518104019530e-04
-4.791559062344852293e-05
-1.729152887732121613e-03
-2.722290582048536578e-03
-2.441766892788077570e-03
2.705849612403277149e-04
-1.567703084587313000e-03
-3.830272592229011508e-04
1.187755630383202643e-03
-2.192468275704850811e-03
4.330181503233720974e-04
-4.583482650697412453e-04
-2.169438858296235395e-03
4.480572124350157281e-04
3.742837887898975424e-04
-5.211481130067419087e-04
7.150097769734742315e-04
-7.902282361516022036e-04
1.461642242772676070e-05
-8.897143891972714158e-04
-5.785123846995254837e-04
-1.182037398304025544e-03
-8.211887337568057887e-04
5.808165907428275432e-04
2.413129220049770041e-03
1.287586201532020524e-03
1.197474624345717942e-03
-3.632565274078736195e-04
1.056332200442211544e-03
4.342869668434445884e-04
-6.790478096609930958e-04
-1.188501417126452964e-04
-2.179003186904004963e-03
2.391665523959751738e-05
3.825715268639395816e-04
-3.908111091428523309e-04
-1.527439339636949001e-04
-5.643334464271454465e-04
1.022729017632340032e-03
-8.027814462652216321e-05
-8.218239699742113658e-05
-6.578372104637519868e-04
-4.276435265799793939e-04
1.443813028751295136e-03
1.663697936181263159e-03
-4.632942592430744355e-04
1.360619264381135451e-03
3.343665655946015391e-04
-3.635827672869851312e-04
-1.241234184168327204e-03
1.019976866148297745e-03
-7.186750360823612738e-04
-1.091240153385353295e-03
3.974545988474353919e-04
-3.691961560829959410e-04
-3.100710623633595731e-04
1.230195583588056252e-04
-1.572251794164314376e-03
1.068251968292299736e-03
3.027990933088808845e-04
-2.818627339185031389e-04
3.919524701496701624e-04
1.107786368527596821e-03
-6.760570064070492435e-04
4.800516928766818125e-04
1.302686269686992304e-03
-1.127589058338651640e-03
-3.827999111409852162e-04
4.666958577956847876e-04
-1.077987293684801173e-03
-3.642980648732585536e-04
5.250313332427758439e-04
8.654368788441058058e-04
-2.391666906219169775e-03
9.339292052210623751e-04
2.556595464225042136e-03
8.203229518992660729e-04
-1.531678988888618420e-04
-9.013397439372461406e-04
2.388820983920680874e-04
5.153110622464485147e-04
1.307922974894903945e-03
-9.644558325099250595e-04
8.550863338414593784e-04
1.407591806224628428e-03
-1.573188034260208923e-03
4.527982363944360600e-05
-1.349007901512599972e-03
-9.640699869779556508e-04
8.012549619731412776e-04
1.295470571003987104e-03
-1.582507782382780448e-04
-1.990892078968409251e-03
-2.503428289766684856e-03
1.845484331050695204e-03
-3.921472190531183344e-04
1.527712044591567064e-03
1.635624951600522792e-03
-5.580252752419578854e-04
-1.515364226023496741e-03
-8.436287259545593997e-04
-4.081447622210632176e-04
-2.857093005812494368e-04
-2.767866489932213625e-04
1.173060750095489269e-03
-2.131432081726725158e-04
-8.902353928721407073e-04
2.421391902687197728e-04
-4.011129368168830922e-04
-6.269708293540343647e-04
4.815948987439977458e-04
1.029499843767656131e-03
1.384445866139394354e-04
6.613969547386577830e-04
1.289954768084022874e-03
-2.613991019460915055e-03
-1.791609915557934585e-04
-6.978953706968660242e-04
-5.254848531777156495e-04
-1.136164893652091834e-03
1.191148168085964798e-03
-8.318019687776345705e-04
-1.118404831476738082e-03
-3.717625382360090214e-05
4.528842372111263614e-04
-5.561359782573216393e-04
-1.980623102280087977e-04
6.565540989047491394e-04
-2.367233122329004402e-04
-5.470438215264827875e-04
5.790082052685718850e-04
7.499425107462265316e-04
-2.400889993604105044e-03
-9.261938460563001740e-04
-1.090155892891075951e-03
-1.186387607012617806e-03
-4.205559584562479358e-04
-2.750291003359661701e-03
1.819397973785719103e-03
1.192845287003807542e-03
4.428364037478704773e-04
-1.280860288747298625e-03
-6.828427708374107397e-04
1.215827957056214714e-03
-1.719819498083197118e-03
4.611896414170590930e-04
5.340665180342263341e-04
1.849803653833470563e-03
-9.917552015670239030e-04
-1.667315800647051205e-03
-1.661037594087977354e-03
-5.042484981796491184e-04
6.443932236948057835e-04
6.856033643010128742e-05
-6.319697945498248259e-04
-2.508958708304920293e-04
-1.187669605328567357e-03
9.779453794351855578e-04
2.539438887492195818e-04
3.994339705823968245e-04
-1.371480678150849286e-03
1.465899249315727459e-03
-1.100131604784282402e-03
1.508184685281577231e-04
-4.444455620558063202e-04
-9.354140721971049288e-04
-2.028739783772604000e-04
1.219119143094360425e-04
-1.268990946261983055e-03
5.699213482164289246e-04
2.789646350512819950e-03
2.451663395137693158e-04
3.104699235902952381e-04
-1.593577563461234803e-04
1.083315390329353534e-03
-7.882942448240726208e-04
-6.959384451037387009e-04
1.359491392504352802e-03
-2.876623994585436606e-05
5.542304560501865041e-04
1.111260582224771198e-03
-5.400368703696312167e-04
1.402588150731354233e-03
-2.093319943528459959e-03
-9.442507644317199578e-04
1.251892257134734621e-03
1.647695133793591893e-03
1.262717313566863453e-03
-1.543207077390640336e-03
3.326501222837840999e-04
-1.293168699984637016e-03
5.922171232519701789e-06
1.197436221058723049e-04
9.481418680250541797e-04
-9.102404106400285855e-04
-6.581211230758388098e-04
1.430570830945443461e-03
1.122741280733086100e-03
3.981743718561858714e-05
2.013168845578672261e-03
1.232304729164468426e-03
1.211142612221438597e-03
-2.427958009068031942e-04
-3.523944346039975528e-04
4.992270183186153787e-04
1.474604480167229781e-03
3.638929822136205416e-05
8.706091013592764938e-04
-1.099811124003702290e-03
1.343626073466941406e-03
-2.747982099147172619e-04
4.859376080168509304e-04
4.466827886513424772e-04
-3.154123687903354067e-03
8.935403104990413681e-04
-2.032873880577490411e-03
1.742063253459047445e-03
-1.571449558899873367e-03
1.661791057325334720e-03
-2.087145833058468014e-04
3.834039952510526206e-04
-5.319797043108476231e-04
-5.821329730046898021e-04
1.105038545466507927e-03
8.556493590656799597e-04
1.050911609616234088e-03
-8.262397880671734640e-04
-5.596803949701190106e-04
1.596460578598968283e-04
1.291202669127411440e-03
-2.716427799440701563e-04
1.514631814294453704e-03
-2.534548627390886821e-04
2.402780264234571916e-04
6.069031986011275137e-05
6.617091129146324135e-05
-1.635819315674691410e-03
7.955277209805711180e-04
5.589749975107860536e-04
1.126151893063642717e-03
-1.440375513599434498e-03
-2.746945339648920736e-04
1.131204755520975880e-03
4.195120415808606396e-04
1.073623015794389346e-03
-4.035961754924599632e-04
1.049014725173380569e-03
1.802643165312423079e-03
-1.026089481988456953e-03
-2.992870299927119504e-04
-1.014748876219551121e-03
6.027410787043940843e-04
6.732068286070536089e-04
1.103359794422775764e-03
2.290817699780900440e-03
-1.019641695247708313e-03
-8.273163503471625546e-04
1.662498179014981758e-03
-1.555946766840010653e-03
-2.203118278143456621e-05
-7.453112860396071682e-04
-1.297259017476237730e-03
-1.013488822647623522e-04
5.644614109423518045e-04
6.838204072150411150e-04
-8.655885226283022149e-04
-3.123105082929455989e-04
2.855713946310345364e-04
-1.587702271847124535e-03
-1.470007261696437695e-03
2.422351079056639378e-06
-9.120064886727341502e-04
-5.332092838656876665e-04
-1.528664112055544422e-03
-1.305622323039656862e-03
-6.155035914359174853e-04
2.784056631164322226e-04
7.688526495335246125e-04
-9.332350300050862302e-04
-4.802672200949764658e-04
3.809056899872764745e-04
2.127583980999769864e-04
-4.624552402081594238e-04
-1.039373819358369033e-03
-9.625205887522358950e-04
-1.497182927957751986e-03
-2.156993578261490185e-03
-6.408065058520762136e-04
-1.579058949725320460e-03
-1.435350692016168495e-04
-1.190974918251264114e-03
-1.908109905506272241e-03
1.168935183175845438e-03
6.941752868878658944e-04
3.587950956172036854e-04
1.044154697946275689e-03
-1.883377895451676665e-03
-1.778105570559018744e-03
-2.651180266464159274e-04
4.573494165016622759e-04
2.547052881730849094e-03
-7.281949534247988964e-04
-6.988262260860800268e-04
8.161456296955638123e-04
2.240781504353028808e-03
-5.881565836716173834e-04
-1.561906761084586037e-03
6.667798745354502898e-04
-1.749769701197667615e-03
-1.628434479608031893e-03
1.207066987288341053e-03
1.012826759478890892e-04
-1.269357963480377549e-04
-6.061694746313239790e-04
-2.626844628486058042e-04
1.344376366583688309e-03
1.920621559967639058e-04
1.595068418263956289e-03
2.919441608915107622e-04
-1.691360678601094847e-03
-4.078617609564183510e-04
-1.401915506895168306e-03
-1.516508322008114362e-05
1.427519952069689069e-03
-1.224831160779871198e-03
-4.069446427532596999e-04
-8.489700501028707436e-04
-9.824255489887523396e-04
3.995316154667971631e-04
-1.064579853184532965e-03
-9.003275121566289840e-05
-1.968573264546247259e-03
9.182547273072216854e-04
-9.668238326838718422e-04
1.311438984991086798e-03
-1.009073484431244339e-03
1.311746621658116396e-03
5.037513877270693996e-04
2.577304046842421315e-04
-5.050587823938190724e-04
-1.155904891245729260e-04
1.321075273507554826e-03
2.610202820808815716e-03
1.559839484890357397e-04
4.088810331119407948e-03
1.610009854889682401e-03
2.701175385519949401e-04
-5.004707396114582707e-04
1.421539651193626241e-03
-1.550556216720622160e-03
6.538919182934588292e-04
5.039811924327786130e-04
1.526333166279592035e-05
-2.693383083345768370e-03
1.923699751748886300e-03
-1.852916395650439085e-05
8.534194218310364732e-04
-1.766174729652014719e-03
4.356529174442957952e-04
-2.704652707882893026e-03
2.772338506844551631e-04
3.902035000200587689e-04
1.906468912982184349e-05
1.186637989204930577e-03
1.023510819263329097e-03
-7.330391998494611983e-05
-5.067301009895608388e-04
3.597789449068855561e-03
9.188578536958313947e-04
1.648897844720220718e-03
-4.593178268821329624e-04
1.910819727541923641e-04
1.935942009152924470e-03
-9.899353358111540047e-04
-1.400809982927242459e-03
1.872456041126957516e-03
5.880880054800474710e-04
4.598973726310795485e-05
-8.520304322401361929e-04
-9.994949559661847616e-04
-1.179147359092747038e-03
5.924368979286498416e-04
1.239558956986908100e-04
-4.632186073303401486e-04
-8.394630894235088903e-04
3.585536735914995887e-04
4.724276861558518448e-04
9.471567284458082270e-05
3.767651344248612588e-04
6.953842311305802326e-04
1.068974553487755941e-03
-1.789085754394292849e-03
3.018670052790106695e-04
2.978626178073984221e-04
2.399376417422161012e-03
-3.424025841725075736e-04
-1.711235975535796427e-03
-3.300262435821377238e-04
8.305225296623142128e-04
-1.380107619810555519e-04
8.097385132952439335e-04
-5.124810240522137406e-04
-7.914168956337785943e-04
-8.374073306400831029e-04
-1.208340419591946713e-03
1.667756373845863394e-03
2.838370660247502286e-04
-3.821785410407230188e-05
-1.166029367249965532e-04
-4.249703077570110565e-04
-1.694356723118684016e-04
6.987376223079877491e-04
-9.837310477602834169e-04
5.707314263441176649e-04
-2.759783017625139223e-04
-1.752354396009847548e-03
-1.184830142435755462e-03
-1.918763022384029071e-03
1.962191890787501336e-04
1.760240604371299256e-03
-6.175087441786519804e-04
-2.757523536065509262e-04
1.270973953364507025e-04
-8.722429577299184444e-04
-8.327567869095275910e-04
-1.215207020730746379e-03
6.662973359132795537e-04
1.535952664579731675e-04
1.338804517148739492e-03
-7.185691770270619116e-04
2.446310995724232384e-03
-7.689987641965601028e-04
-5.091694718379891071e-04
9.035625782856104848e-04
-1.359815390524321543e-03
-3.498729677358092260e-04
-6.531623582719525700e-04
-1.330961814181019776e-04
8.515981454733090317e-04
6.096949859801803484e-04
1.080423860424728488e-03
5.650141876158976117e-04
-1.123057939429461527e-03
-4.603694759106602419e-04
1.698170019800659958e-03
-8.025487982621370975e-05
3.825416846969798002e-04
-1.325078696915227283e-03
-1.456327340490615185e-03
1.499542716776325335e-04
4.132953707163267154e-04
-1.124318689476044852e-04
5.164552575431802239e-04
-8.949370948028168016e-04
-5.865589485489763888e-04
-1.761133479441401306e-03
5.943425342074259987e-04
-2.031742874504249841e-04
1.355181755718248837e-03
1.227807689082593967e-03
-1.135051856572477647e-03
-1.315271033934140021e-03
-4.666249761529073226e-04
2.976099365032958133e-04
-1.744703899458244223e-03
-5.847155471294662732e-04
-8.408480945549801078e-04
-2.466921333281746342e-04
4.490309975846429325e-04
1.811675931693290664e-04
3.815283423096449411e-04
1.013242765199651174e-03
-5.808505060092006289e-04
-2.943834498275288425e-03
1.818807592990356881e-04
6.258195965118673598e-04
8.085686029737360059e-04
1.352768316719599184e-03
8.629633130776692695e-04
-1.416445548893863204e-03
9.101846952335179708e-04
8.000836355082086015e-05
1.578038523664337944e-03
-1.674138772674638176e-03
1.271011136854571788e-03
1.013537162762201405e-03
-7.285557654621577228e-04
-2.304868077749766542e-03
-2.137876959600326643e-04
1.451162953129969679e-03
9.003712912605266183e-04
-2.072968190540702693e-03
-1.744935515368917223e-03
-4.827382149508174791e-05
-9.246674962453127478e-04
2.422154981047697220e-03
-1.185697594946022448e-03
-2.294310311431457805e-03
6.674739366654414141e-04
7.321564878495223638e-04
-1.757627947336137808e-03
4.482054463275098044e-04
1.364923496511849521e-04
-2.363728380195606604e-03
1.032485632383339791e-03
2.726532329817565881e-04
2.318774087837205400e-04
-1.325405077218011485e-03
-1.680230771327062556e-03
1.596376787251996276e-03
-1.256385868770415470e-03
8.128714693196315011e-04
1.022231512103788376e-03
-3.678655150887166769e-04
3.283511558378471307e-04
2.881950423399004535e-04
-1.447335560177842595e-03
1.071458258451229995e-03
-1.838187316665740312e-03
-1.297621901977130676e-03
-8.059227237586785719e-04
1.801533619512074580e-04
1.977147650544353041e-03
-1.021001447218505831e-03
-6.553919434939547983e-04
4.236116048683680191e-04
-9.402323598175499342e-04
9.705211105301980723e-04
-8.236678441917444360e-04
1.206693182771445549e-04
8.675829960800296448e-04
-2.058010442181013033e-03
-8.673280477977662883e-05
1.624537391965885647e-03
-7.306959719002303899e-04
5.025901286332956630e-04
1.231687141787674022e-03
4.765593635434051123e-04
4.575153334529513671e-04
8.862371484270603617e-04
-7.784584043148967680e-04
-1.819795627697740059e-04
-1.880226960955244664e-04
1.234964713257014068e-04
5.680385887627537045e-04
-1.890119456724459468e-04
3.991222846639885802e-04
-1.789991502476384611e-03
1.472028765814314966e-05
2.758581840741847202e-03
2.840148165650369094e-05
9.712490486271097012e-04
1.815324062173218067e-04
4.997250318805601665e-04
5.322597472625645310e-04
8.215307474397359755e-04
-1.657899379303495735e-03
-5.660331314798483504e-04
-1.499883303702986836e-03
-3.049906931209545036e-04
4.799710772080967303e-04
-1.330492081899503631e-03
-1.359686598985110351e-03
5.351581526740201156e-04
-1.834486533530688135e-03
3.318312577629267679e-04
3.382702583500929450e-04
-1.268146303140760267e-03
8.972678312535453671e-04
1.334854660531847870e-03
1.830778186184822687e-04
-8.035080785346870869e-04
6.681166636091084854e-05
1.873019400402187173e-03
1.073166635624511756e-03
1.729805157995034648e-04
-1.462633574442540052e-03
1.231274040537577719e-03
6.552194227182894792e-06
-5.339179230769985907e-04
1.203355852034793116e-03
1.277570949364648101e-03
-1.866605672022902951e-04
-2.370456972828893782e-04
-9.427715488878884997e-04
-5.818933215999688713e-04
-4.498927090936799544e-04
1.757996073211920418e-03
2.163031891664335404e-03
-8.668082930942677677e-04
1.060798688526265465e-03
5.585024364660462481e-04
1.817900989587339922e-03
3.693619438303041846e-04
1.229387656894509462e-03
7.623856360157166279e-04
9.616574734254701440e-04
1.096047582777481821e-03
-6.775898546165226577e-04
5.494450498180203368e-04
2.022169074963775515e-03
1.115626717889783848e-03
7.973124533289244198e-05
1.398069681387337226e-03
1.515912371735428366e-03
-8.139763273833366952e-04
1.213883220871903035e-04
1.693182207099130920e-03
4.087135867358870911e-04
-7.330107778531491647e-04
1.385350126158479966e-03
-5.880526033825717036e-04
4.210114228160311001e-04
7.227547855150895373e-04
6.601287949314915693e-05
-3.822067017547059464e-04
-5.312330787725638714e-04
-1.579839042482378275e-03
-5.018855868899052552e-06
-2.596557359421325373e-03
-1.502920153024778216e-04
2.939859802721933590e-04
1.041951471367541515e-03
3.762105292266504364e-04
5.704413211831127484e-04
5.142925330661185512e-04
8.251144899835693991e-04
2.374491488678298623e-03
2.256121286376977508e-04
2.690917094751998917e-04
9.435747500896596307e-06
1.318971152878711806e-03
-1.956892897141848664e-03
-8.208880583011612941e-04
-7.298290021882092304e-04
-2.236068130809565346e-03
1.544304603341650761e-03
-1.477426224205657945e-05
-5.519538709930493781e-05
-6.027448251910705324e-05
-3.436819135891333588e-04
-7.370442718452885345e-04
5.224273867177053887e-05
-1.715359242039582455e-03
1.000125307941246433e-03
-4.203179099142584363e-04
6.714846886968217632e-05
1.127905356673952753e-03
-4.811201710135382115e-04
-9.600935795224252445e-04
-8.678617745827565955e-04
-1.237553860707008013e-03
-1.052517892309534631e-03
4.426046470660249810e-04
-5.973211346597118165e-04
6.955169968070329389e-05
-3.076390760099467769e-04
1.132718381311459410e-04
-7.674188248405489077e-04
-1.759698815285481999e-03
3.187329677514227910e-04
-1.568552015391855292e-04
-1.183903773304351148e-03
4.960347809823684173e-04
-2.636865315890135619e-03
-8.231351865943814516e-04
-3.127509770297631775e-04
5.109449767815021914e-05
-1.632122116201673023e-03
-3.623128043548362598e-04
-3.647304550151719837e-04
-3.996703948665469852e-04
-2.880527259322418487e-03
-1.068085063517631994e-03
-1.465753431228788983e-03
-9.964844674430484162e-04
-8.480639230359354741e-04
-6.389099864139158313e-04
-9.781440794243145831e-04
-3.021698734444466794e-04
-6.347671255113596089e-04
-1.723135517321727761e-03
5.725106497873611033e-04
1.661699423326057357e-03
-1.786555500395081708e-03
-2.949552556712475848e-04
5.512941626946155083e-04
6.060564136376456190e-04
-2.644408892441552084e-03
-2.579298847363409308e-03
1.569147885502886197e-04
3.439254745305486693e-04
1.236550083374421405e-04
-8.145435361592845425e-04
1.634001909567306399e-04
7.374343599653165882e-04
3.874292815431168435e-04
-3.374911989231232923e-04
-3.186594743889159531e-04
7.650443968592046673e-04
-6.845224465976684769e-04
-7.969858021166231765e-04
-3.356812495294292376e-04
-9.973116492898448371e-04
-1.345106204460044808e-03
2.157266240915944877e-03
-4.618815147594546033e-04
-8.115817369476197030e-04
-8.784551294487297213e-04
-1.752460161847935183e-03
2.356154663778475822e-04
1.914915757130764007e-04
2.483330265674599246e-04
7.121236445453149599e-04
-2.350333415626071343e-04
9.203939261426263840e-04
-1.201969331107832772e-03
-4.518820529995082325e-04
-3.086510187004787298e-04
-3.647490742531012131e-04
3.738040782230722670e-04
-1.609366092245601010e-04
-8.196971459133450821e-04
-2.608809068763706662e-03
1.400236498293683240e-03
-1.306897039521359716e-05
-1.321651943534396523e-03
-2.200922925510440109e-05
9.340037637373121981e-05
-1.152045378773447482e-03
-1.380366725172166298e-04
-1.493644655505832475e-04
-1.340963126295724450e-03
6.112007862144608339e-04
-3.091642425629981261e-04
-1.079619948424204168e-03
-1.438914847125882801e-03
-8.066535419621878589e-04
5.593079613186446863e-05
-9.170796030266714638e-05
-2.403175875979268739e-03
-1.196973571420789639e-03
-1.485648495088698340e-03
-2.790932812998692114e-03
-3.700514086342421294e-03
4.097136653355981650e-04
-2.612184559647179327e-04
1.860371075621536363e-04
3.690089152126319050e-04
1.910665318773041577e-03
1.066169599133637291e-03
1.011210177261911980e-04
4.748113817618637711e-04
-5.774187169249600515e-04
1.942024796736330217e-03
-6.967484876452267883e-05
2.097317221776417995e-04
1.663338645905731994e-03
-2.072344873962350675e-04
9.263931633800570609e-04
-5.312927041718484844e-04
2.814341391390584590e-04
-6.493290601627954572e-05
2.655287841984765862e-03
-1.994097484472323600e-04
6.025953976274145418e-05
5.481938826545906807e-05
8.941907756794265083e-04
1.352392137765612290e-05
1.900294210531283667e-03
7.539587238059031193e-04
1.737198689281793662e-03
6.073047511854223757e-04
1.497644585321422639e-03
-1.526710080133053538e-03
6.677426540517839015e-04
6.576129437907418662e-05
-4.554300061290206258e-04
2.209793031768825244e-04
8.324687034557687326e-04
-2.807731263236856734e-04
-8.694162184474940602e-05
-1.251964196046895239e-03
-2.706002525674211512e-03
1.004973579257883998e-03
-1.297430106825814278e-04
-1.544788317960898993e-03
2.356984244404891626e-04
-5.407576973059935455e-04
-3.082699681082878840e-04
-8.622154427648798247e-04
-3.864159534039401933e-04
-3.886087577553709593e-05
-1.449650706153882140e-03
-9.624404678842957139e-05
-1.396549287130621764e-03
-1.305727933428757481e-03
-1.321805816648424781e-03
-5.924085305866189088e-04
1.953740680620263959e-04
-1.572446343304889638e-03
-4.421787994255410581e-04
-7.509275743389220992e-04
-1.669262702869822590e-03
-1.130604771572008005e-03
2.039095665471446495e-04
-8.107994850024002886e-04
-1.202297286186926328e-03
9.617877726935120108e-04
-3.795049460797450536e-05
4.557442542725276269e-04
6.891115143448089952e-05
-1.033099963410055722e-04
-5.144574578439531365e-04
-9.211058633473712121e-05
3.871062687355042442e-05
-1.308967868931532053e-04
-3.041032502770768531e-04
-7.474540937020268672e-04
-1.911773956069229286e-04
1.141801495575078818e-03
-6.023970092541297561e-04
-2.386405463863372489e-04
-1.653004297830218405e-03
1.022148771439024273e-03
1.835121344155865586e-04
6.791196028639312487e-04
-9.239950256236806325e-04
-6.227253501789320467e-04
-6.006298985616886910e-04
1.090420254507229458e-03
4.368119474496001686e-04
-4.560083957847460567e-04
-6.503102834582996650e-04
1.942372283956217416e-04
2.190598294838030924e-03
-1.483346357848080999e-03
1.066511579883577809e-04
-1.414865831329770174e-03
7.350828440784162865e-04
-2.249872724557233639e-03
-1.384301135235910252e-03
-5.425948991830686907e-04
-1.254809031132175789e-03
-9.358118437585716265e-05
9.010190130620543414e-05
-1.970072049960691629e-03
-1.054436988537910125e-03
1.911708528672395602e-04
-5.616890616273462200e-04
-2.216079809418403102e-04
-1.775004742739616503e-03
1.984081816493787898e-03
-5.649593428183052879e-04
1.098037136815221970e-04
1.590418773105284345e-03
4.143215391287924376e-04
-1.420645752601146228e-04
-2.725491655732881213e-04
-1.825660105486903717e-03
5.309566243527630292e-04
3.974754011020209532e-04
-1.235400166254008170e-03
1.491996537232864739e-04
3.860844771623739291e-04
6.794502271467717236e-04
-8.718317105937956057e-05
-1.072856545116795957e-03
-9.232016174332002834e-04
3.566247758954865787e-04
2.294155685688581414e-03
9.342517541695016803e-04
-9.142905227323971928e-04
-1.222768338392299370e-03
4.469732555882899305e-04
6.873984144273315167e-05
-3.830040781671595340e-04
9.154365424610677593e-04
1.128454529568223563e-03
1.125086039348577316e-03
6.583240338000617697e-04
1.245668384710407750e-03
-1.014533595979916214e-03
-5.758165838876116993e-05
-1.042912346521429612e-03
3.985610874206457765e-04
7.345053988749850049e-04
1.835312527109778102e-04
1.122097818160527893e-03
-3.000060201599152876e-03
-4.291627052648294693e-04
-2.444758637714095073e-04
1.798463831534036217e-03
-1.280774052291100418e-03
-5.718174039057721814e-04
-1.140223093509806773e-03
1.270791075050015095e-03
9.977103134697351550e-04
-1.625788920833759477e-04
-5.028426419653175827e-04
1.674443968337824273e-03
4.549697776525807313e-04
9.850833024809269034e-04
2.661260525433917223e-04
-4.664216950955868413e-05
2.412256996576545021e-03
4.632582963075559945e-04
7.021754836842308833e-04
1.961160841404963051e-03
2.475278754521914593e-03
5.151022789706694027e-04
7.365218418278196566e-04
-5.346694380430339066e-04
1.347685018384225941e-03
-1.015229378022119988e-03
-1.187511253242234943e-05
2.933792744665986163e-04
-1.921264619952900432e-05
1.188348173003062058e-03
3.442465577083719808e-04
6.384772632566093620e-04
1.760815280044347730e-03
1.646589719221269732e-03
-2.235524443041869702e-03
1.531564065408996811e-03
-6.422325489936486775e-04
1.296058707452196757e-03
1.346574849883985792e-03
-6.509687933542451788e-05
1.851604285718178033e-03
-1.443115220743251825e-03
-1.117654053880867693e-03
-1.507785142831341574e-04
4.645111828134318444e-04
-8.323523957385337013e-04
-1.278241409230496117e-05
1.127701952380100181e-03
-8.409669430271549118e-04
-3.648246858638515278e-04
-1.486633849373308891e-03
-8.187640210117752559e-04
1.077443317702542203e-03
-1.629214250077559711e-03
-2.640748018616356774e-04
1.358540635281180187e-04
1.552949827914096304e-03
-9.865384234442053923e-04
6.631687280989062572e-05
-2.877582061056038754e-04
-4.845415878833581047e-04
-1.600293184327750140e-03
1.798199096387786966e-04
-1.236421699148948505e-03
-1.512124603861186856e-03
-9.403745798894913577e-04
1.873713890260253478e-03
2.346923594232386279e-03
-8.235263887999000332e-04
-8.611078957698747871e-04
6.293453530563652976e-04
7.338220172230514038e-04
3.612323622581570248e-05
2.369878324555818594e-03
4.790616537133640662e-04
5.303605342377171183e-04
-7.712426914119330235e-04
-1.310865163367314068e-03
1.427564868161868006e-03
-2.825299167447337112e-03
6.895679840437374253e-04
-7.496789068350828700e-04
7.186993325567492263e-04
-1.323774919127940208e-03
-2.762391511921258314e-04
-1.490784040873771588e-03
-6.792842465241921701e-04
-9.859554039430840078e-04
-4.947705101434607400e-04
6.218367899377685859e-04
-1.008809437396340769e-03
2.067619229044748153e-04
5.809335414979077683e-04
-3.246775025764758738e-04
-7.416592994800019767e-04
-1.792978748638374142e-03
-3.386084219976215337e-04
1.601192940261064734e-03
-2.269267721308976249e-03
-8.478067203743222535e-05
5.485554770563449978e-04
-5.713238527207398221e-04
-1.506258191842135830e-03
1.307961370056176520e-04
2.043600079653540291e-03
4.459082490824162193e-04
1.246996423816426613e-03
4.337030735048763574e-04
-5.993186510382386700e-04
9.829012013140570048e-04
3.439689975499593544e-04
-2.743698315470499693e-04
-5.561503759647923317e-04
6.173422083215474032e-04
-6.153833456463697615e-04
8.411177097527033908e-04
1.158721575001520065e-03
-7.942782480867549566e-04
2.647419255058958143e-03
1.048648175314692566e-04
4.084990780444108793e-04
-1.998051053506699759e-04
5.111000581452529445e-04
7.582532173053824209e-04
-1.183359130481065336e-03
1.930771241425155438e-04
-4.177414711945548476e-04
-5.477742295276755158e-04
-3.071239788956514616e-04
-7.894476290739582680e-04
-1.873115392841517846e-03
4.905800378343094792e-04
-6.756239731162683171e-04
4.405842360699629978e-04
-5.096900700503059767e-04
3.529002758242416604e-04
1.363269580676451653e-03
-1.144304518185812469e-05
7.019622922561641332e-04
-1.885010501176953568e-04
1.156897467333495300e-03
-7.324378175790347001e-04
1.791414801249668898e-03
-2.415716751976715315e-03
-4.098201247804134084e-05
1.011173620724337141e-03
-1.417273670851759704e-04
6.949841624483976688e-04
-4.605688265235663437e-04
-8.705301302691648146e-04
-6.591135121012392517e-04
-5.025586170750440118e-04
3.050842866278991039e-04
7.632215569661759957e-04
-1.104599849399479083e-03
4.713706978005660631e-04
1.406426005678751423e-03
8.680074746778565498e-04
-8.033100208693078059e-04
-1.903863260140914448e-03
1.157711573334552213e-03
7.906284853904654852e-04
-7.311293587797251803e-05
-9.441825311491403028e-04
-1.590497086940034777e-03
-1.681758119114196148e-04
1.464373587707346047e-04
1.079354077187177907e-03
2.378882121316650000e-04
-8.656360037040400357e-05
1.208858800244128062e-03
2.153063838741253733e-04
-3.247032225761614654e-04
-1.888901008106236290e-03
1.151701092217516376e-03
-4.120501016293687258e-04
-5.798370248912831926e-04
-1.095406917575481032e-03
1.565596422229198481e-03
1.574421693171235148e-04
4.439725371372382767e-04
3.606172926235995391e-04
-8.844409454331625398e-04
4.110316142837966424e-04
9.704468112019526416e-04
-8.492637053627571930e-04
-4.346426449826079619e-04
8.500662141130987948e-04
-2.059782442254132206e-04
-1.542451682918777323e-04
3.695186755297008574e-04
3.413295754521872283e-04
3.712534046735882498e-04
1.707145372419116569e-03
-2.013641460707482622e-04
1.213496473245090357e-03
6.317502178645462152e-04
4.916010352069566380e-04
-4.112650962504460495e-04
-1.956593855938493220e-04
2.978560478015257473e-04
6.471844170887752767e-04
-6.030231483129533387e-04
-9.195637664756173280e-04
-1.205240233910220837e-04
-2.912026950314672291e-04
9.425553570312494855e-04
-1.156977334153541648e-04
-3.871827018413487309e-04
8.413534788125343056e-04
4.426254225515791063e-04
8.886826018805749072e-05
2.925177752813201693e-03
-1.111714373049910165e-04
1.224643447893969395e-03
8.526994126538678387e-04
1.146016723494902578e-03
9.991360108108082727e-05
1.046464108354960842e-03
1.368673783052498649e-03
1.134559258971545859e-03
1.396031977263234580e-05
1.227048818239095951e-03
-8.645184267783712073e-04
1.201140768047670448e-03
1.026513566504183572e-03
2.102880557113273596e-04
-1.564581118422836425e-04
-1.834345155280914241e-03
1.981121453806800048e-03
-9.776341666469789971e-04
5.328329683222943203e-04
-3.149437856926340373e-04
-1.611283160476872922e-03
-1.924774315420485493e-05
2.359664112114856493e-04
-8.009229449346122465e-04
6.649880217091119761e-04
-6.219137235108362916e-05
-6.831875603499071303e-04
-1.810882796620116864e-04
1.448126961836715410e-03
-4.665981036273691984e-04
-7.987330953294069502e-04
-3.582320675454830905e-05
-7.304356012540758059e-04
5.099018456657944398e-04
-1.271274199378558123e-03
2.494542477102790201e-04
-2.913522137275581514e-04
-1.024400140166470408e-03
-2.768604390157580752e-04
6.783898077387107151e-04
1.967587433433282129e-03
8.341217213791995988e-04
2.439863376768602876e-04
1.323231100459398846e-03
-2.913862055144988972e-04
-7.985422543210773938e-07
6.760016167570714885e-04
-1.643195661672702812e-03
1.592894455206161908e-03
-1.443383960484601047e-03
1.398760369382578972e-03
1.245305703488908122e-03
4.484697110935798037e-04
1.848642931862043426e-03
1.076098584248175172e-03
1.931179492878465354e-03
-1.476903188559086644e-03
-9.683400894850979768e-04
-1.238466278584704483e-03
7.778091352663718538e-04
3.352217386203282246e-04
6.506285717378101907e-04
4.128401729110997564e-04
-3.117813557063087160e-05
1.413033269947794324e-03
-6.296089250423797523e-04
-6.457718476937657215e-04
-5.869742699529112429e-04
4.563988054939738248e-04
8.089668160329299695e-04
1.005484208598028673e-03
2.314389145772199896e-04
3.911416512343279805e-04
1.051837688776924296e-04
1.730854163944473001e-03
1.590593441933574326e-03
3.784054889715005032e-04
2.452153771057563603e-04
4.594785101708076525e-05
-9.847589403668699504e-04
-1.036202398980723416e-03
-7.634058713301694610e-04
1.264434818567305996e-03
1.144059197545566064e-03
-1.020818039884074935e-03
-4.481574588184322749e-04
2.175210934342253211e-03
1.125265119704454975e-03
-1.140040528411434551e-03
1.662376315825220274e-03
6.492000128599517694e-04
-1.218660668538928959e-03
1.567801972216509299e-03
6.333418364297127567e-04
1.216552569063278355e-03
-3.212293301135815682e-04
-7.085054254278855268e-04
-5.372502341782769975e-05
-1.286211225141720149e-03
-1.175373299907356284e-03
-2.044712443400875657e-04
4.713307704096836304e-03
1.436603178391226976e-03
-1.924091918856785099e-04
-6.322113105401427902e-04
2.637184641305800881e-03
-6.642527018763111357e-05
9.403667854890329636e-04
4.806327295288070900e-04
-3.915926396862445813e-04
-6.627821132469957632e-04
2.875297638846863180e-04
1.023372703295999386e-03
-5.453768626559885035e-04
-2.517412777269800728e-04
2.002036472562584990e-03
1.878772183718790956e-04
-2.904792198619166044e-04
1.786962222825039248e-03
-2.743046150020633789e-03
-9.221866575142012579e-04
-1.878570166158333166e-05
1.863093641961910407e-03
-5.119896333567464097e-04
1.377793325916920608e-03
1.400084549845193038e-04
6.597921711077869844e-04
9.904913364522371921e-04
1.468157395689395628e-03
6.176547324023839991e-04
-4.575919084870427866e-04
1.810932102468409965e-03
-1.587671774939902747e-03
1.737420596201744161e-04
9.392828269021435972e-04
1.119377613394423321e-04
1.264918278990334599e-03
8.426947093713721415e-04
1.306434879426277007e-03
-1.093919472750615185e-03
-1.158980150599786541e-03
-5.549741762158610925e-04
1.306928270297103012e-04
-1.426215447707379624e-03
-1.080608967192420167e-03
-9.548130972976132114e-04
-8.929521917853122659e-04
-9.712486351187710198e-04
-3.761041913641349765e-05
-1.605880527586034390e-03
-1.097270871107891566e-03
1.150696144746055083e-03
-1.880520991259793107e-05
1.215899329957803587e-03
-6.015913946881834562e-04
1.296854032402094958e-04
-1.445993718368843162e-03
-9.463103737243905300e-04
-5.279929530412896810e-04
-9.054134851216311120e-04
8.520107989171687990e-04
1.893470686131548675e-03
-2.782860817527321728e-04
9.787461001156128049e-04
-9.759405157261369368e-04
-2.532617691639593716e-04
-9.073649120794335943e-05
-7.141615669168377423e-04
-1.088153467686536757e-03
-1.273460248145896756e-03
-2.381980293817420602e-04
-1.276960986451802782e-03
-1.195432110333349840e-03
9.702345744102558456e-04
2.288108494516993829e-04
-1.188813439509939229e-03
9.182934297191636119e-06
2.299312095599415073e-04
-2.623395502645564648e-04
1.534141176041226018e-03
8.077832512951577115e-04
7.526048900610149417e-04
-1.630341785339162186e-04
-6.610226850927158893e-04
8.887024287149714041e-04
-4.675335094228572075e-04
1.852688347117714684e-03
1.846593703715981860e-03
-1.396779037271533852e-03
-1.078681839901785011e-03
-1.020413664291508482e-03
-1.009605467772178855e-03
-2.249688971924346248e-03
3.823273631653467675e-04
3.308989135024642536e-04
-8.992913335694741050e-04
-1.138718457725396149e-03
3.984618301453579647e-04
3.104296535973993798e-04
4.434486398219306125e-04
1.264331443639576946e-03
1.288113048737216104e-03
-5.233955212957663861e-04
6.044320352449616962e-06
1.886756954108337325e-03
1.861717421828945618e-03
-4.962841122857497567e-04
1.529261922081026626e-03
1.523472359636013351e-03
-7.773786868596754829e-04
-1.467303329032665360e-03
-1.120602597599829053e-03
1.000852286286546544e-03
-1.060180668510879443e-03
1.404913268481022826e-03
-4.323413416340571302e-04
1.363236733799899625e-03
1.427034340517607802e-03
1.640947257099956147e-04
-1.005594575721024952e-03
5.422895631648216863e-04
-1.110383120770386256e-03
-1.131795461735141117e-04
-2.176258116215024074e-03
1.121966919190864331e-04
3.883247445981563573e-04
8.909524215945374692e-04
1.131973253658546952e-04
1.789486802659556730e-03
-3.150737086003996268e-04
1.416685597413147590e-03
-5.405451417910267509e-04
6.666362847864704122e-04
1.284784822443763019e-03
-9.755371684603275639e-04
1.216943276116211337e-03
1.593901340882331041e-03
1.501013913180582193e-03
-7.920544407564733547e-04
2.861767478434806833e-05
-5.827690443840349843e-04
2.033927789462097735e-03
3.690085335608106476e-04
-1.468482701649787003e-04
1.875796617308411740e-03
-2.490542756879765562e-03
1.879633024486127013e-03
-2.403443087533041478e-04
2.604431421815434078e-04
-3.064907632153168748e-04
6.961421569369186102e-04
-1.353287627890553679e-03
4.209544356621464090e-04
3.223262989653363775e-04
4.704779737976227949e-04
1.750875989251721165e-03
7.629311990742237981e-05
-1.729395937907884928e-03
8.779544000219186017e-04
-1.682511167917510875e-03
7.147580568309663818e-04
1.108946932339538449e-03
1.199308031391677076e-03
-3.828097819482678688e-04
8.520571100503193662e-04
-4.453202197662875506e-04
7.216170342219108136e-04
-1.584385177850089477e-03
5.482035335988566516e-04
-1.768070952230527126e-04
7.252496887841797246e-04
7.054550131400105784e-04
1.765347678633455430e-03
2.483377379112194916e-04
1.526666007557908600e-03
5.512169672061695280e-05
1.392962047350287946e-03
-5.743467470780139195e-04
-1.482568684237461909e-03
1.221182241873952634e-03
2.657195708670734291e-04
8.953193375349499661e-06
1.397563986913485934e-03
4.826248169851332648e-04
1.047907308642903601e-03
2.071249683375686601e-03
7.479828419612033485e-04
7.743561974007384663e-04
-4.918859927660612641e-05
-1.146720970951919938e-03
-1.732728893504287271e-03
-1.381481462777944813e-03
2.790845716672540888e-03
9.149104405281605068e-05
1.132819347631208728e-03
-1.404059931647605453e-03
1.386495307206692118e-03
1.179300525755433426e-04
1.134055659490984524e-03
1.042743842293747392e-03
2.038651921683065638e-04
1.115486498759477030e-04
1.537945830532017055e-05
5.368727530299377548e-04
1.036409985746944429e-03
1.304190507882774241e-03
-8.896585409154944557e-04
1.693549255949111654e-03
1.778209044363654456e-03
-1.225659228554221158e-06
2.399198957776960128e-03
-2.117342935019639327e-04
-3.116701402816612898e-04
2.026144061270551688e-03
6.823685784012045730e-04
4.828567184633758558e-04
1.510872742828128779e-03
2.614339303101953504e-04
6.053661376210772715e-04
2.183397665412201150e-03
9.862062011143368778e-04
-9.592352843768026105e-05
3.524852348553153547e-04
1.659910253653196222e-03
7.813643501330957974e-06
-1.484870198143584119e-03
3.745416741933738081e-04
6.318841606682834566e-04
8.613721779684446744e-04
-2.427010941077334394e-04
-2.980432957500056546e-05
-3.988962809353679972e-04
1.120209405921723800e-03
-1.651679994554289266e-04
8.905302443702467485e-04
1.596144061042137352e-03
7.268591874818319809e-04
9.623864171879326079e-04
1.200929579498799527e-03
1.219182955220166065e-03
-1.242740283606824647e-04
2.113134975551878014e-03
4.598758453182583139e-04
-6.091097624707497715e-04
1.381367165835811761e-04
1.312238583054403662e-03
-5.625797267261312129e-05
4.673245703232797865e-04
1.660733332629948933e-03
7.473943179139297399e-04
5.240999295914594569e-04
-8.274661550013995281e-04
-6.366194979254835573e-04
-8.527325384413142473e-04
5.092784974516373353e-04
-1.072124241138228129e-03
-2.074623263559338682e-05
-2.320988076813801371e-04
4.053149935032696050e-04
6.802158605097030630e-04
-6.850888482401451540e-05
1.295772673695960719e-03
-6.481386728534044295e-04
-1.697736564933549630e-03
-8.372025000304983422e-04
-3.988053148349379740e-04
1.284854620756448185e-03
-1.672052529546608213e-04
-3.730106999648485910e-03
2.178527176718292324e-03
-9.064978214030627868e-04
4.982818387435639096e-04
-2.073705110347212610e-03
8.624620196948651341e-04
1.756873721386664755e-03
-9.297059980937216750e-04
-6.705763858172453240e-04
6.140941301402413899e-05
-3.447101891922432770e-04
-1.173004106159059035e-03
-1.582784381473967272e-03
-6.726250452371296262e-04
2.283149339634693575e-04
5.470486802403584647e-04
3.295924530983818102e-04
1.242530082346871012e-03
1.840874815388637842e-04
9.091713240934051754e-04
7.483515391479844681e-04
3.054243472069284593e-04
6.991889745673329770e-04
1.123795241299241354e-03
9.861949496956512462e-04
1.052044952354558305e-03
-5.737481148493372984e-05
-3.801608797762145997e-04
-1.176793380095242370e-03
6.649721143485720631e-04
-5.486748311400724276e-05
-9.340526450918318346e-05
2.273934123884213676e-04
-1.675576011799684295e-03
8.867136688137655653e-04
2.573184507824288758e-03
-1.274261776120777512e-04
8.707729907735384245e-04
1.038678333419973399e-03
1.096011629595716741e-03
2.908714533686795889e-03
3.008834752962208370e-04
7.618740755699349165e-05
-7.452807597951860430e-05
6.961329726440368404e-05
-7.467662957443277350e-04
1.114856085111526340e-04
7.757436757835911578e-04
-3.385270542966001273e-04
1.772627421146699689e-03
-2.582733953898852519e-03
4.954950464419738410e-05
8.983671443472118767e-04
1.337362911280060018e-05
-1.920264942617100346e-03
-1.844185549111365674e-04
2.362902747207407117e-03
8.845211055252821808e-04
-1.073378647358236293e-03
1.634666497205117253e-03
-1.668808608213501188e-03
4.431281457093483311e-04
1.413350621152886788e-03
4.510008331881643073e-05
-2.907380385086533181e-04
-5.714761569286519460e-04
8.188997863292080126e-04
-4.713353729357550037e-04
-1.349433406034439287e-03
-3.820512304499867895e-04
-1.655813889551716045e-04
-8.589333366719742457e-04
-2.359091833019633100e-03
-5.569098825659590801e-04
2.057610138919141463e-03
-3.980626470148074247e-04
-1.182652616880108809e-03
1.512389613613551731e-03
1.724539504278643776e-03
2.731619760560910493e-04
-2.774689627988990992e-04
-1.598723221602593725e-03
3.688260253114084009e-04
-1.642495790403986078e-03
8.867952370257281558e-04
1.323320795912019676e-03
1.460680985496676243e-04
5.937087820213626799e-04
2.241313667337152538e-04
-1.997125120183351754e-04
-8.916062268402580315e-04
-8.073247778439540667e-04
-2.711228319960401478e-04
7.182828019258735708e-06
1.640177929109531973e-03
8.420393243695478702e-04
-7.053145503954638684e-05
1.372115141189844678e-03
3.968831396434779890e-04
5.955003311286510836e-05
3.454517657743849668e-04
-2.297476419371280443e-03
7.745046197862315296e-04
7.742297273916065592e-05
-2.753719412178501358e-03
3.743129866933259109e-04
9.833459806452005125e-05
-7.528114542136865595e-04
1.117960679606344598e-04
7.874220059427283758e-04
-1.765318815508454264e-03
1.065773626101051974e-03
-6.651541833737617537e-04
-2.796914263401450995e-03
-1.370737040087277592e-03
-1.456917143794367320e-03
2.832759737791512578e-03
4.359359370493809394e-04
-9.196172285155235215e-04
6.526332422087666174e-04
-1.173552697523838617e-03
8.624634126208619023e-04
-1.097231457726666193e-03
1.209717748582583852e-03
1.641853195626596928e-03
8.361797810116922136e-04
-9.260292867909747372e-04
-8.967471915941604976e-04
2.142474843718211730e-04
1.469293546313199528e-03
1.364838086887365520e-03
-8.633005714597796754e-04
6.431303166514190650e-04
-1.544017251882356945e-03
2.559188444071214263e-04
-2.683124010018911321e-04
-1.066188638475074058e-03
6.705416558345778100e-04
-4.546133957985531993e-04
1.536984241601091483e-03
6.305810683171486630e-04
1.189728679930945887e-03
5.323510122368091402e-05
-4.199600235836875584e-04
4.311938903400758250e-05
-1.151837470147132336e-03
1.466277177615271654e-04
-6.049668624785731197e-05
-1.274459166445307545e-03
-1.015504530424315988e-03
-5.105941151735127193e-04
-4.142151105399616284e-04
-1.723624214995389536e-04
3.542783761756318484e-05
-1.563762035200699785e-03
2.006083286586468617e-03
-1.512524629253997333e-03
-3.932351204936068712e-04
1.550125192516293993e-03
2.796961108186835077e-04
1.833152501597989925e-04
-3.999343639984331844e-04
-1.833085890923236150e-05
2.427702627183947470e-03
-1.090423045425836790e-03
-1.300687568478453571e-03
-1.495271468874070919e-03
-1.612300657676257742e-04
-2.091777195799560118e-03
1.276202806829829228e-03
3.586420130048395549e-04
-7.588591710114833688e-04
-1.365780158526730403e-03
-1.675300569234705605e-03
2.000534397973652290e-03
-3.370852308728355951e-04
1.147868247372896278e-03
1.061565270811470896e-03
-1.253216095414178000e-03
2.418372223706999335e-04
2.730857465449432198e-05
1.648775794341972301e-03
-5.916101013963004362e-04
2.209916331657568733e-03
-3.056777762366902351e-04
1.822853973654225967e-04
-9.993169070354745998e-04
-1.148502453218958053e-03
-9.714885159595176845e-04
7.845122760690159680e-04
-1.258062077475807783e-03
-4.421210434955025192e-04
-5.663096704227044142e-04
-1.104879189787855154e-03
1.464660297522346610e-03
-2.280765062867562420e-04
-1.285288787576055469e-03
1.013840996721304677e-03
5.080458578512470069e-04
1.500040368288768633e-03
8.427086702145203390e-05
-3.224922486926296017e-04
-4.438585504891179312e-04
-1.047719674292180159e-03
2.094908150247265510e-03
1.343791154338580540e-03
5.080671303436812281e-04
1.074047207806128057e-03
4.368296079018119116e-04
-1.548494935388333715e-03
2.219735644843900957e-03
-5.540914216415337989e-04
-1.895404399906874815e-03
-2.651381930887097838e-04
-4.270277217393037006e-04
-5.962912865342673285e-04
3.672869899840058849e-05
-6.377626960505367038e-04
2.481712693669368974e-04
3.647109299940165528e-04
-3.324426017603521188e-05
-1.464962653570989204e-03
8.253037788070738401e-04
2.958597105129356919e-05
6.811117445484349275e-04
7.783500997375902841e-04
8.798885360539188127e-04
8.553473643728715103e-04
1.636456097826144429e-03
-7.618028841605006818e-04
-1.586668707809213430e-04
-2.970292087207671017e-04
9.295722197677491749e-05
2.511092721793062310e-04
-8.634717963198479396e-04
3.889744352527646498e-04
2.615808401186470178e-03
7.431411664566844877e-04
5.555739134790460554e-04
1.882492701590354756e-04
-9.910303751063942457e-04
-1.495508133120493355e-03
-7.332305202332189964e-04
4.999968446934843769e-04
-7.254697100602669479e-04
-6.430827142287487419e-04
-2.374741661725909836e-04
9.123386628222540651e-04
4.109451191420809835e-04
1.412498084192304049e-03
2.109651289721181655e-04
5.837610912802215779e-04
-1.425735789546411780e-04
-9.791828069238839305e-04
-1.087595637252025682e-03
2.102395418793534532e-03
-1.815487528873838130e-03
6.500320254110292240e-04
1.789749878394752969e-03
9.364645297005314006e-04
9.904800289359805276e-04
1.051548228756526981e-03
5.747228264698645006e-04
1.727649674987619122e-03
1.085644944999186734e-03
6.399172893831739373e-04
1.171394814355242175e-03
2.068603101483601492e-03
2.196411292129551995e-03
8.573088133643214093e-04
-6.167800295764358509e-04
2.016116370044951367e-04
2.029848339657913669e-03
9.012731915936100791e-05
-1.394019472458207787e-04
-3.745505243928359818e-04
4.410222616169079402e-04
1.203806611584257169e-03
1.670570026675033404e-04
1.701161862483813181e-03
-3.750621021083588857e-04
1.230032820874749078e-03
8.512874441566342654e-04
2.115011385239284891e-03
-3.351010753291916444e-04
1.503840931362576683e-03
-1.454432079693646074e-03
1.206618065715758803e-03
4.865489336094430683e-04
1.318290230882146474e-03
1.414735803910271983e-03
-7.313506861321705799e-04
2.144683032916372412e-04
-1.884151043729742625e-03
4.022827808543016914e-04
-4.035781964089046880e-04
-1.241909135600183234e-03
1.620830455919985980e-03
6.020385854095255951e-04
-7.557886122031565179e-04
9.052213258224917070e-04
2.217919961204906087e-04
-1.791485480016064002e-03
4.477240361184797734e-04
8.635391893812016662e-04
-1.520400141513666981e-03
7.016806882071957574e-04
-1.069885954336768918e-04
1.929342689444002445e-04
-2.708868818543930246e-04
3.054442979011362524e-05
-6.005469784784445153e-04
1.450828516649238509e-04
-1.501254889694436656e-03
1.117572410864742238e-03
5.769492521112695727e-04
5.001740717158753569e-06
-1.371233148257822165e-03
-9.285302282857621492e-05
-1.696739149164461224e-03
2.708597291698477960e-04
1.721883712028526858e-03
-1.585935342172550833e-03
-2.720895761958441739e-04
3.367005396892608360e-05
1.008684803949666531e-03
8.062702014606237810e-04
1.745336493583993231e-03
7.030013439419668941e-04
6.984529559836971657e-04
1.345451621834081735e-03
-8.330308493409432913e-04
-2.649018920664047982e-05
1.525164621138275223e-03
6.148278407613894103e-04
-1.146834033252774887e-03
-1.142964945208158056e-03
-9.606660147052359378e-04
1.949394257996228674e-04
-1.760164743776160279e-03
1.199180776494168654e-03
6.058426721644583068e-04
-7.657726220291483088e-04
-6.202136384159118165e-05
5.714593042844828830e-04
-5.778776579368205546e-04
-1.525944380640353870e-04
-4.007743631930793526e-04
1.367823973865700538e-04
-8.736926038439563058e-04
-4.012221802789373015e-04
-7.263073547041365430e-04
-1.753930235681933070e-03
-9.666538960999560004e-04
-8.021479548743215560e-04
-6.653284515509838570e-04
2.006231723843399095e-03
-1.249013630366224703e-03
6.793193225389515533e-04
6.120933286779539628e-05
-9.115053014534524323e-04
-2.512202593811796447e-03
1.944014510692371189e-03
2.299001557704016818e-04
4.135855711582259175e-04
1.368957179342933372e-03
1.291989276960947564e-03
7.105089040493339780e-05
6.568124721419987821e-04
1.835412907256195325e-03
1.269410901302725492e-03
4.383385110542370455e-04
1.153610877923760825e-03
1.988125959506703566e-05
2.022661163536998430e-03
-7.101747910340794334e-04
-1.209554469900231410e-03
2.089641123123264776e-03
-5.015757483459726274e-04
-3.166779472274505736e-05
-4.633826463473766921e-05
1.322392420819440417e-04
1.393074428443608070e-03
1.110403292681194642e-03
9.759784696350415345e-05
7.027814472688742597e-04
1.103759773567469793e-03
-9.726947686716780339e-04
7.743978984753319139e-04
1.703545099539072183e-03
1.084979644586647751e-03
5.207946108816141617e-04
7.836658125015549814e-04
-7.447344875524120056e-04
-1.467711252459480420e-03
-1.126124368942216236e-03
2.074119761557691177e-03
1.416390643331988386e-03
1.424816478716728341e-04
1.473495111479206088e-04
1.373377320983637517e-03
-2.195642535687714059e-03
3.210373543505173899e-04
9.102998339081125323e-04
1.915414484340738355e-03
-1.642893405739975776e-03
-2.551395977912873647e-03
4.230560653859516407e-04
1.870788241049581302e-04
2.801029343852956544e-04
2.491538437246365589e-03
1.177636578422180946e-04
-1.526068594291718483e-03
-1.810045216408262547e-04
-2.066188979157335126e-03
1.822709636437602754e-03
2.143319918339603447e-04
8.618133615059253572e-04
-3.404896128420542567e-04
-5.077246419158409907e-04
8.526068585816837242e-04
1.384744344255395276e-03
1.227135158486492017e-03
-9.322580365427324267e-04
-1.660287773691537794e-03
-1.647091642166254033e-03
1.118440771208817353e-03
-2.333886215890146332e-03
2.734189600337444404e-04
4.887909909347953885e-04
1.786133734802630713e-03
1.023841010808546059e-03
-1.663441551743360947e-03
-8.986334372362847489e-05
4.567133191561989491e-04
-1.486463985244101949e-03
8.939491219608353134e-04
1.719275126501162987e-03
-5.276184558118401924e-04
-3.006263174321066600e-04
-8.693310236054241358e-04
6.966408177677685387e-04
5.922306514820618872e-04
5.284410469972300461e-04
-5.851427576417655985e-04
-1.579106001877716992e-03
5.586287109553556007e-04
-4.312251401137334739e-04
-6.975372889619357863e-04
2.821711543348204287e-04
-5.339947834890335088e-04
-9.696482231762448833e-04
-7.891113824598505744e-04
2.873671192922255813e-04
1.080676767946320282e-03
-8.516968771454802578e-04
4.791953690865824456e-04
6.578511333490411062e-04
-9.072981396067714144e-04
6.319210851568612952e-05
1.644866431770974913e-03
-1.439940610824086420e-03
2.543926280222930103e-04
-9.177603210106521914e-04
3.202008468221606563e-04
9.943620620900261997e-04
1.662442882514270082e-03
-3.643503966952454931e-04
3.548904049635037694e-04
1.102393127319745147e-03
2.436237229797022508e-05
-2.770865614607487259e-04
-4.913322836641587088e-04
1.029594042862624903e-03
2.045146217379834042e-04
-1.476968231094666351e-03
-3.124188174145503538e-03
6.460839242821148076e-04
-2.167689314949150514e-04
2.116161657781390204e-04
-2.176565985275935589e-03
2.810955280043714311e-04
9.273722032518971758e-04
-1.404617335775570908e-03
-5.506142068161246073e-04
-2.167166055210945075e-03
5.422044300258388461e-04
3.536626061240166763e-04
-1.123958929251100969e-03
7.179779733037516820e-04
-7.897015835187648491e-04
6.002621826119991510e-04
-1.124684200428660574e-04
4.053207174630202303e-04
-6.607519350398938229e-04
-1.539316345924301999e-04
1.199450439013372005e-03
9.612698384175999422e-04
5.088025220552072625e-04
-7.969760772552625383e-05
1.543822863598887096e-04
1.122546971633386903e-03
5.757815371685293115e-04
2.602525458153426285e-03
-8.106700652887877112e-04
-8.440447916850946086e-04
4.450027702576075939e-04
8.330893859873622631e-04
-9.455183447721893231e-04
-1.736422210341093120e-03
-2.244916794854168174e-03
1.757646078158758840e-03
-9.529781893267141868e-04
-9.522568848869816804e-04
5.677638336778478845e-04
1.544105113949756358e-03
-4.501386438133803125e-04
4.039144601413191538e-04
-2.531811034425235363e-04
-1.922403869526023712e-03
-4.411269741484424856e-04
2.532782987313630940e-03
3.955340408121621465e-04
-1.374506068240632928e-03
6.290397554151727633e-04
-3.334069755276392044e-04
1.045757824562620897e-04
-5.209209672949466352e-04
5.598813997520490915e-04
-7.912046831053398677e-04
1.427647170650914177e-03
1.921163921352331272e-04
8.870522286588133909e-04
-1.072187913812916449e-03
-8.327180579992266019e-05
9.577642309921419184e-04
-1.785485261384778255e-03
9.346363901856502565e-04
-8.989460961328354927e-04
-6.410693136131850878e-04
-1.364079035077736535e-04
2.118513187511439355e-03
9.633872826548817159e-04
3.863448756560305952e-04
2.811658565609054250e-04
1.826981895183044102e-03
3.948629008049264755e-03
-1.610638877357128962e-03
1.608889804268542889e-03
-6.669758061998987131e-04
9.372468073298723112e-04
-1.235430037024531913e-03
1.138486673637251201e-03
1.614612519615921116e-03
7.720277027802868730e-04
-1.318266469302775690e-03
-2.040911916209253718e-03
-2.299427848724278078e-04
7.353928070168436193e-04
1.803586210851859661e-03
-1.063947346165328156e-03
-6.186101914080754938e-04
1.780311807583201400e-03
4.719196649809465072e-04
-1.694927813423730001e-03
5.931562002134960210e-04
3.404167306151340000e-04
-5.189089815040848208e-04
1.635377177375829660e-04
-1.413145512736413423e-03
3.322137684369508293e-05
1.397856953185616646e-03
-9.984310509785210286e-04
-1.217531664373439071e-03
-1.152249752685019502e-03
1.527695743241963555e-07
-3.847989619103486802e-04
8.685195914603927037e-04
9.582984028280172595e-04
-5.469807650100300123e-04
-1.109301014124097762e-03
-1.280747525319814173e-03
-3.712136080302741448e-04
-7.316434071698019181e-04
-5.235814693209661641e-04
-1.703226316922767936e-03
-9.416263265547009098e-04
2.921356670546604306e-04
-1.542351270300557076e-04
-1.275496994245894911e-03
-1.029129840490972114e-03
1.966000818061086619e-04
7.828483547267506282e-04
-5.194618806441120284e-04
-9.171212056888755626e-04
-1.304526705335096182e-03
-1.356362036288416562e-03
-1.034536497391158605e-03
-7.066649493376875313e-04
-7.417146639747684844e-04
4.969509799577220832e-04
9.298445063061766547e-04
-8.700274608084423988e-04
1.007337961222987133e-03
-1.192777125316180076e-04
-1.103004663911333338e-03
1.327320764194395153e-03
-2.485291021283586588e-04
6.366075160022521828e-04
3.996933370387090179e-04
1.420009733628768700e-03
-1.267147703657212077e-03
1.251733504736840530e-03
5.748381780958933263e-04
4.264179894213349087e-04
-1.914111810453755780e-03
-6.450196824263620954e-04
5.096335021272935251e-04
-4.992983900651282170e-04
1.817850085911620894e-03
1.187253620930750486e-03
-7.690636270218931259e-05
1.440643643908501303e-03
-6.032339399668629198e-04
1.523159724698963657e-03
-2.419816988779022182e-04
1.506348089878484231e-03
-5.040040898121045387e-04
-1.429282027438638636e-04
1.104144811715501717e-03
1.680115664457693114e-03
1.034457512585795769e-03
9.890543587474098786e-04
7.883742389891423841e-05
6.466963115241419757e-04
-7.973982332492024483e-04
-1.155842188502731460e-04
1.661654940115164791e-03
-9.061007559250100485e-04
1.984836703231795951e-03
9.454325669653318442e-04
-3.289010823586124843e-04
1.559546747417428492e-03
-2.875541088149802249e-04
1.121261743450174819e-03
-5.558592798784456335e-04
-2.423828855726783971e-03
3.881224858661713739e-04
6.035157596984142003e-04
-8.012729005177909869e-04
6.525765229969948678e-05
7.905334067423996913e-04
-1.729826854814042747e-03
5.774145464256807969e-04
8.716916476467773123e-04
2.675180042708280581e-04
1.016560123878740285e-03
4.975514669383063193e-04
-9.290828245922533313e-04
3.670322151270166700e-04
1.994053143405949413e-03
-9.913375614503117106e-04
3.590084236708701582e-04
1.317441197310031953e-03
-3.694668780740428815e-05
-1.780827279141306008e-03
-7.816386179830825398e-04
1.084868381290515771e-03
4.759712301178886662e-04
2.670753588867036399e-04
-2.026502258138496160e-03
-7.576206099590976351e-06
1.020690491436715419e-03
3.826533860997738401e-04
-6.748707801904618719e-04
2.352049948995960094e-03
4.425886045955618187e-04
3.328552380623683860e-04
-1.252828213855972095e-03
3.118555103009956753e-04
2.107186207950473289e-03
-5.485459749865473356e-04
2.336699799745378670e-04
8.498895733264344443e-04
-1.678766129567188514e-03
1.917930604572237741e-03
-2.573754942594153050e-04
2.299613103083020249e-03
6.625785297065256430e-05
7.485843526193747266e-04
-2.080616542077251552e-05
2.627501185958891483e-05
-1.019567919584574156e-04
-5.501701617502963160e-04
-6.882982880296317774e-05
1.598680102157468141e-03
-5.210008307776625713e-05
1.078716193546824798e-03
1.414414103228622821e-03
-1.066939330480742854e-04
3.635957111436383116e-05
1.035135176109980293e-03
7.311315885383251612e-04
-4.564955182277952161e-04
-6.428688741320076616e-04
6.755282615453772621e-04
-3.405073983143935834e-03
-1.106895072524594070e-03
1.222312393924340768e-03
-1.851860465713617288e-04
8.756227165849228555e-04
1.160355416449654342e-04
-2.590303273368954606e-03
-3.757444529361997354e-05
1.488964263832937007e-03
-2.684335089524036988e-03
4.040846729569391726e-04
9.041600296755269994e-05
2.463440245776826742e-04
-5.282292992663251141e-04
-1.617038740180598566e-03
4.785272722804823076e-04
-5.873259297810573543e-04
1.567981155081943356e-03
1.833857971900165751e-04
1.229862639739121022e-03
2.576842926058642291e-04
5.512924337227609328e-04
8.846630235308516887e-04
1.323092322334851190e-03
-6.101742880295635274e-04
7.168201996115008967e-04
2.761239486879230043e-04
-5.623612110339237802e-04
-1.826496946025324419e-03
-1.371782571663038297e-03
-7.396376068933285808e-04
-2.515943580145840741e-04
4.550497886370852285e-04
2.588513503367639856e-04
1.334671556827426997e-04
-6.131284906072398400e-04
1.384040979615974720e-03
2.023336363417449490e-03
-1.038076720759173455e-03
1.051695257125118133e-03
5.566871045517007843e-04
-5.308505286598652617e-04
-1.613930688983300499e-03
-4.521089883693374389e-04
1.278662207857106381e-03
-2.619368730376603338e-04
1.382416743347381072e-03
3.443025589273673859e-04
1.586671899617586590e-03
-1.186122248221677111e-03
4.179333589853229114e-04
8.125845231043982153e-04
2.766562308618603083e-03
1.675066680644876627e-03
1.172719878825390083e-03
-7.486137422432204147e-04
3.286286578243480250e-04
1.903468026126065027e-03
-1.488433821972057203e-03
1.335434195739004792e-03
-8.426218496837556415e-04
-2.820046024738509516e-04
2.637483085055070120e-04
-4.336593755287498908e-04
-6.618714116106705347e-04
-1.546445540357987980e-03
5.520047111322590183e-04
8.286263499868162796e-04
-2.650299061517369381e-04
2.170424734433185066e-03
1.288563706372425344e-03
1.120744825739761197e-03
-1.003511538358869970e-03
-2.779391666878350264e-04
1.184178121835355313e-03
6.801709593318161495e-04
2.007398433594875797e-03
1.075316591099273467e-03
-1.359727162262069911e-03
-4.639310193010892647e-05
1.157670855491677031e-03
3.536156026182624146e-04
4.539326287900102841e-05
3.096971646343593676e-04
1.313423563721327625e-03
1.203458724146955205e-03
2.224013961120707705e-04
-6.003996431882541174e-04
7.741161921930306278e-04
-3.274660686487518291e-04
-1.640007114134256483e-04
1.184251483819398487e-03
8.264982508405793737e-04
5.766560018987121339e-04
-3.398505394345274766e-04
-8.749775331873266282e-04
-1.645403504141773610e-03
1.959005443415318126e-03
2.749093772869137808e-04
6.627972850110630532e-04
4.341577411177688361e-04
-1.210493807319412696e-03
6.712991722810368600e-04
-2.685385976559651056e-04
4.025874043638300037e-04
1.311447568862922353e-03
-1.886703846626813785e-03
-3.794747195087211367e-04
-3.956383520666850728e-04
6.800071098236326606e-04
-3.360521185846732095e-04
-5.213074391747785086e-04
-1.399542044514978656e-03
7.390202564285797138e-04
7.955316194598882618e-04
-7.582455232646445609e-04
9.069327254649373060e-04
-8.258575480017960047e-04
-4.521303357647443733e-04
-1.855276329442601124e-03
2.790011074076392816e-04
-1.790859470824912592e-03
8.851264404308167855e-04
5.781567634386419741e-04
7.596119117565525158e-04
1.431659074732083425e-03
9.349074174340721299e-04
-2.776882369039945786e-04
1.589661910896822405e-03
-1.764683302862835035e-04
-2.429832714354596135e-04
-1.688400041028881304e-04
-3.072596468745025788e-04
7.852159948449344284e-04
8.678938367854271974e-04
-1.999846133017735283e-03
-1.221811862413213490e-03
5.646914966570548700e-04
1.734100922918813126e-04
1.475641072016253830e-03
1.570974684997006321e-03
5.121661568669999554e-04
-1.463424657534684314e-03
1.796034609224728129e-03
-1.491326591240849098e-04
1.326384930330437584e-03
-9.272983725021610724e-04
3.549988528577241453e-04
-5.575980777103861641e-04
-9.792553449350371864e-04
1.383934379399542891e-03
8.388324769474930775e-04
1.121588329082712221e-03
3.089381236045518619e-04
-7.694244635376712438e-04
-7.250118868191712806e-04
-5.966325926296534021e-04
-1.001812524172862595e-03
-1.242463086600364974e-03
-4.497154746032627770e-04
-2.643840992548884827e-04
-3.127829085079580906e-03
4.488802823374715700e-04
9.387913134184522335e-05
-9.384216600183403756e-04
-8.729372946687519175e-04
1.030818576849723556e-03
1.747684816834738086e-03
-1.534606070783706144e-03
-7.734089804343202701e-04
4.913038795775204193e-04
-2.472157483794923394e-04
-1.135560435286064873e-03
-5.775801342688957618e-04
1.485396410520367638e-03
7.857928489773957637e-04
-1.444027123236324428e-04
4.886373547861033728e-04
-3.845355279465945131e-03
-2.150401011695279863e-03
1.289799528781943039e-03
-6.182313966940355954e-04
2.310057885890337559e-04
1.248977150174024331e-03
1.060769966666041952e-03
-1.990970015480542088e-03
-2.023531891932828231e-03
8.461513541122567261e-04
5.920360743767449918e-04
1.616089121725394762e-05
1.097450456164494881e-04
-2.376637116936031191e-03
2.516025416788414404e-03
2.764714394909439932e-04
4.798692371577040205e-05
-1.648068879524178243e-03
2.088415531964704641e-03
1.093882708407267756e-03
-6.514409286006994648e-05
-1.022916790594630143e-03
-5.962186101935440519e-04
3.179149785348389656e-04
4.055548545960352413e-04
7.190702697057460568e-06
1.343792499424401043e-03
3.553229188168804953e-03
1.170030591721715751e-04
-3.515764840156254678e-04
1.145816504490859700e-04
-9.651796689602587520e-04
4.191548746426132510e-04
8.104005432225669381e-04
7.351620098299260775e-04
2.316477109854497840e-03
-9.153375370680727485e-04
-1.433300251054925312e-03
9.746843530800131106e-04
-1.440442215166592987e-03
-1.334339361824810055e-04
-3.094020422618193322e-04
-6.176653887923766462e-04
8.737942898644490697e-04
1.027164296140581357e-03
2.523757514395930102e-03
1.079340903017644848e-03
9.542482831530474385e-04
2.639426480197659686e-04
6.769835869895324265e-04
6.106179223583918514e-04
-3.947518188440746201e-04
-1.398816942117075968e-03
-5.179952235738749522e-04
-2.166748832204135056e-04
2.720815800356657377e-04
1.390252768743271972e-03
-6.458764020171869902e-04
-9.058399865915500726e-04
6.845019118786321854e-04
-1.362756868349856987e-03
1.793877021663670135e-03
1.785403494386494927e-03
-2.609214445037366659e-05
-1.831258717730932517e-03
-1.664985102540095241e-03
-2.258395610823304978e-03
6.368040472677360953e-04
-2.551995766946868471e-03
-1.765676638980417934e-03
1.687203487438448946e-03
1.310619056158701667e-03
-8.528063263502083657e-05
-2.109129047430213788e-03
-4.679399907292491889e-04
8.541775267139062322e-04
-5.222270330245137870e-04
-1.612811616404918880e-04
-1.392515016716666665e-03
-1.556171332977029920e-03
1.018250070967674503e-04
2.588173060011911275e-04
-1.886947765867397209e-03
-2.374702787261151471e-03
1.449518899434787400e-03
6.019454377452770899e-04
-1.448911904920802129e-03
5.240790534053463290e-04
8.658159604717496904e-04
-6.432277105616890367e-06
-1.095230829720739152e-03
-4.821753112418392107e-04
-8.475443596718257311e-04
1.538976185145202180e-03
-1.250637914257168859e-03
9.114107607275379053e-04
-9.049127758498087815e-05
2.149852043307198812e-03
1.032020643626507805e-03
1.341447316624000408e-03
2.855692217269556465e-04
-7.327504836189824289e-04
-9.782624894127955884e-04
-2.051408942906896016e-04
4.557450041953181596e-05
1.992923919885702944e-03
2.701016189125660105e-03
-1.074081771164081545e-03
-1.971082039982308132e-03
-1.610664289140029126e-04
-5.121654848319057152e-04
-4.725530865807847647e-04
-2.811700156413188267e-04
-1.439110904048801487e-03
-7.773296391784256798e-04
1.177288559006450797e-03
-7.630752305414212344e-04
7.566952270865456853e-05
-3.354702444866575206e-04
3.537090155436573014e-04
6.365135433779034457e-04
2.860500477985805645e-04
-2.413977404408740313e-03
1.540319822900704239e-03
1.248262743309913603e-03
1.421246322630409509e-06
1.890896210753334472e-03
8.327363985194402574e-04
-1.296792787321754403e-03
7.528085113908122850e-04
-8.875437295585708597e-04
3.114742810024662134e-03
5.030803108811987556e-04
2.124791529690917002e-03
5.169386136425480061e-04
-2.733543894809065122e-03
-2.258865963811196309e-04
6.335314809107206457e-04
-2.333195601577742195e-03
2.898799726005485411e-04
7.050550024525481518e-04
-4.718289020275712176e-04
-1.459065260758007909e-03
6.000775883214792827e-04
1.145193141453004770e-03
1.133193947119526257e-03
1.269837574199961239e-03
5.473972896421486212e-04
1.553887507473428187e-03
8.149391543237349822e-04
-9.464646505181750769e-04
-1.545237090368800636e-03
6.109664572711004382e-04
1.314763086037951112e-03
-1.437157808585443064e-03
6.035547443763444875e-04
1.972796982681268574e-03
1.290099587344384346e-03
-1.814436515947814854e-04
-9.825894802475421130e-04
-5.052532108631435648e-04
3.603406731922387252e-04
-1.002321694477004144e-03
-2.522875275992042532e-04
-9.515023647159726039e-04
-5.681182702657050498e-04
-1.422702194385561114e-03
1.825034707463757400e-03
-4.982247108644699551e-04
-1.130317106192713084e-04
-2.336881164580084658e-03
-1.954003066173770620e-03
6.508640742355353837e-04
1.419494601299753356e-03
-8.243081858112510929e-04
-3.808093192561035067e-04
2.171310132328185816e-03
1.415664544159200844e-03
-3.149563218638462558e-04
-2.010791916283061198e-03
1.362223448216237642e-03
1.962555618323813533e-03
8.387598848207389324e-04
-1.824084682277904434e-03
6.923431990781825363e-04
2.581734431923443651e-04
-7.783794425906265246e-04
-2.129387055395559614e-03
-7.038766278997243830e-04
1.969862667929866973e-04
-9.419029013868485123e-04
-7.610300242446577101e-04
3.729787926922689678e-04
-2.636437082121911857e-04
4.652872157171472622e-04
-1.915729784776942779e-03
1.811926242258898867e-04
3.804018848627688243e-04
7.819996651630134465e-04
-9.005937811470410281e-04
1.809274710801389574e-03
-6.178455699477058971e-04
-9.326768701061194378e-04
-2.080471695462549064e-04
2.394294828140131060e-03
5.525341710221898239e-04
2.693343548175519686e-03
1.901446196298284264e-03
3.211912825205054389e-03
-1.185305103297062956e-03
4.617561246873513880e-04
-3.232639312922280794e-05
1.288976916733464151e-04
3.225419310126653727e-05
-1.179161359453173574e-03
-8.167396326932419015e-04
-2.288373802195708961e-03
1.542984577920014644e-03
-1.420955807309720598e-04
-9.090024710025623733e-04
-9.925259149223819577e-04
-2.242334479156671279e-04
4.347116067708878262e-04
-3.660625605077516553e-04
-6.559451020970996638e-04
-6.789383870979825986e-04
-6.491560706136656478e-04
1.934413272820290075e-03
3.496202231396683402e-04
9.157471337446487780e-04
1.606893437653411638e-04
1.476186484111963182e-03
2.284642809375903028e-04
-7.571477130530190891e-05
-1.432611537154571124e-03
2.112205641255249233e-03
1.700975294653295222e-03
-2.505578877776137858e-05
4.007273392172550075e-04
4.615028783794272726e-06
3.761434902560534255e-04
-6.620550262566027300e-04
-1.566010538700313148e-03
-1.490563895250707205e-03
-3.840249112849747348e-04
1.415658377358131048e-03
-3.741598250592836905e-04
-1.707117359909915422e-03
8.654832944321455557e-06
1.974609279240757687e-03
-9.727342664851423848e-04
1.728945703626694197e-03
-2.373498287537856299e-04
-1.220775705421672797e-03
3.179549660492497765e-04
-8.822763929483556922e-04
-7.474163584717530284e-04
-6.111336561935853950e-04
1.348448192020734737e-03
-3.683786051940085571e-04
-1.398982363658651806e-03
3.105073711882955223e-03
3.515102305922113146e-04
-1.150581848405884955e-03
1.696864141581322372e-03
5.621585956356867086e-04
2.710222545048157627e-04
-9.775421286055685499e-04
-1.542140325989427296e-03
1.320699570833250291e-03
6.452375165026946746e-04
6.550986625348809156e-04
-1.690446921462251950e-03
-6.798552831748239100e-04
1.888785484652766300e-03
-2.614433652018188781e-03
6.349676679335836127e-04
8.251469153262025458e-04
7.762413461547268412e-04
-4.217158087851391457e-04
2.950773314145394011e-04
2.083481705517087335e-03
5.052426923299879746e-04
-4.945453637528185453e-04
1.110368624077429089e-03
-4.387873579669854252e-04
-1.912428236690022487e-04
-6.385139930165095734e-05
-1.265324326240824249e-03
6.178322308738604107e-04
-1.861291296337386214e-03
8.128743735671406512e-04
1.495727094506626997e-03
3.132696387455613518e-04
1.367182169367264777e-03
-4.909888923343430633e-05
2.593613444576092775e-03
-4.184359222969558090e-04
5.020146943326420086e-04
-2.329425381897287650e-04
-1.476605706828726383e-03
-8.293663827589892179e-04
-1.274450154949535730e-03
-2.432730703898489111e-03
1.961403409100004325e-03
1.011150132563809478e-04
5.111319241923872880e-05
-1.511585082681010661e-03
-3.783083157282707276e-04
5.496401848721355066e-04
-1.524609770637619377e-03
3.879411330018900372e-04
1.243504805401585145e-03
-1.730371264861529923e-03
-4.845944972677873608e-04
1.524463682096577344e-04
-1.519434426279442363e-03
1.615574607171543775e-03
-4.604819609888011200e-05
-1.827989799296769746e-04
-1.090967977568801928e-03
2.401742603166390211e-04
-8.887661502094967858e-04
3.939209746648408839e-04
-7.837407550945751922e-04
9.673373530310058754e-04
-1.941130885650288462e-03
1.455402278500050883e-03
-9.089093402807613131e-04
-9.806914745704720104e-04
-5.662546454601180557e-04
-2.389293281435111993e-04
1.808909593201679655e-04
5.676178722080482686e-04
3.037589955460662239e-03
-2.041444228775279868e-03
-3.350844890681603516e-04
1.121611962449309274e-03
-7.803449018990438191e-04
1.409415776054689928e-03
-3.313978605061773663e-04
-2.418754131776612581e-04
-1.267540340165851376e-03
-1.789453037631005827e-03
3.441547366178632217e-04
5.287707033272415202e-04
1.710192000731414197e-03
5.960044563353417146e-04
-3.430325490942909283e-04
-7.210082104569526251e-04
8.552199996714193730e-05
2.038944501852046898e-04
7.801007036287721519e-04
-8.395655336923546486e-05
4.756167372814701366e-04
1.272453456648836578e-03
-2.051504138222970397e-04
1.359895238274733131e-03
1.394308016102963066e-03
-6.142695800990249921e-04
5.081909626296621241e-04
-6.343755113944471447e-04
7.342148786442237451e-04
1.046504884878007857e-03
-5.954747201615262497e-04
-3.788286349475145087e-03
-1.640259633302942888e-03
-6.364361390913675365e-04
-9.835377528801814151e-04
-3.501530789831175383e-04
-2.153701895718951320e-03
-1.359383233754396514e-04
7.673084667740859288e-04
-1.250292764880533980e-04
-2.424792009230181122e-04
-6.762578773393812526e-04
-1.271520613119525578e-03
2.020323292331926979e-03
-1.666354445210460611e-03
-8.482622534826678162e-04
1.564013834160160599e-03
-1.662339420863911954e-03
1.716544400570008122e-03
-1.200975323228714586e-03
1.532292427901094101e-03
1.244179298817593704e-03
1.365689816306137061e-04
-1.193212184806169418e-03
-3.604539619386226690e-04
-1.678133028093498069e-07
6.439244406966082579e-04
-2.551633467235969732e-04
8.841079281554087288e-04
-6.555687270592969185e-04
-1.320060233311659559e-03
1.094004622980593311e-03
1.314878678515984944e-03
4.721635213522645813e-05
6.746609194034913770e-04
3.891721311743978617e-04
1.378444254906296962e-03
-7.612638844967101193e-05
-2.572986656066422739e-04
-3.244939541267033434e-04
-1.534817558403123172e-03
-2.142380259762433070e-03
-4.268236550588611067e-04
-8.122247470554455617e-04
-1.635080837350866290e-03
-1.770043884330441131e-03
4.256453261075598959e-05
2.848688140849597872e-03
3.201954311931043407e-04
-2.608884864694349659e-04
4.023356534845756727e-04
-2.967820748873695180e-04
-6.762767839163519312e-04
1.152561599045087704e-03
-1.205107422659779104e-03
1.406983095313396603e-04
3.656419916442388285e-04
1.925852011561701715e-04
1.086611624218747352e-03
1.210606131769820237e-03
-5.764049935663706492e-04
-2.730653968662899445e-03
1.548611371651187341e-04
7.192907685253935313e-04
-5.979841515020289933e-04
-1.627324073192548681e-03
-9.216578228177230159e-04
4.122942050184708052e-03
1.139278770396101592e-03
2.817009421773875033e-04
7.039960765451436231e-04
1.598573388634338954e-03
1.485783107634253142e-03
-2.909014561702782942e-05
9.640355251656629321e-04
-7.907860224709573060e-05
8.965349841465464209e-04
1.093265857836644983e-03
-3.277703973298962126e-04
2.488879170825741838e-03
7.939920167119307592e-04
-1.408351701146504098e-03
3.820791336059947696e-04
8.338369121168032194e-04
9.473958081780420315e-04
-8.568934829833452227e-04
-6.353145602420173788e-04
-7.262688024201047199e-05
8.607171318071316080e-04
6.508339587705247453e-04
-6.616294566468283733e-04
-6.976138221153060925e-04
1.796419513893976472e-03
2.276063948559947647e-03
2.029300938380940167e-03
-5.346073386061078736e-04
-1.347795401019480366e-03
-5.209878515870514093e-04
1.365435723625241238e-03
-7.761462693192111573e-04
-1.866112420982668496e-03
6.980305388484264739e-04
5.792942051960903171e-04
6.062613822526152774e-04
2.147853048040104795e-05
2.496614339173586217e-04
-3.141168925533399658e-04
1.746248661674609792e-03
-1.187479250074785497e-03
-2.198240526108730108e-03
-1.649136434095810344e-03
9.314309052967928437e-04
-5.971197618848123057e-05
-3.837880512589375570e-04
1.699340842831187359e-04
-1.037963689450860372e-03
-2.012242840227607132e-03
-1.436434459511914952e-03
-1.121950719671804819e-03
-1.081904126276178602e-03
-2.231000228694046683e-04
-1.695028830705158640e-03
8.809102824249848140e-04
-7.031679613409558272e-04
-2.852449964541037275e-04
-3.826230754784276655e-04
9.270554278533182924e-04
6.655318533388410174e-06
-3.272741286119984494e-04
-7.322604472799199016e-04
3.214218082807640542e-04
3.194345557377964440e-05
-1.600335445832712367e-03
-1.568907906006611341e-04
-7.362724040038681750e-04
7.780992332533376299e-04
-3.665041663847290465e-05
-2.538566524072916053e-04
1.932157180145610553e-03
-1.711371351943880015e-03
-1.891035467787016700e-04
4.626604814419454925e-04
4.022879720642080770e-04
1.058058187710209097e-03
-1.732910503813078762e-03
-3.799259958972012186e-04
-9.003938901130936756e-05
-3.439767559596518254e-04
-1.023448580403263364e-03
1.403862135572975234e-03
1.248656175262707890e-03
2.235819925360260640e-04
1.944667097371066689e-04
-1.275060887873102899e-05
1.136028508236242018e-03
-3.163311938048085636e-04
9.460818484994248934e-04
7.119012986720463232e-04
-3.683988616096645075e-04
6.289055391897058200e-04
-4.764845547533536063e-04
-1.008974550302799145e-03
-3.642735821598463986e-04
-6.173533631304017888e-05
1.925967718121590622e-04
2.527715174249767216e-04
7.288490090184840398e-04
-9.219057756268966841e-04
-7.849093937435380752e-04
-4.154278266175204237e-04
-2.750036551224521730e-04
1.270444550405258610e-03
-2.716296322777811412e-04
1.210699548833682471e-03
1.351063966696264274e-03
-1.143460578186372700e-03
4.575525958117054870e-08
6.532261762355329182e-04
2.379532336793666047e-04
-1.806266736225969893e-03
8.269661276911755010e-04
9.346071602351901930e-04
-7.306217316542795714e-04
2.768651567699453864e-04
2.415729137420719042e-03
4.651755286053660399e-04
1.968988390064430050e-03
-3.456788254396769844e-03
4.899584372182186343e-04
-8.437020712031007008e-04
5.964168411807246883e-04
8.200634028754372196e-04
-4.841416754899352526e-04
-7.474251541015330957e-04
5.401289356063987412e-04
-8.563021985041885387e-04
-1.603672695777991208e-04
-7.018548159849480328e-04
6.975489518825650492e-04
6.924356826853994562e-05
1.437747572339276303e-04
6.420551160541965174e-04
5.088933961743258294e-04
1.045769095319171171e-03
-3.452987553748787519e-03
1.411054386903476399e-03
7.096981143210889798e-04
4.002998365120191693e-04
-1.512333803872500937e-04
-1.423760977372179326e-03
-1.898479790051421645e-03
-1.741605522037836806e-03
-1.698825391226899129e-03
4.752859840242429357e-04
-1.747341036211214060e-04
-4.004089511226993636e-04
5.190348122958710064e-04
1.262872587612040576e-03
-1.293144987101868537e-03
-2.069409483517414827e-03
1.658968488541745501e-03
7.321621802551803171e-04
1.541215578648724716e-05
4.663910293747353109e-04
7.541238899249069760e-04
-2.001254233525040505e-03
-5.899849548356428386e-04
-4.784491051725847655e-04
6.601952434563962413e-04
-4.037083315013845208e-04
-1.226888846999063531e-04
-9.768254593804925889e-04
6.413898777268833840e-04
-5.784028740163371651e-05
1.843049534986374027e-04
-2.036346040799053014e-04
-1.574510679909213451e-04
7.641894874366172985e-04
-6.541042531424956508e-04
1.157467458561267648e-04
-9.914966551782811166e-06
9.989306672864017855e-04
2.821909325427807147e-04
4.953914379268731238e-04
-1.759641424280422584e-03
2.776902614034515437e-04
4.625530687494272541e-04
5.433683905660124935e-04
2.237051218061392177e-04
-1.408635130308644179e-03
9.828894024128675966e-04
-6.493673895451301803e-04
1.227868105075691219e-03
2.054335249033867328e-03
-1.546942719847788084e-03
-1.080510006650881039e-03
-1.010661824513814366e-03
-7.877387989434492255e-04
1.993533529457636178e-03
5.309273578772977231e-04
-8.961118435868442589e-04
1.703585345660618700e-03
3.029213179385203958e-03
7.933750254007776448e-05
-1.083562226150025509e-03
2.100328548512608862e-03
7.363249439569230503e-04
1.078334493008537009e-03
-2.073817925494214620e-04
3.057693235688496713e-04
-3.896919989208047497e-04
1.667939325349143687e-03
-8.356599933589947682e-05
-5.643796535252931790e-04
-1.366816959169625534e-04
-1.003375438913156614e-03
-2.134089366504943186e-03
-1.893641569831405747e-03
-2.435927558726458386e-03
-1.918076724567008284e-03
-2.242151635876599158e-03
-1.605206957468796602e-03
3.121244533121902975e-05
-3.348942100285023926e-03
-2.701350364147092620e-04
-7.870829194385198235e-04
1.608365805322531372e-03
2.256739424524312199e-04
-1.361872183363477262e-03
-2.894897732839130100e-04
6.280596840326779784e-04
-4.426172878801981625e-04
-1.765863337501949459e-03
-1.485264716771794724e-06
1.338273936508649342e-04
-1.499718620811218983e-03
-1.946199932514325326e-04
-2.781295490719148944e-04
2.503268700036365146e-03
-4.086322398724195892e-04
-1.041564631059088697e-04
-5.811658367429473060e-04
-6.179506022971903434e-04
-1.266661059936335931e-03
1.397562222124060227e-03
-1.644401618363655615e-04
7.277709515611796576e-04
-3.320118819354345163e-04
-9.086307737979915089e-04
-1.154510268654984628e-03
-1.836638333412743407e-03
-8.783065046136240284e-04
-1.030190609895287324e-03
-2.056215062327337861e-03
-1.303080000986556186e-03
-6.553031833831379771e-04
1.882678958365247013e-03
6.559888084223253202e-05
4.064209573726440539e-04
-7.498430018362256533e-04
8.080091396733823927e-04
-1.175187290034740428e-03
-1.252101432930308178e-03
-4.882332217650553474e-04
-1.720254487877603822e-03
-4.998276010248492440e-04
-1.107916577431922178e-03
-2.665738834390918299e-04
-3.759415611739314045e-04
-5.886181114231892053e-04
-1.374886559700083666e-03
-1.499384685345050983e-03
1.575275964171840570e-04
2.033935080780757687e-04
-4.862469523030377161e-04
2.099659623161276301e-03
-5.863706407878144233e-04
-5.651647509088419952e-04
-6.706627587207414365e-04
2.290075211959230472e-04
1.679695152169369265e-03
7.435546339515930470e-04
-3.242180700504526669e-04
2.063159052143381800e-03
7.119383900866527171e-04
-1.391100447776683069e-03
1.065833092793289083e-03
6.801552108521846662e-04
-5.541993675968193145e-04
-3.509090103901435498e-04
1.729988760579059814e-03
-2.240844902330341171e-03
9.818225441164951661e-04
6.144457421193294522e-04
-5.051635263071396764e-04
-1.531005114387973265e-04
-1.207669287836665717e-03
8.215777783153743741e-04
1.136237164007125600e-03
3.119991484021866768e-04
1.895227702059187891e-03
-1.086582397796798105e-03
-2.823308077107400393e-03
-1.674907492014821031e-03
-3.898219773303956970e-04
2.137495524918486822e-03
-6.435344793092045990e-04
-2.382181597282428953e-03
-1.402484360307321154e-03
-8.328612260746215412e-04
-1.429176800617382170e-03
1.311191704536085467e-03
8.575455143566834693e-05
2.820597915977440806e-03
-3.144912399182242524e-04
-1.169135568250156965e-03
1.402510067647355640e-04
1.295789356581256158e-04
2.396655969238992157e-05
9.827030226619015707e-04
-2.850604942827850152e-05
7.122717923460086809e-04
-1.523155589641111973e-03
-2.694289857182896597e-03
3.507635422996813190e-04
6.237525033705448863e-04
-5.497931837394887111e-04
3.402838486543657837e-05
-1.220896523297376746e-03
6.488198607161876907e-04
1.712288595026700833e-03
-1.579993201808571612e-03
-1.042121094900538836e-03
7.865417150436648797e-04
1.709710084532467533e-03
-1.062149488497921013e-03
-1.959511587513063091e-03
2.951895045302244114e-04
1.188877936262766610e-03
8.776035990636366080e-04
-1.386576148036500200e-03
5.464128031129611429e-05
-2.393962453965503556e-03
-5.231452473584141671e-04
-8.485260124198035214e-04
-2.762009291751077456e-03
-2.031228231920145788e-04
-6.221490700308862642e-05
-1.829828442969860802e-03
-1.458612826017668951e-03
-7.449464295288255045e-04
-1.587644393804099607e-03
-1.756391777010701816e-03
-1.730444347369797242e-05
1.484007353611982438e-03
-1.372833529751371628e-04
-4.145847339549479926e-04
1.981871817113844969e-04
-8.557412742171699449e-04
8.400368194785290399e-04
-7.915692437121535363e-05
1.866918037317200074e-03
-5.821631661080406417e-04
-8.235700256513656115e-04
-1.282984757466687498e-03
-7.683619298284316557e-04
-1.593520493903044510e-03
-9.326182425271056786e-04
-3.206182295494297563e-04
5.394402945337883892e-04
-2.180862596129706787e-03
-1.870471264860062988e-03
-1.177055794846726400e-03
1.410391836380586739e-03
-1.075400523456782054e-03
-2.388000113491273169e-04
-2.135688561397008911e-03
1.307179026494909024e-03
-1.133590375653747984e-03
-1.513482816558608945e-03
-4.736785223464767824e-04
3.121206799527875830e-05
-2.880625043886198000e-04
9.479596929173883524e-04
-2.759871746993436403e-04
-4.243029008355048148e-04
-8.172523190106417701e-04
-1.640517126253460134e-04
6.451151216442241321e-04
7.101722013140854273e-04
-1.057467257380206860e-03
2.512366951891387146e-03
1.326285287089001841e-03
3.485549582211699970e-04
-1.026559249689418252e-03
-2.804889508944974352e-04
-2.247257071230635006e-04
-7.607911008682410881e-04
-1.167766275469439563e-03
-6.457514192304003586e-04
-9.031382483999372823e-04
2.440661348488415427e-04
-1.075163352769914482e-03
3.920931015108930495e-04
-5.269133001175596576e-04
-5.770499473758405884e-04
-5.801019233182547197e-04
-1.100022664390687410e-03
-3.932667267516620768e-04
-1.666899802938992536e-04
1.639860273633386711e-03
1.152546233194051695e-03
-3.013760973735735149e-04
-2.205060424567140132e-04
1.385205725743965388e-03
2.271710951885719254e-03
-8.057986481193601946e-04
-1.428447126482490503e-03
-2.546486757293964232e-03
-4.866602288164934009e-04
-1.041038261183180325e-03
-7.233210209083296149e-04
4.922350285698762207e-04
6.775345137095545311e-04
2.023413332946644161e-03
3.006737012256621711e-05
-4.075856970517932609e-04
1.960929272022404746e-04
1.034777009419673988e-03
3.796802529669740522e-04
-1.654424375774787848e-03
-1.981869861596541327e-03
-8.036320541722208333e-04
-1.747533317970839661e-03
5.752064273565338226e-04
-4.194411172298018187e-05
-3.364996956312094056e-04
1.459222136315219132e-04
-1.623605962219443200e-03
3.861493176071650879e-04
-1.610999976069393824e-04
1.219180483615911470e-04
-1.493304107119675095e-03
7.540779164019184577e-04
1.126579914693781603e-03
-1.112815677681622262e-03
1.868660655631293466e-03
-1.409490878573116390e-03
-7.350609191636436890e-04
-5.503506627084764347e-04
1.014288425804865668e-03
1.229319780859938760e-04
1.242708159047811733e-03
-4.840323390982170793e-04
7.560762926586139798e-04
-2.236756340429524315e-03
1.012605791895992979e-03
-2.810616771262708369e-04
2.363643837057782804e-04
-7.400141076097099813e-05
4.441992800221505888e-04
1.344129991516229694e-04
-1.146266989645816636e-03
-1.471812245358750104e-03
-6.310941383365076263e-04
-2.942964305687745252e-04
-1.116783408721566673e-03
-2.903434125756110262e-04
-1.116999253475192688e-03
1.935088425336628504e-03
7.383073403721684969e-04
-5.146963147846239650e-04
5.620598761655326570e-04
2.874887281010263251e-04
6.955222047979603417e-04
-3.443639793105912617e-04
1.040549623122055678e-03
-3.297973112386110017e-04
-1.638372014511890740e-04
-5.441419587974838379e-04
1.132615842123430028e-03
-8.914325526532262955e-04
-5.632536783461983276e-04
5.256312551156216983e-04
-8.022491440384804662e-05
1.914214171599537551e-03
1.810909876233335325e-03
-5.166382173005246159e-05
2.189795081195100579e-03
-4.482645247341210393e-04
-1.567652472427072396e-03
5.586281649121449533e-04
1.157872689647732045e-04
