<<<<<<< Updated upstream
-5.328563090576388106e-04
-9.912576490214153324e-04
-1.550248502145246121e-03
1.897361012648035583e-03
9.302913728981287989e-04
6.161393349277677345e-04
-1.510122157670101828e-03
-1.357036072915374092e-03
-1.557160335101448467e-03
6.061473863259170258e-04
-9.125287169700069256e-04
1.265710636612737972e-03
-9.414304487276314859e-04
-5.927731946564485099e-05
-1.004017417352898178e-03
-9.226587987261058998e-04
1.462409791426422245e-03
-2.527765278300897478e-03
-1.763486229264144001e-03
9.553791650240839317e-05
-7.906208810917192409e-04
-1.038447735772107805e-03
1.096147507835265600e-04
-1.712388557839616965e-06
-1.549381866540189279e-03
-1.439718673109657843e-03
-3.879644748256971809e-04
-1.811580357860664847e-03
5.509846485660663262e-04
-5.247957199339126078e-04
-4.854532164668690086e-04
1.169673607080756739e-03
-7.938592828700130610e-04
-1.805215404482307662e-04
-3.491143946021679767e-05
-1.628752055789828290e-03
-1.429819946100252537e-03
1.942612190137804618e-04
-8.816097711703552164e-04
1.329732093887203703e-03
4.871402998212204238e-04
-5.063132748794885174e-05
-8.641698131564012897e-04
6.118676369666342651e-04
-2.561954052859860553e-05
-6.251283954128439291e-05
-2.023128304975418956e-04
-1.311107011328083161e-04
-1.429884476942255844e-04
2.508158553788941703e-04
6.166366050774918506e-05
-1.374985847029108754e-03
-2.991343767151377619e-04
-3.674769290948898259e-04
9.976886439044818644e-04
-1.542777409948792311e-03
3.702526706035325077e-04
-1.111451519011374955e-04
1.505343043874951547e-04
-6.735237885227007837e-04
8.283434968383573960e-04
2.749467850349240905e-05
-5.732106351574728365e-05
-2.852249429254882784e-04
-2.886652108859966148e-03
4.278970069697685119e-04
1.304649195692730856e-03
-8.917086113480188203e-05
-3.228129124275280759e-04
7.218626179117393349e-05
-5.944936297703762307e-04
-1.010108050184310713e-03
-1.087946536895589844e-03
7.504005195748675305e-04
-5.336402667202033712e-04
-8.133743119187464288e-05
-3.487588875612512851e-04
-1.257510198613198682e-03
1.466506078640072985e-04
1.430248293605496102e-03
-4.475755670965142485e-04
-4.649255784514583212e-04
7.620561060657227159e-04
1.952208505711094944e-04
-1.479595479374706812e-03
1.453731008253633661e-03
-3.278443800520669527e-04
-2.991786697754905688e-03
9.788470621163725127e-05
6.730891081745404847e-04
-1.506365751344329595e-03
1.766196433179212377e-03
3.120332657924329567e-05
-3.811716337744908145e-04
-7.832761826986889275e-05
2.926158170335479980e-04
-1.701668999325223197e-03
1.666075761530549926e-05
1.172944136512699131e-03
1.084413333092948406e-03
-6.582456173676032307e-04
8.471407742265402163e-04
4.300596546351620475e-04
-2.516006932159919884e-03
2.937498157213891403e-04
7.491449139662709200e-04
-1.070713449471405454e-03
1.242131392722889416e-03
3.835310012481052411e-04
4.184430005460537672e-04
-1.341108620509512406e-04
-1.943110229853051152e-03
-1.592412739311876990e-03
-4.860490401101813518e-04
-1.573280359465911715e-04
2.001256743229262725e-04
-3.726523125415770465e-04
9.694182094197589805e-04
1.357396076396399920e-03
-5.116860130849332222e-05
9.835365822037367423e-04
2.172711688170680944e-03
-2.926674120478311991e-03
3.229161626265852902e-04
2.895356937071547065e-05
1.103714186696302946e-03
-1.063669981473003290e-03
2.656508292240289393e-03
1.521734698878063341e-03
-1.022764647904406132e-04
9.796698819752869269e-05
6.262922077859833792e-05
-1.561395012765975920e-03
1.042770588333130632e-03
-3.341469288793419423e-04
4.115905878114833882e-04
-6.638320306415756988e-04
7.765193837716566350e-05
-1.144076047951303465e-03
-6.361262207215112596e-04
-6.637651867587024412e-04
7.268810816327686553e-04
-6.345117954136281213e-04
-1.696617829301194647e-03
7.504482518347899145e-04
4.197528969511754582e-04
-1.719409292173512682e-04
6.394259069431029729e-04
-2.128744921539693635e-03
-6.703583595069062540e-04
1.391338823517829226e-03
1.454592151547418055e-03
1.610288899980272248e-04
5.703647941870393367e-04
-4.925079399180631867e-04
1.466372335980237196e-03
-1.123410706604932585e-04
-2.276862277182711836e-03
-5.168080973907418496e-04
-1.726118452182179297e-03
-4.237057811828925935e-04
9.590791441165258391e-04
1.133528142649220527e-03
-8.601547753050997613e-04
-1.735641055033987357e-04
7.693728846736025417e-04
-1.647582473939035452e-03
-1.567437816940575601e-04
-7.447111623535285219e-04
-1.412918006148844441e-03
-1.433728318694260651e-03
-1.028644308109782912e-04
5.248464366618410537e-04
-1.765672829636688590e-04
-1.310727171570658101e-04
-4.200753255640954364e-04
-5.454168888541222060e-04
1.232677182153363304e-03
-1.691553366590214935e-03
-1.221320098826694789e-03
-7.102965860654730790e-04
-9.461574653313320482e-06
-3.315598741815417583e-04
-1.390101898512074996e-03
-2.552244362820088597e-03
-1.062291542139659484e-03
4.161775404794010313e-04
-2.513270716918647452e-03
-7.137475956473515737e-04
-2.804039420467807631e-03
7.101427387286030068e-04
-4.842901486989958926e-05
-3.133363043039461004e-03
1.516298901611312644e-03
-5.576093168786488974e-04
1.000836997024912023e-03
-3.640534625100055877e-04
-8.068279745221396126e-04
-2.343880344789717185e-03
3.630909401464155195e-04
-3.718578845313347259e-03
-2.050910930961880041e-04
1.144337094701741719e-03
-1.224673681164301087e-03
-7.424109866969175187e-04
5.206446896297567406e-04
-7.938365944752945325e-04
-1.434175276055826842e-03
-2.245386335681276435e-03
-2.032010954793550539e-03
-6.949074294482215919e-04
1.610140209281629708e-03
-2.129863158312206295e-03
6.904262359586077480e-05
-1.144556708224886421e-03
1.738528464618083191e-03
-4.534303396488414961e-04
-2.508630260769972864e-03
3.301694148900580217e-04
3.445459254194371823e-04
1.759862585117843992e-04
3.429498777951511812e-04
2.723400843507306490e-06
3.605568372357925711e-04
1.173684289255128022e-03
3.283421681057330233e-04
-1.170721593231283109e-03
5.751053194664734747e-04
1.823223549470842642e-04
-1.504711775791145456e-03
1.369143948716899928e-03
-7.182375496233017742e-04
2.881633823630380675e-04
-5.258326726660378370e-04
-1.412847909790349021e-03
2.295129323152345080e-03
6.286993421833475537e-04
5.803009797491487376e-04
-7.396534387378306263e-04
-1.081757138833738807e-03
-2.111746916223511406e-03
-5.173754114611295307e-04
-6.876050099724473341e-05
2.850905279045967688e-04
9.117136394045655123e-04
-2.176644039433517364e-03
-1.300285688606184209e-03
-3.924313694212422376e-04
-1.511561119317494928e-03
-5.742321013619822168e-04
-6.434845617142581631e-04
-3.688181373000531948e-04
-2.257140755528297404e-04
-7.410583136231441159e-04
-1.620659949044256365e-04
-2.119629644361742393e-03
9.962161347911724363e-04
-2.888703814727389130e-04
3.065767320276080454e-05
2.981015656241536860e-03
4.830466486382967162e-05
-1.106565537555503909e-03
2.362112134030480703e-03
-1.169517291981447826e-03
-5.129432560331270707e-04
7.795480020529321763e-04
-4.148833389292505558e-04
5.958958057024066335e-04
4.558288403242460873e-04
-1.322441270040330963e-03
4.110041756033577798e-04
-1.677776001549391438e-03
2.851491813982143242e-05
7.497045473645602698e-04
-2.368022639944733498e-04
-1.145024866206378888e-03
-7.468628932698617717e-04
-8.291860452169785844e-05
-7.978846715761545028e-04
1.016348992546101115e-03
-1.016123790820611106e-03
-7.420445343035986241e-04
-1.269559834489619732e-03
-2.341527684248001506e-03
5.376607130209709595e-04
3.465706205469931689e-04
-2.553034540613063896e-03
2.016091998217950376e-03
-1.182973664788367074e-04
-1.311679175788560414e-03
-6.916370002889582480e-04
2.363481923044474797e-04
-9.637205274937166166e-05
-1.668405972757414091e-03
-2.189413357800207294e-03
-5.404019261638914884e-04
-2.833032937648027882e-04
3.628011040355261230e-04
3.884246289187487378e-05
-2.343988416670939046e-04
-1.242414660729274090e-03
-1.136590536550352581e-03
-7.672780854008909301e-04
7.132648626702042804e-04
6.182554473901369363e-04
-3.397224917618402174e-04
1.172738775321313653e-03
1.415043446758135204e-03
6.241557856456747544e-04
2.822024439466108703e-04
8.675757263907346584e-04
-2.117288865169264511e-03
3.332712420243133522e-04
3.259024624988615670e-04
4.126873703977906871e-04
-9.392238031489252847e-04
-5.090208666080897615e-04
3.323858154453684932e-04
-1.305248889754695441e-03
1.895381673766571851e-05
2.665404779656155299e-03
-9.237388883425179387e-04
-3.469118281995697828e-05
1.674136317191265988e-04
-8.081613241552876303e-04
-6.828510113368047030e-04
-1.108947507321378367e-03
6.570635716136585813e-04
5.938939777510032769e-04
-1.666467851202613204e-03
1.518574519419946256e-03
5.285210691985398057e-05
-1.027151653489877248e-04
4.644861949287815150e-04
-2.110602776431713679e-03
-2.792026323166219015e-04
-3.350246171964776920e-04
-1.378203136701561249e-03
-1.380678878424079770e-03
-1.457232037471944963e-03
8.277366071132163938e-04
-1.443554321073348135e-03
-2.049835981229319870e-03
-4.460603338836133247e-04
-2.164196396082562757e-03
-1.995665559791026666e-03
9.390302945622153175e-05
-2.418483492148126857e-04
1.391665699506106080e-04
9.945018675781014394e-04
-6.059563624343233812e-04
-4.642592072823248373e-04
-1.538251781922017614e-03
-3.112232563827754817e-03
2.246743895421676740e-03
3.295078811926810403e-04
-1.526814043435908985e-03
-7.571595276738563030e-04
5.627855705734319258e-04
-5.671012319838908411e-04
4.181158244831451043e-05
1.443862804898277119e-03
4.637857053497729254e-04
4.408874863170986202e-05
-4.349307233517674121e-04
1.074588782123964137e-03
-1.513172086535785610e-04
-2.269531937276303424e-03
-1.171004274822973201e-03
4.935528619325335598e-04
-1.266591375504555472e-03
-2.614811310519549181e-04
9.952813774694035942e-05
9.583337840732841784e-04
7.362567985900181355e-04
7.525305197766396503e-04
-2.100671289465116942e-03
-6.318622338181700826e-04
3.172050540256599049e-05
1.479260235641488563e-03
-1.743696993019794306e-03
-7.928368024279208726e-04
-1.526740524726566406e-04
-3.920290783547830671e-04
7.536039833311303227e-04
-3.563800752153234441e-04
4.676809555030914112e-04
9.213001636614315260e-04
-1.910801977547116337e-04
1.313031247617280073e-03
2.123632748296522266e-05
3.490635254266294396e-05
8.657175275272877002e-05
-1.867388178118378761e-04
6.544035490454458426e-04
8.160753116757124559e-04
1.624239953005579551e-02
-7.289750110263781835e-03
-6.086442374797496058e-04
1.756025835766283905e-04
-2.197806962431769762e-04
-1.942252317317372245e-04
-4.638755570196551048e-05
-1.755770864258154873e-03
-7.693243114559322748e-06
-8.843544024101923640e-04
-2.179496643080369722e-03
-9.588736391532570735e-04
2.073398984252516897e-04
1.020344589065302898e-03
-5.205716306688756845e-06
-3.666594127962330418e-04
8.514329241608997734e-04
1.440940582172922646e-03
-8.932562178753933324e-05
-1.246643105523581596e-04
-7.698952477794840377e-04
-2.805474276467601058e-03
-3.196921347623060683e-03
4.111678162865839425e-04
-3.619535161996090267e-04
-6.365067845404137614e-04
1.618738801705488228e-03
2.934315763714057113e-04
5.561342114213108090e-04
-1.208998893488244519e-03
6.537093405547533820e-04
1.863200837637801754e-03
4.490646535748599177e-04
2.567721805288858405e-04
-4.932859436388437047e-04
7.561313631709865035e-05
1.950187595211927416e-03
-1.384458085526230064e-03
2.363859364171050359e-03
1.626930244254642943e-03
-1.396580102988043137e-04
1.610285789748422403e-03
-6.863619724393199562e-04
1.041899593932971158e-03
-9.732275790179656383e-04
1.069126068930614792e-03
7.432923147534520325e-04
8.188008018483738937e-04
-3.405076767073467181e-04
-1.342076054147600672e-03
5.605393883307829839e-04
1.190675520409190113e-03
-1.694549198452355299e-03
6.874350848640187195e-04
-7.257162242282344522e-04
-3.271246435911923101e-04
-1.488182025437989608e-03
7.475614668737140533e-04
-7.052610187066044034e-04
8.107616640242731876e-04
5.556084911875203147e-04
2.327579984245708999e-03
-5.718480928789126949e-04
5.119201441696752397e-04
-6.747858243083548757e-05
1.751273586969581686e-05
-1.195159400309453446e-03
-9.862453617011102125e-04
2.974775266779694505e-04
3.369975194931207341e-04
9.455092411414511844e-04
-1.515033642960794680e-03
-3.416043467054930005e-04
-6.219250691374966777e-05
2.346043335170522326e-03
-1.963424423863990853e-03
-1.057811765403648963e-05
1.256687711541637498e-03
1.610433410981437774e-03
1.535986007031864276e-03
1.803048946441787592e-03
5.599608385353782580e-04
-9.654140315507042658e-05
2.767434748727204408e-04
6.508728565193244719e-04
-7.860481092378801549e-04
-1.051266947920792560e-03
3.667938389915192943e-04
-1.661899593887072868e-03
-1.565855043463182383e-03
1.146166644485191455e-03
-2.931807539050534928e-04
2.712805222069292199e-04
1.409012630080752615e-03
6.168396813419629865e-04
7.461734894997906764e-04
-1.020209227140522756e-03
2.063811156866268703e-03
-2.670148506123126708e-04
1.827894767959969968e-03
1.614368921733166928e-03
-2.489123722848818332e-03
1.685656421194225985e-03
-2.250646399526434749e-04
-3.308935193602202673e-05
-4.218326357947610461e-04
-1.008204758465192086e-03
-6.461324061324269508e-05
2.243078936641884624e-03
8.957632816131155806e-04
-1.700094258849649265e-04
-7.426420083276319417e-04
1.367658963825624241e-03
5.883332771829952179e-04
-8.994274904683408067e-04
1.475312662682526366e-03
2.940343328371008980e-03
8.388454686847346409e-04
-2.792521565930794480e-04
-1.714248803505791230e-03
-1.493456532251524749e-03
3.838568984573242915e-04
-1.229264954831332801e-03
-1.723268831934632317e-04
-4.065795499672564262e-04
-2.074239983735903792e-03
-3.709888360192703516e-04
-1.991352827745762610e-03
-1.597381573947842526e-04
-1.927386752833548655e-03
-7.141281947700139909e-04
-7.492953752006314971e-04
8.439937911506323331e-04
5.107796899306293881e-04
6.463046683280460059e-04
-9.737588922495987731e-04
-2.972357367070355139e-04
-1.549101354450632684e-03
2.592044567168549918e-03
1.480887592519852802e-03
1.182807353435677555e-03
1.475761131423780625e-03
4.336476674529077258e-04
5.845762713916347053e-04
-8.059090616916453342e-04
2.661404647039677940e-04
-2.251055180513272802e-04
1.020373120164119740e-03
6.206368699519515530e-04
-1.239540324261545479e-03
2.703415745877180143e-04
-8.700988043757185153e-04
2.597226336116253975e-04
6.502794108458331834e-04
-4.106619149244483680e-04
-7.201811865789053968e-04
-2.016187542438485636e-03
-1.136356605739852199e-04
5.022128882008480844e-04
1.391436027691206334e-04
1.046517678349401237e-03
-3.207912884251040708e-04
-4.967883724473765028e-04
-1.268100751960821171e-03
-1.617000009746405453e-03
1.003211303438833468e-03
-1.504853070530831616e-04
-1.655694586309985894e-03
-3.694032156291715552e-04
1.106771272241680037e-03
-9.469006857321105031e-05
-4.506553646110855738e-04
-5.732753053966366252e-04
-8.200990234257243827e-04
-4.039559802859749027e-05
-9.474381885090643607e-04
4.821780636705685907e-04
8.260573165097540027e-05
-3.938383834829473074e-04
1.481152641228611344e-03
7.721117470353977552e-04
9.480769115444154238e-04
-4.560388075232069127e-04
1.523884954052867613e-03
1.113537618128823681e-03
-4.674191941753669255e-04
4.068795042280193286e-04
-2.910550918708842971e-04
2.266622781110783080e-05
-9.565973999907662062e-04
-2.136086036856887915e-04
1.025639191734040168e-04
-1.827982059108501645e-03
-5.299966207983342059e-04
9.620827488874272859e-04
1.221216277904613179e-04
7.186249048607429302e-05
3.826120791505793761e-04
2.312383735892264980e-03
-5.320779113660023540e-04
2.146323721030629628e-04
1.618348951422543536e-03
-1.411516188561723339e-03
1.644447332726617361e-03
8.907144134884248388e-05
7.974168888544852507e-04
8.573076909867971551e-05
1.127964369628253749e-03
-2.174567386472370245e-03
-1.042739215595611668e-03
-2.202134660935772814e-04
1.597048583612536987e-04
-1.358280884270257616e-03
-2.522868742997896874e-04
-9.438587597805359053e-04
-1.444258592354641380e-03
7.877245710030678083e-05
-1.226943247831124850e-03
2.827972827803559852e-04
-8.755895978134198288e-04
1.045933989556102617e-03
4.946225105486590223e-04
-5.189849516284983366e-04
-9.843001506004700474e-04
-9.577608889821398463e-05
2.946970301660467584e-04
-2.864778339528584183e-05
1.461334287945259547e-03
-7.087705899595508896e-04
1.925741427577509768e-03
1.564963126355456424e-03
-8.717057524856297590e-04
-2.169579057943904488e-03
2.170384675771686034e-03
-3.905297030630805466e-04
-4.831300432692753333e-04
-1.048242821720446472e-03
1.504307631474688378e-04
1.987478712556001170e-03
-5.603794146269436283e-06
-5.586654179845496060e-05
-8.602821998124898784e-04
-1.344028792966911467e-03
-6.494396309435490622e-04
6.752099098230601726e-04
-6.879712073124544247e-04
-1.049923528687157770e-03
-4.959544254896641746e-04
5.353119627045099804e-04
-3.907736312587228866e-04
-1.080152789603161523e-04
-4.482233777884925274e-04
6.108011967083104565e-04
-1.317636129125610012e-04
-3.700705917850655169e-04
1.402768520430752730e-03
-5.899086983149892660e-04
-6.478390724056204419e-04
2.432881625999971931e-04
5.013749772806441740e-04
-1.458469645602367137e-03
7.164612869348108148e-04
-1.549448510322903871e-03
1.005435690019984563e-03
5.407049382797346482e-04
-2.229977272233618635e-03
6.192949885539533739e-04
8.743929150676343909e-04
3.329817643569210617e-04
1.334464123015077774e-04
-9.318706316219227404e-04
-1.180277323071576845e-03
-4.056028639234376953e-04
-9.067911033815434507e-04
-6.977701608994468785e-04
-9.057982729654412424e-04
7.293038003086671495e-05
6.559422526617453286e-04
-3.200719014997410738e-04
1.953360346716115359e-03
2.217778241015766483e-03
3.214906366235670276e-04
7.858507832385619452e-04
-5.468088611577659464e-04
1.914852236672537344e-03
-1.395078522665960108e-03
1.790357806797038265e-03
-1.053821070912119851e-03
2.542934591367451702e-04
-4.816821842965612888e-04
1.282642448422022241e-03
-3.041289745524533572e-04
-5.275164969984480479e-04
1.392788749887685640e-04
-2.162128007999530865e-03
2.010791503771702793e-03
-7.558159619345250491e-04
4.391416686593263563e-04
-2.748957166043286549e-04
2.015115295401548323e-03
1.463809282598038664e-04
3.169662506419257397e-04
-9.922230991390446064e-04
-1.553503051376914357e-04
-3.076804920560949341e-04
2.385021752366878189e-03
-1.181677782662315934e-03
-3.957415132658237411e-04
-4.600130537699698152e-04
3.670543091520706014e-04
8.592156995093080951e-04
-6.235269989336433838e-04
2.192746177644755434e-03
2.357637437919724022e-04
-1.251790024569432447e-03
-1.461705028269033591e-03
2.265526770899306541e-04
1.283396943367876020e-04
2.643439844441486386e-03
-1.036706930655606484e-03
7.800436913254493732e-04
2.067208991328062240e-03
-2.040585144856388311e-03
-1.181761466639397185e-03
1.091805537081214084e-04
-1.235084466441049855e-03
-9.133930816129787189e-04
-1.341776575572106722e-03
-3.723195183400473951e-04
-2.176148127992494352e-04
1.787325904476277927e-03
-2.068040919997571336e-03
-5.711860465080764726e-04
-6.639523942775227283e-04
5.355812244443036718e-04
2.541538031036738587e-03
1.182618644871791247e-03
2.334351975996629136e-04
-1.394673338874774515e-03
-1.241115455628882813e-03
6.822879963386263569e-04
-1.893356793419398443e-03
-9.570388438959742672e-04
6.267780216526741555e-04
-3.143761200559147539e-04
1.150065262366384289e-03
9.089041480154769204e-04
1.367651565735261698e-03
-8.005818596359404182e-04
-6.766452370736697475e-04
8.450410450100420690e-05
1.265510248188439490e-03
2.448402490670353870e-03
1.866883856664669494e-03
5.360530734206392367e-04
3.792373354833955545e-04
2.044639462804420660e-03
3.374434225391631514e-04
1.469287904493299379e-03
1.830935168692482407e-03
6.525038954727779839e-04
8.472809769777267519e-04
1.549268628620037447e-04
-1.816347691067310421e-03
4.676704472084125541e-04
-1.161905159863474424e-03
3.560771442032706346e-04
6.481917756475663595e-04
-1.595915582681683986e-04
-5.411644398061188355e-04
7.165142588687611891e-04
2.454423317019838180e-04
-3.127540619780599940e-04
2.966560478547819457e-04
7.294639818320458602e-04
1.486562590214068891e-03
1.443927287333668374e-03
-1.774965843570619484e-04
-9.240455399142089021e-04
-1.058121984340409938e-03
-3.101894953083661477e-04
5.680035797532845265e-04
4.472183215633585007e-04
-3.797720286042860494e-04
3.493128818039537009e-04
8.773780860367175194e-04
1.628291724757868764e-04
1.980485333920922741e-03
-4.526247774203628893e-04
-1.014808102282271918e-03
6.136623249866079988e-04
-3.700527526377950238e-04
1.474114895732014929e-03
-1.704127590699044958e-03
8.604188515932698067e-04
-1.023055363891245406e-04
-1.562160411504143198e-03
2.356486426459358796e-03
1.191183343616675216e-03
3.459259316989093946e-04
-1.440337358065812978e-03
1.607791918353917993e-03
-1.109885208180561023e-03
4.106824362288818975e-04
5.196350376546199357e-05
1.930419545577155560e-03
1.173968919802037547e-03
-1.036047099435055685e-03
-8.572517644536148396e-04
2.282885154298419650e-03
-6.567239568009419770e-04
2.895084476461251555e-03
1.271304262375760885e-03
-1.026484725138221421e-03
5.394639189950645175e-04
4.411073083530059336e-04
4.309656942214079578e-04
1.903405613725706047e-04
7.399461064758749984e-04
2.355462345658532186e-03
9.002938584026232149e-04
5.957500691788908398e-05
-6.026251451360931100e-04
1.976083015627461137e-03
3.741892317605799434e-04
-4.997782862334876341e-04
-8.280560894602384536e-04
-1.247204524988498875e-03
1.212966322957642618e-03
-1.015100151990910859e-03
1.494122160459188109e-03
-8.815738640155501571e-05
-9.160854358232217720e-04
3.224931255363383542e-04
-1.178623803510525647e-04
-1.250527313000571183e-03
5.332876963803911963e-04
2.155755200941023020e-03
-5.838230328689686388e-04
1.357416152506507601e-03
-6.461845329219784162e-05
8.232429499577254006e-04
-6.208769399027591618e-04
-1.541323279832029769e-03
1.657318533867524479e-03
-1.835480100520703317e-03
1.566440152559245291e-03
7.234789018575327191e-04
9.665106751379770600e-04
-6.687129462323859741e-05
5.987172489039238599e-04
-2.806920675395563336e-04
7.487127555614314645e-04
5.280350537517630727e-04
1.971143300179223345e-03
-1.592442275462513379e-03
-8.561388309069606350e-04
-1.388472824603637079e-03
9.308143928279388746e-04
-1.327524279551184350e-03
-3.854360325048489244e-04
-1.986366859594301815e-04
1.738387317012257682e-03
-5.718963040695079769e-04
-1.383239319519447008e-03
2.968989783090458801e-03
-1.646841591692593809e-03
1.517139528419697569e-04
-3.357902204288443215e-04
-5.802496295286285743e-04
2.853876537651789391e-04
-9.192424646464747440e-04
-1.106327187606837015e-03
-4.589032399682224650e-04
1.655190829256802942e-03
-8.348848243515671896e-04
1.002670005930461627e-03
8.467656005093360250e-04
8.017506502033810989e-04
4.486773006713296041e-04
6.216058819186187634e-04
1.412299668575478506e-03
9.888856523141420496e-04
-1.892079507646027281e-04
-5.539533126823759090e-04
4.784215987552187244e-04
6.226661183528214849e-04
-1.477012247374842602e-03
-6.592647559580111505e-04
9.865601949599067666e-04
-1.110925138603890971e-03
1.033070596032859001e-03
2.020437263217100821e-04
-1.195577036317230224e-03
-3.870632207594315588e-04
1.760383858599778861e-03
-1.209197344481882652e-03
-2.123959013664578066e-04
-1.321340128304981931e-03
-5.241637242339169944e-04
3.129311262857203957e-04
-2.941008285848312198e-04
-4.416118591268336502e-04
-1.341136766810580028e-03
7.969330133206220523e-04
5.230389999526519063e-04
1.216599561282949438e-03
-3.939551958818121591e-04
-1.788857726923609448e-03
-3.083438565694152089e-04
1.479248349174344668e-04
9.418570672514725572e-05
1.858345626506441306e-03
2.487402241348357634e-03
9.507951561960048537e-04
-1.200049270103864529e-03
-1.630615490135767232e-04
-9.688621078367543049e-04
1.414248035829457351e-03
4.958608511811402053e-04
4.768841120301736680e-04
7.655577303071758877e-04
-2.325168417944833976e-04
-8.943673552310738017e-04
1.185645396795109718e-05
-5.680501194520459762e-04
2.194821275545155714e-04
-5.078788517045573769e-04
4.492325376259653780e-04
2.427990935796042749e-04
4.986523364183259588e-04
6.153185829469443036e-04
5.763029309904244002e-04
2.611746033025497127e-04
-1.490341298890696109e-03
-4.610952358889974789e-04
8.096418934799842759e-04
2.573855991803819521e-03
-8.027051181407340863e-04
-3.267355869391863621e-04
1.435730814518976217e-03
1.108749098938544009e-03
4.832534360585949429e-04
2.055786015406901868e-04
-1.565246793552077520e-03
1.378277148169626543e-04
2.289008096927336311e-04
-6.127881858064565535e-04
-3.750824704009669830e-04
1.913333074468281936e-03
6.896997661787196421e-04
1.766606795543523845e-04
3.445557799035547930e-04
6.902067293823588301e-04
2.994872307637841402e-05
1.847360675162557087e-03
6.634411568140485826e-05
3.549928054937812050e-04
-3.022593813739593571e-04
5.484634260370935266e-04
-1.032196016601094612e-03
4.242702739076786855e-04
1.001762771995151624e-03
1.832794793985792481e-03
8.015112591830408917e-05
5.738259715113436243e-04
-4.591297536160610093e-06
-2.980890616237630297e-04
-5.952701744549315777e-04
-2.361287221811725345e-03
-4.794937626331208236e-04
4.511248453502592071e-04
7.750977380993617771e-05
8.607735679819761287e-04
-2.078355294323763758e-04
1.008129216232500625e-03
7.189188884928476853e-04
-4.675458880984972865e-04
-2.295708942998686553e-04
1.946431779766832904e-04
8.479104489595989946e-04
9.210176078942033939e-04
-1.163677570312771081e-03
-1.007452415251242073e-03
9.408037019709158955e-04
-1.127027654997947437e-03
-2.996399979335873098e-04
8.821035774364549553e-04
-1.008807367472996930e-03
-1.506849961913969693e-03
4.393751013118674109e-04
8.235752372327542759e-04
-1.914308231392158888e-04
-1.210621512808263134e-04
6.612158779046861667e-04
-6.409953230634979349e-04
-2.747981608088867489e-04
-3.687877790168325731e-04
-2.428486168137844459e-03
7.821820838516124752e-04
8.986153460668333537e-04
-7.498473604232724909e-04
7.289982389013793806e-04
6.391490834547486344e-04
4.102667530820891528e-04
-8.811670944752769685e-04
8.570927045485898788e-04
-1.383800337336982267e-03
3.540010697939965922e-04
-2.634989829014999785e-03
1.514291546063084581e-04
-9.182467543866756898e-05
1.060005675846298345e-03
1.349494998345246444e-03
-9.508520915952889396e-04
-3.396941997728664120e-04
1.256315251724648974e-03
8.405442190682066439e-04
1.708465798027081206e-04
1.857938418484916809e-03
8.343448381564755323e-04
6.219165684995253685e-05
-4.628403395505742424e-04
-6.836030024068850963e-04
2.298996727365665294e-04
-1.188421576558962300e-04
5.238143671730810524e-04
-2.253126001945382484e-04
3.333415390021077229e-04
9.378723053441451185e-04
-1.803126107540853340e-03
1.451979794553359682e-04
-1.572706645581734008e-03
-6.526896951970506677e-04
1.808916127550963537e-03
-1.029953567186714380e-03
4.931923861630771455e-04
-3.810845896488057605e-04
1.047115957311106627e-03
2.979047323732553210e-03
5.985535286467946747e-04
1.296099051246724088e-03
3.174603115214669202e-04
-4.373865456717140887e-04
6.560495851113401500e-04
5.884421035369236108e-04
4.615436604467060278e-04
4.152426551007337707e-05
3.787209904138499894e-03
7.047616177979776353e-05
4.625239562960903328e-04
1.281852149801476770e-03
9.931727807375168027e-04
8.021184110162948855e-05
-8.923828377960241198e-04
-1.912919703328297416e-03
8.242459515006572701e-04
-6.840175068618670196e-04
-4.895458531219976095e-04
1.636077613094810701e-03
4.804065516854638673e-04
2.154611753717450284e-04
-7.676315964810775938e-04
4.449903322667481120e-05
7.777127043129272721e-04
-1.170301426690389945e-03
8.520411909731517852e-04
3.112035975567639667e-04
-5.675328495562403930e-04
4.631415981897202272e-04
7.167206741778286982e-04
1.719922671785001356e-03
-1.917980361418880619e-04
2.152381016928384128e-03
3.278852939772036734e-04
8.051314381263274811e-05
-5.608054927086492114e-04
-1.046145085558114474e-03
1.177210797146166499e-03
1.839953529558790990e-05
6.028084207527761862e-04
-2.143838708006384763e-04
-7.478460726906277500e-06
-7.633471302856964513e-04
-1.646848683631851884e-04
-1.091516318735274993e-03
3.870444304720832562e-03
-3.130491457052908544e-04
2.469617484535113761e-04
-1.221312015220465952e-03
-1.192669358967890503e-03
1.533287398414184821e-03
-1.042869565594184422e-03
-1.376551204099962789e-03
-5.241515486626990850e-04
1.321054376874242209e-03
-9.127832921267398092e-04
-1.092488369412336624e-03
8.512840320828995999e-04
-2.200198240602802002e-04
4.351570988214703561e-05
-1.093627809183317368e-03
-3.037487081194445437e-04
-3.074410104648706010e-04
-1.089927608716179108e-03
-2.165841597623341386e-06
-2.651612542039494258e-04
1.323519450332710790e-03
4.472783322186923982e-04
-3.702580370548158584e-04
2.446984987989342386e-04
-1.491518768308441878e-04
2.114513348312252461e-03
-2.978678262974820967e-04
9.680877738338367067e-06
-4.936903014742810569e-04
-4.788171594696244426e-04
-8.703896663149190971e-04
1.346687531333934373e-04
-2.665153575400758257e-04
1.069272253969577591e-03
3.000966172184149627e-04
-3.723403830444560469e-04
-6.908644486403048290e-05
1.120141735019508644e-03
2.798996369191897315e-03
-1.104440105980541986e-03
1.699342478127974232e-03
-1.201998376563206961e-04
9.969340450173280743e-04
4.005612755531018365e-04
5.630513937207037856e-04
6.429991013843228131e-04
2.523840022582435338e-03
1.319383075084612500e-04
1.831803182574809341e-04
2.051887526659523786e-04
-1.768407651584480433e-03
-6.909668269672319951e-04
-4.743527193904473194e-04
-2.867853549921584033e-04
2.354843437708309395e-03
-7.165675322897691046e-04
2.289202504519582959e-04
-1.528580215004460285e-05
1.087633217272898634e-03
1.610403649976666074e-03
-4.021035818695395392e-04
2.276845689606066259e-03
1.239123902814442957e-03
-1.649873018325198615e-03
1.724921010344493411e-03
7.693761530949139171e-04
1.193277981853979597e-03
1.223137751561687026e-03
1.649694075650520730e-03
2.194249224114486196e-03
1.098394491161336362e-05
1.114180367824069151e-03
3.460851466314140978e-03
-1.664277182752860185e-03
6.651586006998222445e-04
3.594283799250863609e-04
9.079767593420662308e-04
1.001058082774619606e-03
8.030387935367144792e-04
1.245563553005091251e-03
2.230770443873986153e-04
1.942876620555367140e-04
6.298219589904174853e-04
-7.011758485950814190e-04
1.085585326148441609e-03
1.257438621457440675e-03
1.467482918298346206e-03
1.740761707927918067e-03
-8.359263757042878495e-04
2.455546414830145352e-04
-1.598510959401888698e-04
9.001774828458763977e-04
3.135700148415576649e-04
2.198222898650570301e-04
9.335242766326246056e-04
5.394819006643292170e-04
6.223157133660173201e-04
1.832762121352082829e-03
-5.795533877679392987e-04
2.784326334266395975e-04
1.843677614732808223e-03
1.053039591618620818e-04
1.418722460951649111e-03
-2.858596542198998947e-04
1.214857381568679173e-03
1.609265140982918396e-03
1.547836828752480187e-05
6.581500953783958607e-04
3.537948551077807480e-04
1.271359345688338749e-03
-7.196674410028247593e-04
-1.361077893913265058e-04
1.868616361409225490e-03
6.346951344846640808e-04
-5.801403355598644396e-05
6.900019624049846811e-04
-9.218558056143244528e-04
9.774900216921178497e-04
-4.058605531600534277e-04
2.376995768706535728e-03
-3.345699813575020443e-03
2.391111164482317974e-03
2.258596909426868748e-03
2.103292012480828532e-04
-3.052630905564512886e-04
7.258456382248645866e-04
-1.377125773687204457e-04
8.005670152251287419e-04
-7.890253753717324514e-05
7.192838101444110066e-04
-9.751923343479518280e-04
-3.556739972208067257e-04
2.534227679660272514e-04
-1.006910386943671298e-03
1.446121077115281039e-03
1.678994252360066497e-03
-2.147084785741881774e-05
5.440123054070156172e-04
1.302306421118615276e-03
4.156957310250675164e-04
-5.098251716808555045e-04
-1.378731679267053423e-03
1.278096621982305336e-03
-8.625704500846431699e-04
5.960146850225722659e-04
2.906387409247201958e-04
1.130494612317844982e-03
-7.848376265937595520e-04
-8.016210034698101339e-04
1.002383788051064428e-03
-2.321381863155114189e-04
-8.942916156051694543e-05
-1.952701990554306377e-03
3.079349091925642767e-04
-1.996980373024648259e-03
2.597034685691834710e-04
2.246086064258134840e-03
2.751610655125080740e-04
2.670505559883018520e-03
3.051460119376514513e-04
1.947782587151891676e-03
4.158727041942977820e-04
6.360258189543888108e-04
-1.406022485219704521e-03
-4.856048819734670730e-04
3.453433280984352649e-04
4.494394005414292792e-04
6.573563204377297353e-04
-1.232783615000787591e-03
-2.014984287591392587e-03
-8.662452498597872363e-04
-8.081029530861982835e-04
2.679815270392182924e-04
6.019993944417212361e-04
-1.458054974662337244e-03
2.859894649289707047e-04
-2.371947535854346256e-03
-1.829399590066893566e-03
-2.688042910047538925e-03
6.256495625183156051e-04
-2.054714546370739470e-03
-4.583575195638012190e-05
-2.591702377170435057e-04
-1.340879120253823942e-03
-1.128862171569045003e-03
-5.724888621316814863e-05
1.695355726130109986e-04
-3.476567869824531698e-04
7.868929117358369751e-04
2.768170079439080666e-04
-1.740712507422692568e-03
-1.816623220822100038e-03
-1.965860560642740396e-03
-1.522177253453937951e-03
5.437832037811229924e-04
4.452187704342414065e-04
-1.242169429185757679e-03
-2.593159379642440143e-04
-1.409686762672723859e-03
1.555964362840667192e-03
-1.262319405843204123e-03
-2.046627948117940576e-03
-2.087206874008540325e-04
-1.906779499913913156e-04
2.152253154177330430e-04
2.267541052163313253e-04
3.219487603967063905e-04
-1.233591543248202527e-04
3.323322028059294553e-04
-8.556810124149549779e-05
-1.888245109200825667e-03
-2.555084224282744287e-03
4.569758012060720631e-04
-8.826403264086124523e-04
-6.662791705467352443e-04
1.102552302147286056e-03
-2.369406203008628253e-03
-2.010193016648509357e-03
-1.460994951784755358e-03
-1.650373056790277460e-03
7.208167959027456106e-05
-8.548089214723830764e-04
4.837902520764547631e-04
-3.166893949169802269e-03
1.287983059433228661e-03
6.279366777504069574e-04
-5.553209881759002542e-05
6.212543291985728189e-04
-1.321905677224011200e-03
-6.243204435274485320e-05
-3.587090777712464984e-04
4.305601292655669710e-04
-5.554556267932664326e-04
-1.081915567311630966e-03
-3.957552665772023914e-04
-1.340320069613820664e-04
5.105648240593119169e-04
-1.277498874995952605e-03
-6.785239269024856412e-05
-1.176444199533444035e-03
1.028823236888243287e-04
9.298223400679983541e-04
1.329755459863246614e-03
-2.575551389554231463e-03
3.597260578396266339e-04
7.742665332459708338e-04
8.941073244421726685e-04
9.726078647045444114e-04
-9.095005115291598941e-04
-6.727592912523228108e-04
-1.717363107114788789e-03
3.221926544356712441e-04
1.441597194151711392e-04
-1.642035906957994840e-03
1.279600640597733374e-03
-3.037227887991988950e-04
1.507378563152972362e-03
-1.084097291995878010e-03
-3.574118818070459724e-04
2.363367204513355802e-03
-5.729778092762316533e-04
3.039355861484960286e-04
-6.781012027763377858e-04
-1.029632274308411866e-03
-6.988129293268308118e-04
3.390730665868257887e-03
5.406484596819360888e-04
-1.678131837927088199e-03
-2.223365115413766802e-03
-5.127887310081291616e-04
1.273651922351737298e-03
-1.619572002218294671e-04
-1.697176615794049326e-03
1.249970992111215651e-03
3.770380971905851197e-04
1.932357178668908659e-05
-1.325379045650665333e-03
-9.833264104444072728e-04
-7.798275625392481203e-04
-1.054899837698020093e-03
-1.833909132348043869e-03
-7.675972386018692362e-04
-7.565880636135613457e-04
8.647875172071994854e-04
-1.714065785633600569e-03
2.299810237134325419e-03
6.978373264761028594e-04
-1.552191575421746350e-03
-1.451523260080467281e-03
-3.872723790709908798e-04
-2.779990677383548103e-03
-3.201428218682078608e-04
-5.981272345860766393e-04
-1.665020985221365990e-03
-1.544990245460731160e-03
-4.782008243475743825e-04
3.767682496644830792e-04
-2.063195593910993608e-04
-8.614609891246516327e-04
5.195782672742232933e-04
-2.589660475116328797e-04
-9.831775603386105900e-05
-6.046028223205546226e-05
-9.265747158302417574e-04
1.821188710242616082e-04
1.354243725567583212e-03
8.079586019933415741e-04
-2.306726842440376402e-04
-1.278067622364931211e-03
-1.959600880763190389e-04
1.580903422967683269e-03
2.772101656804970560e-04
-5.761944381779127156e-04
-3.011318057313250307e-04
3.002276584027629980e-04
-3.492942133942467109e-04
-1.748759268751509666e-03
-2.241550215276166824e-03
4.981046582064330153e-05
2.591327968672896276e-04
-1.574087421865488778e-03
6.100425559318889412e-04
-2.497683001219108689e-04
-2.519234060025077326e-03
-5.938743374127586350e-04
-9.445228818638629065e-04
4.216604144988700398e-04
-5.429895144666296858e-04
1.220403150282267646e-03
-2.425395378162553683e-03
-1.016353343815223909e-03
-7.979089607910161419e-04
-1.346537504199440960e-03
-1.416422335000611099e-03
-2.202597856486576688e-04
-1.895643195265250824e-03
3.578633772134409696e-04
2.126579062373012974e-03
-2.623064904583305434e-04
-7.472238272221431998e-04
-1.101991652366685059e-03
1.733656798328375714e-04
-1.460730742983695762e-04
1.106594742290578637e-04
-1.258389913993740450e-03
-5.914718209065750187e-04
3.587320448219522007e-04
-1.816699126868659420e-03
-7.502039265403492863e-04
-1.370380716582131342e-03
-1.925559972415502585e-04
1.204394028964994590e-03
9.325369005352968088e-05
5.557599945116287188e-04
-2.074475849467516397e-03
1.696074492778532061e-04
5.281512569450530492e-04
-8.284382718337646168e-05
-1.099803364294826835e-03
1.844422146942914509e-03
1.468902319883724772e-03
-2.746427955513386365e-04
-3.740576290662822601e-04
-8.815381940689981377e-04
-1.500038621466748268e-03
-1.480058511237780650e-03
9.600359846912986939e-04
-1.230451120143971622e-03
-2.422426507882269320e-03
5.154196481704786947e-04
-1.999154892576848752e-03
7.277613469240939992e-04
-4.435564636882105560e-04
-5.023230052014771019e-04
-7.523107777605009261e-04
-3.604763497189189536e-05
-1.033960104765530019e-03
-1.357685137530761921e-04
6.795406675330628588e-04
-2.473443084223259092e-04
-1.029400672819535956e-03
-1.036510418054747973e-03
-8.282058472410813721e-04
2.591661044597515229e-04
-8.390673066109854972e-04
-9.357378943077865330e-04
-7.300379909487286767e-04
3.492951896721940841e-05
-9.602745522445665927e-04
-1.405668992926711880e-03
-2.425591969909213219e-03
-7.926476358299794356e-04
-3.185623957164818165e-04
-1.868300792002841604e-03
6.649641377731718705e-04
-8.036567918148218581e-04
-1.593264933645865966e-04
-1.455640575929173508e-04
-7.282816523357382721e-04
2.146081891536422148e-04
-9.078105838269401318e-04
-2.049556789819551028e-03
-3.478231180594537619e-03
1.758222605098502811e-03
-1.220654734502391037e-03
-1.932692465691498995e-04
-1.106934505236356614e-03
-2.676990617930030680e-03
-2.833309508084802530e-03
5.488199716441322096e-05
-1.098263398158438875e-03
-2.812457783323285554e-03
-8.464052399879129496e-04
-2.127439812055875734e-03
-1.201443217650144391e-03
-1.146700246367871046e-03
-1.818277352992891949e-03
-2.576163085715510448e-03
5.839031933945193487e-04
-7.193990176341813481e-04
-1.573710191598243213e-03
-8.317595461935223256e-04
-2.470103419286440172e-03
-1.258469756690860919e-03
-1.141196735569893761e-03
-9.630333409560432045e-04
-1.233010718673988038e-03
-1.921144179356071291e-03
-1.148271401787415158e-03
-4.591886180234094894e-04
-3.870680180617647181e-05
-6.049914059913508169e-04
-1.602025989148270213e-03
-1.089408655155388317e-03
2.805914531756048547e-04
7.707621587107471584e-04
-6.263974770632785294e-04
-2.907608972610331577e-03
8.923216755221119456e-04
-1.894262665946166990e-03
2.044553589897191159e-05
2.236603065941533686e-04
-1.419353499628739357e-03
-6.521469404681123905e-04
1.319867869609137045e-04
-3.556907108479556712e-04
-2.034568768487732271e-03
-1.607068140132117406e-03
-3.352979048782289695e-03
6.591976018723855191e-04
-1.086342366757975242e-03
-5.781569771963201987e-04
-6.721502834956538663e-04
-6.430051794383828678e-04
-7.167628875865972304e-04
-1.134624977401132995e-03
1.057259343644423311e-03
-4.576239585232233509e-04
1.292173921318973129e-04
8.183566837525191318e-04
-7.051472177828088661e-04
1.710513777763322807e-03
-8.906181594456885620e-04
-4.448000489487569098e-06
-2.656943406915690531e-04
-7.555651859747491983e-05
-4.656897669208515111e-04
-1.090307309818960846e-04
-1.096700505500924905e-03
-1.019555953096551448e-03
-4.552118435372509708e-04
3.446325762708202234e-04
1.735661606640181986e-03
-1.264724761746993664e-04
-9.347558688710400077e-05
-1.186706145047011773e-03
1.516853067789147858e-03
-5.851563485828048528e-04
6.118123126765961928e-04
-1.117624536670414059e-03
-3.272387837687240619e-04
-2.596227778746573733e-03
1.083175427091465082e-03
2.730865497810874842e-03
-9.397028197264400973e-04
-1.597324453401771649e-04
-2.083663302216542945e-03
-4.732776171165742340e-04
2.259782727487058551e-03
1.188248725094043223e-03
-5.231345664116204830e-04
1.077918219090312490e-03
-1.917787186140440525e-03
-1.849192609169048040e-03
-8.542710604075853809e-04
-5.707584037928370435e-05
-8.274813456867757822e-04
-9.897298181316127597e-04
1.302723390185001051e-03
4.882986157234814328e-03
-4.043366143726689899e-04
7.228353682580124229e-04
-6.848153156950864684e-04
1.536138966206301859e-03
-1.216525065120821480e-03
-6.369572281499369382e-04
-6.601669376711249981e-04
-1.890510470598405490e-03
7.338224320825315061e-04
-1.634709516199039925e-03
-4.521446124687855672e-04
-4.312212691248706875e-04
-1.999849037723544498e-03
3.118811518074693367e-04
-4.823718955024869359e-04
-7.989093838012273352e-05
-1.025862258679621775e-03
1.134264953484898086e-03
5.259700443611681209e-04
3.249562298079933242e-04
7.746283799787700985e-04
8.832601931940686768e-05
7.362596317654901412e-04
-1.911687447923027250e-03
4.368999127377648506e-04
-4.630675743146905887e-04
5.559016427774121638e-04
-9.228634845559469113e-04
-8.175914940486972426e-04
-9.389338412701953018e-05
-2.802655216673555216e-03
5.359103087958505540e-04
-8.290850169505592504e-04
-2.401738807924491681e-04
-3.844657051292887928e-04
-3.447774522262747610e-04
-1.169361890934972337e-03
-1.153123324122207194e-03
8.937488704710006004e-04
-6.237984914170269235e-05
-6.278352250776997323e-04
-1.253710945976704849e-03
-4.388710050273747498e-04
-1.313450085619782826e-03
-2.393877202979677321e-04
-1.041147774741402188e-03
-4.347204349675060087e-05
-3.628299438673820987e-08
-1.046448680942502207e-03
6.249150027155536691e-04
-3.794562245293953140e-04
-6.327626772064665062e-04
-1.949340403009092171e-04
1.042070698976216292e-03
6.337417360904318286e-04
-7.903834792599706560e-04
1.234245797010480317e-04
5.693800079011879234e-04
-1.379206565109258875e-03
8.699626339689903176e-04
-9.076553980640333918e-04
-1.799136560494130066e-04
4.688351740509411059e-04
-1.176553228440235799e-03
-6.750882106032474184e-04
1.881881139240704215e-04
-1.493031877042527711e-03
-1.373528964443204714e-03
-1.683880425093597921e-03
1.019921048983851719e-03
1.106521764902446137e-03
6.169965831179791138e-04
-3.405923580763747793e-04
-1.817834286723885029e-03
-1.472774252485375968e-03
-6.994895332979034208e-04
8.678805908601816554e-04
9.797023906277235739e-04
5.557994114746556136e-05
-1.629955416237782728e-03
-1.638161748209743251e-04
-7.302377219617905979e-04
-8.987026802675934789e-05
-2.106620030490891082e-04
-5.105610333939747392e-04
2.285348226739980504e-03
-1.301348567873894524e-03
1.120414007263814682e-03
-1.062646562869362654e-03
-1.561849810435500530e-03
1.235573906408271583e-03
-1.796792383559786543e-03
1.663868234347720687e-03
-7.095357020652226510e-04
1.184703519811813877e-03
2.386852797814364990e-03
-5.009309947641149563e-04
6.486542454275934233e-05
-2.112404421072966443e-04
1.914707712652896632e-03
-9.088436873860850085e-05
1.313061658458902770e-04
-1.850507970547532466e-03
-6.278046538166215385e-05
2.959902537440495252e-04
-5.135689902102669180e-04
1.399024164153050975e-03
1.642232414243327554e-03
1.217123891748439490e-03
1.651158166848576414e-03
-1.211863243040678384e-03
5.803787663705151090e-05
-7.175936240200186944e-04
4.760051679346677389e-04
-3.003498960538752982e-04
-7.125632280293725529e-04
2.097260905475906156e-05
-1.713149219073395457e-03
-5.243230649241148456e-04
1.896080107532949199e-04
1.146772762399494994e-03
8.972117437755500191e-04
3.939678470263885401e-04
1.847492153168595053e-04
4.249499712183357758e-05
-1.526551182995827816e-03
-1.829172647741739155e-03
-1.298889409824255381e-04
4.745996253203710324e-04
1.345337181513084346e-03
1.777967418299386537e-03
-8.986335629059816199e-04
-3.817236514900290700e-04
2.461058735405696751e-04
-2.554455401961863714e-04
1.061097801859034462e-03
1.671411641401610026e-03
1.082420981017850892e-03
-7.969441931294785064e-04
1.093235518685897745e-03
-8.205906944083185550e-04
4.720809252987123728e-04
2.392335845682325157e-04
8.703223374217916586e-04
1.451245465563966164e-03
2.562444097020666334e-05
6.732797593531625324e-04
5.836531060738892052e-04
5.851152336153742084e-04
8.830385893143777309e-05
8.591646755957693671e-04
1.758227654817812180e-03
4.369694091284070936e-04
7.491450075653993679e-04
-1.597345799069449512e-03
2.397067394934726536e-04
1.014584945264740412e-04
1.584608612141824580e-04
-5.894657700407091028e-04
5.765189516606650244e-04
1.154857471316494966e-03
-6.648310704560067563e-05
3.793563556233614520e-04
-1.018659391730958319e-03
-1.404465067618376750e-03
-2.771976198832071248e-03
2.388214179410486082e-03
-1.662331573205833024e-03
1.362654147605280031e-04
-5.218053877011907815e-04
5.650575458149287300e-04
-4.602062849377031029e-04
-3.373576087033480775e-04
1.711551112095754945e-04
1.473358350013942442e-03
-4.282689074814882702e-04
-3.676484590613426917e-04
-2.818555415438073197e-03
7.734708194990780328e-04
4.460022744834368780e-04
-1.129493027847594533e-03
-1.174762083795855006e-03
1.704202949188715621e-03
-1.554196950523056842e-03
-2.373014014909857750e-03
6.169087089751279507e-04
-1.652727199777492828e-03
7.753978489126733820e-04
-5.593403535719687625e-05
1.369978404891947221e-03
1.417002918500109843e-04
-2.894287847730048213e-04
-4.987644534220070369e-04
-4.136380397563588218e-04
-1.592447713140376919e-03
-3.399354889229933008e-03
-3.276126234112997082e-04
1.649807242970258159e-03
-1.114543368267995049e-03
-5.737279664572714211e-04
3.501058187151961931e-04
-1.645887406265256203e-04
1.181784328050383692e-04
1.073553478648570092e-03
-2.296140959445525098e-03
-1.579634628422921239e-03
-8.401418695860307650e-04
1.905063778109283845e-03
-8.255547956332875970e-04
-2.016528284571883489e-03
3.802201296541074527e-04
-5.968926384098960369e-04
-1.809323391945838466e-03
-2.380504923509052517e-03
-6.353346508187751596e-04
1.883574035499435695e-05
-7.591761972052246676e-04
-3.116566796479425250e-04
8.835833029086082036e-04
2.019495156038608741e-03
-1.225111777814813507e-03
-1.398838844315797303e-03
-4.715470102878427383e-04
1.987614218432742774e-04
8.620208200429413381e-04
6.659565834141734086e-04
-7.480071742302918381e-04
-3.359286090784951995e-04
-4.757551524185998915e-04
8.014008599270816546e-04
2.221363247607577307e-04
-2.009210869207800343e-03
-2.862463928985370387e-04
-1.125190945396870035e-03
1.332724977574750724e-03
-1.871932884281557463e-03
-1.541927981651092239e-03
6.069188237087796978e-04
-2.063231509215057713e-04
-1.885668007068908025e-03
-5.202365016474530535e-04
-1.958355167686942622e-03
-9.112142036848958071e-05
-1.625001603430042962e-03
4.124039609982199650e-03
1.121826404921311138e-03
1.065756403451967316e-03
-1.259217179227167804e-03
-7.147385486461210746e-04
-2.127259971101302938e-03
5.910584815966846151e-04
1.208880039558435371e-03
-8.487304337105872065e-04
3.040730056425022809e-04
-1.515012988091424262e-04
-4.764729172355153253e-04
1.354861317650390973e-03
2.178377090453986753e-03
-1.739571862964695015e-03
-1.303776567861181235e-03
2.147059119140592998e-03
1.415997547266067969e-03
3.974779861688482185e-04
1.043181242692314825e-03
-1.352580739668374221e-03
-9.281456610448213240e-04
1.168536503414419059e-03
-9.949501891082235261e-05
6.183710439440215367e-04
1.724310277191332119e-04
4.051872986017279743e-04
-1.814418455458932655e-03
4.224797153016268680e-04
-2.015118314875330441e-04
1.712863908500672494e-03
1.709188206240330743e-04
-1.551443678663000370e-03
-1.230782684878306554e-03
-1.182701338315217399e-03
-2.687005200271652683e-03
-1.149152728309399407e-03
-1.337313543645413105e-03
9.670061083477676789e-05
-8.029674992962032576e-04
-4.011392657834456088e-04
2.003670295241066768e-03
1.089597522230256743e-05
9.159474738067441280e-04
1.355883223296938667e-03
5.888875965642803578e-05
7.840606976050601418e-04
-7.050255079046330309e-04
9.272617562177121187e-04
-3.738480356232365409e-04
3.538501992976783583e-04
-6.181788037140645287e-04
-1.700081075125314811e-03
-2.487854442069226124e-03
1.245603769784775494e-03
4.096982833430296012e-04
-9.018857434650584537e-06
-1.867355360889444427e-04
9.685984486051957276e-05
-2.175569413632727489e-03
-5.029049917801842184e-04
-3.932122857851494402e-03
9.387030981446997657e-04
6.830645386979306011e-04
-6.594375318711431788e-04
1.765876639570507223e-03
-5.121670945218426141e-05
-1.876461189356248838e-04
1.898571297884732445e-04
-5.527986857114530750e-04
-5.459150056690287300e-04
7.323063348314562404e-04
-6.867798113290302098e-04
-1.265497030908946385e-03
-8.833754013051198228e-04
-8.363800394683984507e-04
-1.007687763094455846e-03
-9.347180030627733061e-04
-9.918414939587005819e-04
-1.023055022985941420e-03
-3.705876801198826342e-04
-4.197154613094777886e-04
-2.207638565329350655e-03
-1.544235241936364744e-03
4.134775968709369920e-04
1.692010964747581170e-03
5.115832059026104162e-04
1.611492159627747611e-04
-1.874019727432507665e-04
8.923431118539326690e-04
-5.882894339863664612e-04
6.849998296234449668e-04
7.790165203587218201e-04
1.548615435116307282e-04
-6.298366964054835648e-04
3.739889121261441574e-04
2.628527721788564975e-04
-1.040822409713815233e-03
5.229940251312292787e-04
3.586032481952550199e-04
-4.147338209332662728e-04
-8.463842308326086084e-04
-4.779208617335939380e-04
-9.975890377300622447e-05
-9.092899581519819918e-04
6.791149746327995729e-04
8.572173272118899234e-04
-5.550272708183534576e-04
-7.737112549799363137e-04
-1.364458093239262482e-03
3.680678013753269084e-04
-4.425870228852435417e-04
2.373264207278236171e-03
-2.079007517297171148e-05
1.116939648681869457e-03
-1.160096967977031213e-03
-2.003486826295919343e-03
-1.387577358301861352e-03
-3.697144040248900865e-06
1.946907098318018114e-04
4.259213439803399837e-04
3.242141676731424837e-04
1.739208639779166177e-03
6.972655280272910261e-04
5.387104306782131147e-04
8.144409118817641513e-04
-1.964500079585818071e-03
8.305048377277302052e-04
1.029558535797558960e-03
-1.618132185833731640e-03
5.568020377633153828e-05
-9.734653074013888130e-04
-1.290811110594258793e-03
1.059312867388584323e-03
-8.128007206715803790e-04
-5.846173478092353548e-04
-1.818730298083215402e-03
-1.019128647152811595e-03
-1.316892152256166071e-03
8.490834503953603729e-04
4.213645298087875801e-04
-8.231119650767837470e-04
-2.399203886484402304e-03
2.791170909928197830e-04
-2.203283669622635443e-03
7.693970596249766203e-04
7.232543373232314110e-04
8.280109023228732212e-04
-3.406543894548530460e-04
-1.096110677221817653e-03
1.127870129224994855e-03
-4.948233892319020555e-04
5.460950339233328066e-04
-2.072407873059844974e-03
-7.396559588315199107e-04
2.194947331897179055e-04
-2.968933790237215931e-04
-1.195081740702930162e-03
1.330097680329878074e-04
-6.487708741700348725e-04
-1.764172015486398237e-03
2.666330107011560813e-03
1.283937664503742582e-03
-1.094341916372698620e-03
-5.887781231748157040e-04
-4.124102964491171974e-04
1.013084608907366402e-03
-4.725068294475498476e-05
7.685826508141424540e-05
3.308906117531762447e-04
1.181070809121331777e-03
-1.732081514091987628e-04
-1.900655399043049698e-04
2.492928276793815456e-04
2.075302938054912616e-03
4.141627730447350331e-04
1.321371515340619140e-03
-6.112815515957326085e-04
-8.518153319845289673e-04
9.093807005415843747e-04
-1.021449531493079377e-03
1.332592715278524409e-03
-1.347980491536171499e-03
-6.271922905911608837e-04
4.672112695232044643e-04
6.511827630024669133e-04
-1.189547333242391147e-04
9.013356911391490200e-05
-3.637163311303037716e-04
-4.763332104138484624e-04
1.664280711840993021e-03
-3.565093723263412784e-04
1.120761446346651979e-03
6.363960439077498421e-04
4.801579874262884573e-04
3.420316014803859161e-04
-5.751002485090417338e-04
6.651834726281169452e-04
-2.246551134441610031e-04
2.129859879353990237e-04
-8.886126082889855837e-04
3.014065629703521765e-03
3.952471815644731379e-04
2.610320830913614998e-03
8.220174494533161180e-04
2.355259200048642754e-04
1.146029598500408753e-03
2.309635306757318318e-03
1.103179247185837042e-03
1.586416370902954398e-03
1.045145353857135362e-03
6.023499337515225704e-04
2.390261516048042267e-03
1.344970849561200055e-03
-1.136673124928488932e-03
2.278896984533318459e-04
-4.998651369332307581e-04
1.324405992280119904e-04
7.489693900413207928e-04
2.296586328505156871e-04
1.336175244686765851e-03
-1.213905597804654235e-03
1.733716081445235702e-03
2.037785882011977634e-04
-1.912191968594711966e-03
9.533967163486423146e-04
2.829281323741827947e-04
7.428613731181865631e-04
1.844112660944974280e-03
1.155293919027133853e-03
1.425111693057923290e-03
6.758780483000492723e-04
1.244279527216285430e-03
-2.371647801402421152e-04
3.842835797422949895e-04
9.098406903498279519e-04
2.198868407067289255e-03
1.629680306188152628e-03
-1.467916213100384226e-04
-1.111117103762104819e-03
6.009113051947956308e-04
9.172857750125995580e-04
-8.630023931064378928e-04
1.527411117832722098e-03
-1.575559595927700229e-04
-3.913443774894442839e-04
9.244353133486260532e-04
1.805098613032685151e-03
2.548094685943746995e-03
1.761383430925356208e-03
-1.574786620768930945e-03
-1.875954479757080406e-03
4.043129783182219938e-04
-1.235605519779969796e-03
1.230119998334222586e-03
1.914758363067425861e-03
3.047263534807775898e-04
1.935598005725625015e-03
3.756601822624272558e-04
8.238668714088959177e-05
7.633231185821820475e-05
1.679431033712264210e-03
-1.013911636388753479e-03
1.289998541243120300e-03
1.277733700741912060e-03
9.282791218201413841e-04
1.983527452758204745e-03
-2.120699680279169996e-04
-9.142430655337818735e-04
6.165676503095962602e-04
1.766114658878770172e-03
1.930756725265769802e-04
7.139276595717891638e-04
-1.506948894966164687e-03
-5.909523046447873185e-04
1.082522235111849085e-04
-7.229040583389689800e-04
-7.862225766446240272e-04
-1.420190003269761192e-03
4.625802376618803891e-04
1.564003952165160527e-03
8.513229946913725144e-04
1.300670795605141095e-03
1.929854890353466246e-03
1.495169855646238943e-03
1.683984529178061962e-03
-5.916747922281029304e-04
-7.073896088582998232e-04
-1.510203016471312054e-03
-1.831588498599767689e-04
7.336214667961193925e-04
6.573757092780407874e-04
6.496315440751576631e-04
3.795709762768328943e-04
6.143452587892284100e-05
1.560594698554407245e-03
-7.683286908286568462e-04
-7.469514127533827264e-05
5.333537215710393298e-04
-1.272589828469117279e-03
-1.900342812006794446e-04
-1.602418167368835356e-03
-2.664666400169934946e-03
-9.930538169400371373e-05
-2.829109937685370113e-04
-1.632108100899642977e-04
1.595506605498453467e-03
-1.685407219949253133e-03
2.880892684524738456e-04
2.039503797600872304e-03
1.414471119865146065e-03
1.427763115182667519e-03
-1.123834324314731958e-04
8.447416484627101596e-04
2.640612635000927355e-04
2.461668702414376853e-03
1.229283563689786973e-03
-1.034170440323833873e-04
1.055888193573384370e-03
-3.857246100249511755e-04
-7.905582470282279672e-04
6.454334869196998170e-04
-6.299354783867450180e-04
1.360828363551336295e-03
-1.560215885656468515e-04
1.591533235128395063e-03
-2.817741760314795840e-04
6.474853016362747127e-04
-1.313380095391281088e-05
2.851127978082956815e-04
6.672890834455991182e-04
-4.368192770380918688e-04
-2.100289768389496103e-03
3.248970914457860459e-04
-1.757696107713702105e-04
1.893251574980325813e-05
-4.194414222713493956e-04
7.339878462027105144e-04
1.322520944279093058e-03
6.581123595157389872e-04
1.715593939682458213e-03
-6.402092269435222249e-04
1.677841141311642303e-03
-9.693033049751331731e-04
-1.337488716579571246e-04
-7.111465264251215501e-04
-6.511836915332747111e-04
1.423164555804268261e-03
2.283708948932483551e-03
-2.208469022333403586e-04
6.626016892179453777e-04
-3.513710228080224596e-04
-1.065681131651174951e-04
-1.769116001508752589e-04
6.133955750367015014e-04
-1.003467589032913665e-03
-5.266552041449656940e-04
7.890424791989758546e-06
1.472199504719107210e-03
4.451882573177634583e-04
-8.578081554655447860e-05
-8.556102650454366909e-04
6.747902599291144554e-05
-1.966632341445562204e-03
1.723353889806489292e-04
3.144221872246610872e-04
-2.334505977221734696e-04
-3.489959841578293975e-04
-5.434804076924759642e-04
-6.391935366805157059e-04
9.210675831665682267e-04
1.215423146379013275e-04
7.555615658902947729e-04
1.955065736099825813e-03
5.111354765292563940e-04
-5.650056520767332557e-04
-1.354774354613841325e-03
-1.092361236769701094e-04
-6.865777169853259920e-04
-2.634383728701283900e-04
-1.187703360204128700e-03
-2.213349692885335784e-03
-1.116556298798032643e-03
7.125203946864999693e-04
1.049827936316471977e-03
8.937762183547359740e-04
1.057726208766762710e-03
7.561796672812537423e-04
9.635705978656705639e-04
-1.188635385685588020e-03
-1.148728816262600816e-03
2.513011480964610911e-04
6.220426431708947490e-04
-2.884068591835209361e-03
2.739142544376571564e-03
8.600094589494844399e-04
-6.938850372195659588e-05
-2.088958390449313640e-04
-1.102920290132258785e-03
-5.302360626104896113e-04
1.662272842061884859e-03
-2.726144606124414338e-05
-7.237388289065282976e-04
-3.456124965039997221e-04
6.518678769273922313e-04
-2.716539874603185467e-05
1.268827021155827239e-03
6.759416719808175600e-04
-4.232543832820567786e-04
-8.891430889113038916e-05
1.211334925067308887e-03
1.147797969897945691e-03
1.155515971490217453e-03
-8.633890982046033002e-05
-1.217028427558330961e-03
-1.509102244865001552e-03
-7.691181869027285956e-04
-6.179186504371436683e-04
-1.804914961738735002e-03
7.265554330984080877e-04
9.385478792327539566e-04
-8.598918481461659269e-05
2.518882759073415301e-03
-1.289805385972231377e-03
7.418111886956513246e-04
2.845465324994300715e-04
-9.355680953286871215e-04
-2.089907880697738918e-03
1.674747345362881390e-03
-5.107893370397409427e-04
1.100233796847538414e-03
1.142028523736238199e-03
9.334197478569894457e-04
-1.023457727212129242e-03
1.871250843453298174e-03
1.420885596935317352e-03
-2.754726957654440866e-04
2.816326494503584854e-04
1.422367812149438748e-03
7.021500065551578018e-05
1.604046276431514428e-03
1.463916191858372073e-03
-8.385351872628454828e-04
-1.146410811895259840e-03
-8.168833691586385726e-04
1.251045192261157624e-03
-5.130761331419986249e-04
2.310389135737889177e-04
9.129335020490181307e-04
5.844949573283741984e-04
-8.266885967969095361e-04
-5.042780070221297706e-04
-1.361846197625693478e-03
7.738905393819273115e-04
1.115060693383629342e-03
-2.226896633445996088e-04
9.269562680658260945e-04
5.343848332630685150e-04
-1.152653893591981671e-03
6.863824648180028021e-04
5.089498970003436540e-04
1.410621480919527215e-04
1.859295388112469638e-03
6.609615859098916246e-04
-1.170080940284146109e-03
-8.455317014419705401e-04
-8.721653717969068964e-05
2.369138592923647479e-03
-1.572458268273235760e-03
-4.505445991418444152e-04
-3.301356959934942381e-04
9.169286024883760433e-04
-3.121116247866151383e-04
1.488587853902822999e-03
1.815285326874693794e-03
3.209498677663180644e-04
-3.561208234861279465e-04
9.319838622505738357e-04
-1.280946527222326381e-04
1.567941045882204065e-03
-1.241851923197145879e-04
2.544251410843134664e-04
-7.349803223253292828e-04
-1.652165771151015150e-04
-5.168056254520880799e-04
-2.295244196415247018e-04
1.630176352433121423e-03
-4.983923621255659242e-04
-2.665005251611951564e-04
-7.587766138772433777e-04
-2.422476766926973113e-03
8.412817017560136890e-04
6.187079458999100723e-04
-2.563574172267157891e-03
-3.010305733219809099e-04
-2.039950354195685378e-04
2.555908092169989487e-04
1.732650655486445146e-03
-2.738527709900129281e-04
-9.684220170083079893e-04
-1.435889720342808928e-03
-2.261336380232403798e-03
3.635483336377198782e-04
2.396817397611883393e-04
-2.582860066415948452e-03
2.241044801589708868e-04
1.850983566225039567e-04
1.483562210958355720e-03
4.393983917094779201e-04
-2.971584241140412530e-05
-1.465284104125386122e-03
1.738474876171736128e-04
-9.752989550895208026e-04
1.177537890788560304e-03
-1.172541666613735600e-03
1.034769568946769525e-03
-1.145821425953208461e-03
-6.211028438507515403e-04
-2.938861029906369993e-04
-1.621667421354278105e-04
2.536531432550503951e-03
-9.577895323427121355e-04
2.506211628925836266e-03
3.759417321926861177e-04
-6.534204318027203584e-04
3.001557832258416880e-04
-3.305048238828600660e-04
-2.745911201431638915e-04
-1.868371425560955146e-03
1.789846735010369727e-03
5.002388928621037678e-05
9.711362751363417090e-05
1.326806071097363926e-03
7.918968676423610020e-05
8.504591432836328124e-04
1.286053885430238353e-03
2.100160861155497827e-03
-5.584764902324401703e-04
7.414627384216831985e-04
6.302099276012107509e-05
-5.155551783213585537e-04
1.019089013132523647e-03
2.006718975504639957e-03
9.284731267600321303e-05
3.623347791481767999e-03
-4.343985049604093263e-05
3.046679614673308834e-04
-1.087803777816809259e-03
1.279602206053942481e-03
1.093859843017686018e-03
5.824368422755465957e-04
4.553945038707762905e-04
2.330170052158297977e-03
7.246308362662823299e-04
1.165281563531461728e-03
1.254569009526695922e-03
9.722199367225847766e-04
5.883638462214069165e-04
-7.890690146135082017e-04
1.267680608856069924e-03
-4.992236265060068234e-04
6.234901805741710490e-04
7.389550107375075783e-04
-2.780665719559483051e-04
7.566024780980562525e-04
1.359146945929090577e-03
1.299069992569679144e-03
2.030919773897910119e-03
4.042394671059934552e-04
1.699207341349540101e-03
1.541026849295912271e-03
-4.840712658349399788e-04
-6.311528007987288191e-04
7.927028035032979147e-04
1.913694837499591017e-03
-3.797221968351305321e-04
2.235942513837407830e-04
2.585384182903549544e-03
-1.839152521909692695e-04
-5.727165675752932117e-04
9.934028343128176175e-04
-3.262717324172825784e-04
-5.852301568447515479e-04
-7.158024570181886759e-04
-6.740577552459825483e-04
1.787797432726279112e-04
1.623219893345684284e-03
1.316792657086951479e-03
1.629393766100939445e-03
6.068159353005420087e-04
-1.672822873364232521e-04
1.968591091254801029e-04
4.570056191746107999e-04
1.974697422967297555e-03
3.603006335042291397e-04
8.771196960770666351e-04
6.572927096197833663e-04
-4.995564490539727842e-05
-9.325853071051604104e-04
7.637293625406549324e-04
3.958332522038254808e-04
2.506077374970994143e-03
2.900994463992390138e-03
1.642826784526985051e-04
2.005376559979010764e-03
-4.689276302998202084e-04
-9.250177889641442164e-04
8.045189685830234083e-04
1.072763252312203264e-04
1.158714442419439550e-03
2.178343591612730279e-03
-3.236150783378910489e-04
-7.691479785818522430e-04
-1.626550209232746624e-05
2.344247186993664300e-03
2.850720337022050188e-04
4.618399070117629179e-04
-9.833452495973116214e-04
-3.489173824458013939e-04
7.212537151988218653e-04
5.371027190070876145e-05
-4.163085039250447039e-04
3.183333439502611384e-04
-1.210373159474809057e-03
1.503182623218579650e-03
-1.150961697527819183e-03
1.101368575238126368e-04
1.546851969154605655e-03
1.513976025457886010e-05
2.746203051955387053e-04
-6.540525061211610591e-04
8.830572890263788111e-04
4.022026086589747251e-04
5.956669078130971684e-04
-2.590060566140195419e-03
1.882667585607178395e-03
1.187399232969177376e-03
-2.378870475716610144e-04
9.330910329139463499e-04
8.205922975721424706e-04
-2.268725456413545061e-04
-8.615106118090576359e-04
-6.498603655276102842e-04
2.273631342059045934e-03
-7.694775524389463328e-04
9.769138629522888806e-04
6.550348472673661604e-04
8.205882924166019166e-04
-1.566789598619333646e-04
1.413143633586022574e-03
-7.810843877573692140e-04
-6.864439168876579345e-04
1.410889946287019470e-03
5.046865699287472751e-04
2.305707388516875511e-04
-2.795917678233283965e-04
-9.609506332308725973e-04
1.579527601355934507e-03
-8.039601473586177605e-04
1.628178589401008125e-03
-2.359014689275573673e-03
1.243334040175847477e-03
-2.906888620370917664e-04
1.346503195024384425e-03
2.216284975817828240e-03
7.744725101335170336e-04
-1.645303109032436595e-04
6.666434877011795379e-04
1.291221947764098488e-03
2.814178270913458846e-04
-7.084807798469761053e-04
1.475290147818109077e-03
-1.343424709321805466e-03
4.104018776751594544e-04
2.728689298612252401e-03
-2.001989391948733044e-04
8.479349349577169903e-04
-8.935419552698053991e-04
-9.647332646165462933e-04
5.317065284407007653e-04
9.006368313344559340e-04
-1.012081093666461484e-03
6.218098216970169290e-04
1.640198599917708222e-03
7.314075060631530789e-04
8.095375623997647097e-04
1.374030637385059705e-03
6.149888355919674865e-04
2.474512984858012743e-04
1.409984638137018464e-03
4.654123625391637376e-04
9.837817354918509949e-04
6.445037890316918094e-04
-3.060652821271769852e-04
-6.384174724092250841e-04
1.064730682373671300e-03
1.827392655225912321e-03
1.834873633541622695e-04
-6.495833393609373729e-04
8.455263977087401628e-04
1.776937322599536628e-04
4.841024708257535281e-05
1.993161461325110295e-03
-1.346578001946596714e-03
-2.361842543483483325e-04
-1.115294055559656883e-03
7.744703851129131067e-04
1.690001704665267113e-03
-1.596879912888482522e-03
5.542074723363654698e-05
1.138274425309004911e-03
8.173754645024455812e-04
-1.720432604064070503e-03
1.227651517138994564e-03
-6.441709144990870328e-04
-4.812599476535783793e-04
-5.561462747689649433e-04
7.152178111131668459e-04
-2.664060205983531660e-04
-2.108910434592603522e-03
-1.858922912858496090e-03
2.335233623211863119e-04
1.166811094779118818e-03
1.402107877462643870e-03
2.823203354223036143e-04
3.672043019420367926e-04
5.454269773197406579e-04
8.907357997571807573e-04
6.061479360253141380e-04
1.985112948663214638e-03
1.285741407695883964e-03
9.082751457449855792e-04
2.535856064822317180e-03
7.237384697296178615e-04
1.061983427262935820e-03
3.367563008185303630e-04
1.108756880265904243e-04
2.669864022317725016e-03
1.207305311439865747e-03
-4.595680401779933533e-04
1.936144255950456028e-03
1.106218439147044208e-03
-6.268287425224006171e-04
-7.056586673905851370e-04
1.381684685298534276e-03
9.533130975181158817e-04
1.087135056173638148e-03
-9.381820182936539965e-04
1.574387887544714815e-03
7.577587687144227147e-04
1.192698028746885797e-03
1.719895551507866216e-03
-7.280445274526758936e-04
1.323024657288174311e-03
-3.205948300581962229e-04
7.089539307953973690e-04
2.942721889231947330e-05
1.391362319002942272e-03
-3.643255767071806872e-05
-4.657470906521687937e-05
1.268229181415003737e-03
1.395645783324850342e-03
-6.238914180323185121e-05
8.815631165401960345e-04
7.617339126040345576e-04
6.610733402401258729e-05
9.285237377236743583e-04
1.634025182953635635e-03
-3.125487834005902243e-04
1.368646741179979642e-03
8.967388840552814600e-05
8.529459606256839521e-04
-1.084687802765715858e-03
9.235689718645190283e-05
-1.549634981106384757e-03
2.808580561004525578e-04
8.581710161039701745e-04
-2.073287717453631274e-03
1.708947005839345223e-03
1.266039513501349134e-03
1.540982260586076791e-03
-3.988856492835868295e-04
-4.342673194581703200e-04
9.402522915578082063e-04
1.406289940450555775e-03
9.128216740594830014e-05
2.025941864344682486e-03
6.530091941359117413e-04
3.719806368707168076e-06
-7.397562338289365158e-04
-9.243431377259359039e-04
-1.032982814128224902e-03
1.979186455197234906e-03
7.637800296513841403e-04
7.896869456798238929e-04
1.805427597460163014e-03
3.128277190060924084e-04
7.629991936881630465e-04
1.236225846426020070e-04
7.987420217046015125e-04
1.057906638789907205e-03
1.575829099975445402e-03
7.059656499330824175e-04
-1.180776356638713054e-03
-2.463145261914378992e-03
-3.409651306669481130e-04
1.713254622372151204e-03
8.146787687053347327e-04
-1.897465590695590620e-03
-1.560731014685234896e-03
-6.819084352147619654e-04
-1.238943862833519205e-04
5.836711611355571705e-04
4.492394964581425398e-04
-7.962480484537959313e-04
-1.015937753563456170e-03
2.789278747981072115e-04
3.160957030614586216e-04
-1.823287774511905823e-03
3.540519990103963011e-04
-1.569962733467544780e-04
1.754112864002843608e-03
8.664710618364601658e-04
-1.609598410523549461e-04
2.110027264113245593e-03
6.660242999603216418e-04
8.304240644900762192e-04
3.197173715181467202e-04
-2.006304340442799372e-04
7.338673815155960511e-04
-3.372575210724981787e-04
-8.522488575029019131e-04
2.007214321709138716e-03
2.412970105350797922e-03
1.120588121558796502e-03
6.107565595336872377e-05
1.283971603161626618e-03
3.958550276026429060e-04
1.399698836261675794e-03
3.539871873030620009e-04
2.904903105589440315e-03
7.190414649596021945e-04
1.114674886921962482e-03
2.350838343686545429e-03
-1.060929654041586900e-03
-3.941736410237872690e-04
-4.783813679993809131e-04
-7.213021449903322946e-04
8.309355577889032674e-04
1.951103789548325196e-03
1.568012422641373860e-04
8.048086270864285297e-04
1.500995910136193601e-03
-3.873727611980459784e-04
3.882775285581896441e-04
-1.031804131643720979e-03
4.651932447088391598e-04
-9.432906709228028319e-04
3.022590828563043175e-04
3.542729565775282197e-05
4.240885190931464876e-04
1.801338449092027005e-03
-1.832275625957002774e-05
-4.968497618420553152e-04
-5.091420236116306342e-04
1.603114723365939298e-03
-7.948328325202425049e-05
3.811748242776857865e-05
1.858507414913557199e-03
6.958734317463743935e-04
-2.308206259136191818e-04
2.324207889239371383e-04
-1.147319828568749145e-03
-7.807596536246741437e-04
-9.306241131410430967e-04
8.356773651219118193e-04
1.782681070936043000e-03
-5.570245645558635772e-05
6.747066670742540850e-04
9.704579267011403942e-04
1.887623028798079972e-03
5.824448687852257223e-04
1.356705223271692518e-03
1.862510892811863883e-03
4.480435847049601961e-04
2.615886076487106138e-03
2.050274101885740663e-03
1.478171632497637944e-03
1.583057725710990127e-03
1.094009465168133133e-03
2.365487451783110373e-05
-5.937331857657213163e-04
8.321284617203161815e-04
-9.381201545399786568e-04
4.520159395320355600e-04
-6.615756573404851792e-04
6.398506830591621508e-04
4.172205273422768812e-05
1.237958630564417462e-04
-4.833290780013044241e-04
9.240681166606812269e-04
1.103537562229028879e-03
1.837339775432766942e-03
1.270588782529724625e-03
1.623530689401686544e-03
1.117418837710548729e-04
2.713868628360094348e-03
2.259489771814005010e-03
-1.404972858376485334e-04
1.353218762549346366e-03
1.000781295368069479e-03
3.769064661840459962e-04
3.119247327199481390e-03
3.655842933569797282e-04
5.182308398601342958e-04
1.299020325020272537e-03
1.897240547337419869e-03
2.105115671562352020e-04
1.847286719788954201e-03
6.705254195980003828e-04
1.033317219001128606e-03
2.203549343009481021e-03
8.306939402848989573e-04
9.114319411700488871e-04
3.748515180888034592e-04
5.494768490152956986e-04
1.047163521746163894e-03
-8.310853468003198685e-04
2.654374302935025298e-03
2.183269692903611059e-03
4.804891343188621988e-04
1.009455550667448520e-03
1.693550029415735736e-04
4.603539626968355947e-05
-8.183515510153949180e-04
2.299521941089954780e-03
7.803341157535115258e-04
6.112847629204942734e-04
1.306907472427898398e-03
-1.290382014851987336e-03
2.275460706618659401e-03
-2.833734912359719971e-04
2.916927080940379113e-04
1.142876176329910010e-04
1.044681725248519655e-03
6.996655466204870777e-04
2.646206094052194757e-03
2.851475035654527090e-04
-1.004758140780603881e-03
1.630020347290539462e-03
1.446459360644913872e-03
9.177214852587045613e-04
2.625013120707286873e-03
1.925517084177874594e-03
6.529952789329218632e-04
-2.790352815909002970e-04
-8.913479561887260871e-04
6.485946056868918674e-04
2.060126514806137621e-03
1.427018764257992345e-03
-6.656236408364435420e-05
-3.159665630214636423e-04
1.411597078504023273e-03
1.667914087822408575e-03
1.768085938252283995e-03
2.110918929929539445e-03
1.229844243172406593e-03
1.519532213404506393e-03
1.064807627257913225e-03
1.619097761329513219e-04
2.906300977092435289e-03
1.545123254742541974e-05
-1.454716768309882724e-04
3.352960175875718818e-03
-4.663973584473346534e-05
1.025154404099115624e-03
7.844159749055279462e-04
1.059009727319981664e-03
1.653571089016869777e-03
1.145086831463526522e-03
1.189263930469142139e-03
1.434133012846894317e-03
1.857689721179944797e-03
1.569674326136194509e-04
-1.504441235258058285e-03
3.382631701170923932e-03
8.502240781786962742e-04
2.058218864686711669e-04
1.682689761288047592e-03
-6.682310383188116987e-05
9.111289422807367089e-04
-1.431675834657752944e-03
1.844665051231597630e-03
1.346287023879400024e-03
2.853710711196111305e-03
6.811092660059525628e-04
2.329780195485575689e-03
5.271105744131254767e-04
-1.506646333549577221e-03
1.327898351499712248e-04
4.835010068238165815e-04
8.580689851633849230e-05
-2.853547407417611481e-04
-1.923806621133561379e-04
8.369844488298472385e-04
3.555018658114583729e-04
8.959962984482761073e-04
4.251988214429847091e-04
5.237829726980613998e-04
1.256755447624824384e-03
-1.420311652045036510e-05
5.355505728199538851e-04
1.505635458294296569e-04
2.308066728413438184e-03
1.088060693119619060e-04
7.510520143452215081e-04
7.271063468941019181e-04
2.757527553391980746e-04
1.522597602492625768e-03
-1.124808376485431083e-03
3.273191309853817899e-04
1.481059629787395693e-03
1.661497476609152812e-03
1.761536355004977850e-05
1.023039858224050747e-03
-2.204963411638338755e-04
5.047607534669484863e-04
9.463244578518104078e-04
3.593178929635065799e-04
1.649943305161327700e-03
7.869011771464151650e-04
1.879288085984587298e-03
1.071580938494021140e-03
-5.251268321395663463e-04
-1.875473714914033252e-04
1.140151787038412579e-03
1.593630523712752378e-03
1.512702963928358457e-03
-8.779499770512622092e-04
-3.456180088747817791e-04
2.095332571521169029e-04
2.824686478175353344e-03
-6.925495523411040466e-04
1.973502065814924933e-03
6.982492604854506624e-04
1.511498305300174039e-03
3.117542795976646630e-03
9.438739460680967142e-04
1.763852760994222280e-04
-4.930842314512240421e-04
-9.721938180622391457e-04
3.356641437630702995e-04
-1.541143339567341286e-04
9.848023613650003227e-04
4.070789180382838879e-03
2.262098499650200267e-04
5.703746529202025073e-04
1.639032912983395818e-03
9.470785893892497143e-04
2.577314351537296488e-05
7.521980288680563120e-04
6.298812760112681985e-04
-1.263093885852661913e-04
1.953007484770674651e-03
1.174795740871426020e-03
-9.091837102170874374e-04
-6.258391522879769298e-04
5.513707020659008862e-04
4.085450888202668551e-04
1.487944899735804682e-03
1.250795493215939302e-03
-2.570787135820484792e-04
-5.585787594222235697e-04
-3.464346501358406272e-05
2.530673207660205648e-03
2.470670654129758503e-03
1.951407220774026285e-03
-1.409454108813879003e-03
1.944866059773175948e-03
2.062792688702463906e-03
-6.434466222966506166e-04
6.122592576560670352e-04
2.037090771133343026e-03
3.694264720122131251e-04
1.422530849475522885e-03
-1.277571198512683637e-03
-1.195133254970670578e-03
1.262566649865348722e-03
6.218845040513176770e-04
1.933858332193727492e-03
1.722401308281718002e-04
-2.739996495839891466e-03
6.148097903890814564e-05
1.307065596172218847e-04
3.584717393083636239e-04
1.503277628011945311e-03
-3.801834898344846891e-04
3.773950911050150125e-04
1.584819586339270003e-03
2.143901548876891994e-03
9.421914685932009093e-04
-9.284621957663663494e-04
-3.847322620538218274e-04
1.981333871151180759e-03
1.239473071794616743e-03
2.385193352580916581e-04
1.702254278328707571e-03
-9.518952111675638150e-05
2.233010991498085573e-03
1.524226256189642470e-03
5.932480431976028257e-04
-4.298724785420926509e-04
3.741857072498966374e-04
1.365302398599332889e-03
1.345555360047434590e-03
-6.529601214879665605e-04
-7.995713519082237042e-05
-1.358291643023923356e-03
-2.095924755944889029e-04
1.181866999965475173e-03
1.257660617274058978e-03
2.536988052430633189e-04
8.848006787889328706e-04
-3.441491881506220096e-04
5.462644329656818343e-04
-1.253823051516445020e-03
8.227536871749929759e-04
-5.813656037676473431e-04
7.365969027421925830e-04
1.569403268991020894e-03
1.870872663765288380e-03
7.839348566269777052e-04
-1.284624391705735391e-03
-5.156969753126183775e-04
3.467752326766770921e-04
-1.153199971619667252e-04
1.029174668846222218e-03
-1.548888624818944848e-03
2.466272017465076516e-04
2.494843753878983605e-03
1.200886015878976920e-03
7.642947789754384047e-04
-9.910197678517640441e-04
4.441966927359874973e-04
2.890896959793831655e-03
-4.360540087695596867e-04
6.825252610465071257e-04
2.990802413960214068e-04
1.250741242639019646e-03
4.897535610353109803e-04
2.269781407749249524e-03
-1.173500262947602124e-04
-6.318798033144723547e-04
-3.458313255275680120e-04
2.144364437950407876e-03
-9.551982993571961345e-04
-1.056719499306080223e-04
-3.708573359650912948e-04
8.943836612194111524e-04
1.827396661722602289e-03
1.108504077899086226e-03
4.931594270261019375e-04
-6.945035598984183878e-04
-2.133241058717150196e-04
5.626516451562313392e-04
-1.413022911131989190e-04
-1.176034448198137738e-04
3.362014127175072531e-04
-8.043288087571376366e-04
1.724970563883987396e-03
4.237033482401564299e-04
9.726625950046141611e-04
2.822245511454601896e-03
7.733984488293987880e-04
-1.841189222944183967e-04
1.005053514564036021e-03
1.001692351515703905e-03
-5.660064339350068252e-04
8.260024801349796775e-04
1.123862395368435685e-03
-2.659771767721252900e-06
7.126113861568583729e-04
6.267644418622708713e-05
-1.808192387371398979e-04
2.988225686977319384e-04
3.043133215112625578e-03
-1.567171066225059306e-03
-1.415006715436151197e-03
-4.156327335658183131e-04
5.959200422536170549e-04
1.050594966283124876e-04
-6.844479454122254225e-04
1.184309637792813064e-03
5.024212438722308605e-04
-2.124166707640373630e-03
-9.581943691867600421e-04
-5.929403502709096330e-04
1.142220539772420551e-03
2.292328586251057843e-03
1.199981096102309408e-03
8.884650347464884135e-04
1.811599379886175143e-05
1.077321834646260967e-03
7.041601622757021062e-04
1.834683188583152713e-03
2.269725716564030549e-03
5.615402569811855926e-04
8.738742140772526312e-04
1.458651587684434148e-03
-9.865944293270256793e-04
3.472610488126637307e-04
2.076434884210387466e-03
-9.882656839046433106e-04
7.946220204626541772e-04
-9.201905520983544307e-04
-9.863643131244881346e-04
5.096275375051639855e-04
-6.301904748955422519e-04
4.995011310382491132e-04
7.643913998851559199e-04
2.960153642039831112e-04
1.594189247882127347e-04
-2.496055429634935763e-05
9.716844605454078021e-04
3.493204506876956827e-05
6.514784067619405761e-04
9.953571517664627777e-04
-7.475189392125436427e-05
1.208614917704853298e-04
-6.207133931102060131e-04
-4.444638172076409433e-04
7.633620955986852863e-04
1.331307682008953108e-03
1.647779765132639795e-03
1.015539494423789435e-03
1.823346354661969926e-03
-3.282350234132813682e-04
-1.939892296541012584e-03
2.038586287022470245e-03
1.397185033763514994e-03
1.926343619648829275e-03
1.142704966386132170e-03
1.150802578571141765e-04
8.909474119800364633e-06
1.593885912751780154e-04
7.024925611762711242e-04
-1.532169902784819016e-04
1.885117198616725886e-04
1.564369705723045456e-03
1.380242473952186799e-03
2.372816864757876232e-03
1.521100142051201587e-03
1.277640565805926443e-03
3.270400883759183586e-04
1.600980981755206756e-04
-1.007647390805832543e-03
2.370989716819149606e-03
-1.607783316570854382e-03
-6.768658536220328870e-04
-6.740060848242634961e-05
-9.511404773303588911e-04
2.974159892386030180e-04
-1.402881680365730688e-04
8.314308001982073648e-04
1.930338178964374762e-03
1.988526038575466615e-03
-1.661827939098969864e-04
3.668420652997994580e-04
-2.960264091547148979e-04
4.160475494747739589e-04
3.806252142504185088e-04
6.989317436838504705e-04
8.875555511602684078e-04
-4.742906923673739783e-04
-1.397748763817041606e-03
2.178674588771967180e-03
1.440722290215967760e-03
1.611860582992452606e-03
1.376267132315867059e-03
5.139969788523490735e-04
1.067306729147787792e-03
8.980826923425944130e-04
2.182290423505817145e-03
1.162589475266928574e-03
-3.874691477934177897e-04
1.879260708453900364e-03
1.317981728919059847e-03
-1.137692402475298792e-04
8.072348135421680837e-04
1.694363764617401458e-03
1.389471023708566122e-03
1.334157259192281231e-03
1.641839248969878540e-03
-1.898766773389404250e-04
7.421252862018778984e-04
-6.290220693783155070e-05
1.925901783275563162e-03
1.417102791316349197e-03
1.339090598948544653e-04
1.248824853518737399e-03
9.321659404342153010e-04
-4.909697951203106925e-04
8.192865892731049371e-04
1.136114329288284708e-03
1.395506574860316817e-03
-1.829580308320810644e-03
1.205873789909661653e-03
1.925610553968448713e-03
-4.295352232313032204e-04
-9.718942102809879913e-04
1.735555830648660702e-03
-3.143885276357671898e-05
-1.717434078536417275e-04
1.724956793446530412e-03
-5.680643397218965163e-04
2.854683455185025309e-03
-3.963316722292997696e-04
1.093229579509857885e-03
-7.788076859038817190e-05
-5.269029033789784933e-04
3.527982467044221693e-04
1.045562102570674057e-03
1.197986729656985716e-03
-4.876221529435120772e-04
1.629545763801809599e-03
8.197384074559721512e-05
1.713418080951489841e-03
-5.093483130296228012e-04
1.887489666090313989e-04
5.548372940520351904e-04
2.278710962702490406e-03
4.563987256618329269e-04
2.766631453310131050e-03
-8.910488786730841326e-04
7.598550453611352395e-04
-4.114284481016028394e-05
-2.368502775740299882e-04
-3.933418696797641445e-04
1.681655452139496632e-03
-1.212610417322679268e-04
1.219954672443179788e-03
1.820077439569578459e-03
-1.958321091655168544e-04
8.040132600111160599e-04
4.540958346908041676e-04
1.082220102043507381e-03
5.315698897010445734e-04
1.513089664122446720e-03
3.215819229343441776e-03
1.061235510183111685e-03
2.068299818685614966e-03
1.435845264734503246e-03
1.858180021548916372e-03
-1.359609441182740852e-04
4.616165777773240109e-04
8.606466265570489327e-05
1.025462679974387115e-03
2.977020689689524602e-03
2.600830444543733577e-03
1.646021005908826496e-03
2.222544157906236606e-03
5.386896672909813333e-05
3.446056930414886921e-03
-3.868196705760773568e-04
1.611322352069510799e-03
5.910734032510411851e-05
-9.916272966625783170e-04
9.302203011207765826e-04
4.785990040310217353e-04
4.529252288538732074e-04
2.248446093924716394e-03
8.798979599928813400e-04
4.582680959892559969e-04
1.229405804847871764e-03
-3.530580388031445693e-04
5.908917420951453892e-04
-1.773762199275275009e-04
-8.202221311486290745e-04
-1.130390049453477985e-03
1.243105872053007488e-04
5.111605078345071718e-05
-6.790786424659689402e-04
8.562160683838193620e-04
7.503183065933338725e-04
8.834235966332926182e-04
2.288971108240334118e-03
1.275820764545798625e-04
-2.160138634767383436e-03
8.510842073836677457e-04
2.364612714485403444e-03
-1.505586792831081766e-03
1.568327655878443139e-03
9.895156496158019621e-04
1.746482844727781369e-03
2.798155712679717411e-03
9.030984726090540704e-04
6.051560335413874725e-04
9.249279636642793179e-04
-4.737680835100732679e-04
1.324686282171416707e-04
-8.209059074726354766e-06
-8.998710928527220432e-04
1.552810047773078850e-03
-6.785290529442988827e-08
-8.909064432964797220e-04
8.579639311689923886e-04
1.942206813151825529e-03
1.268618593806669637e-03
1.213596401059113816e-03
1.973150391824551875e-03
1.138801492827967721e-03
3.137648990758634682e-05
1.070482480598045072e-03
8.505218871757147525e-04
1.119481733900640208e-03
3.893333625792916308e-03
-7.960417360641791618e-04
7.827363935140052575e-04
2.369663654499865046e-03
3.200284395099561863e-04
-6.007182461875704149e-04
1.453807929407524568e-03
2.245435864992817443e-03
-3.562454026739825252e-04
1.424170885062636671e-03
7.206670925505864744e-04
9.609517819675339467e-05
6.163012491762209777e-04
-5.850884401592537643e-05
1.439989258233964620e-04
1.298717881090150073e-03
7.189713393767060978e-04
2.540118259275692125e-03
-2.385509453821654802e-04
-5.320446269247991467e-04
2.084969700355543409e-04
1.917124166030959032e-03
1.505591131617078915e-03
1.113659536985167620e-03
1.355022965034979876e-04
1.477054446401337984e-03
3.174124039568182454e-03
1.813168767772266321e-03
5.597868381024273532e-04
1.660430667750567579e-03
9.870836840841779036e-04
2.216478702807833656e-04
2.288639257443936259e-04
1.944542452953612610e-03
8.025394354302939348e-04
-8.470952136696574541e-04
1.532660910255057019e-03
5.002840508174788425e-04
2.668896600104275763e-04
3.869897094022078932e-04
-9.450561162194226483e-05
1.656854746965752412e-03
-2.613369083370953305e-03
2.341574892593456525e-03
1.525247651753991462e-03
4.135157829538993468e-04
2.219053494347811295e-04
5.536255677056622915e-04
1.056073034802818000e-03
3.211576609827293538e-04
1.113843177762419145e-04
-5.223020607014738914e-04
1.937601299966784651e-03
9.011067329356414746e-05
-1.048614695156491194e-03
8.294901369749752007e-04
1.964439253843153210e-05
6.416601917043074366e-04
1.760049351173353926e-03
1.250085686655078021e-03
1.265053080751199488e-03
2.518421340429011224e-03
1.376243010249078580e-03
8.373556527745407152e-04
1.145206970638135147e-03
1.747345573817060682e-04
-8.920040118638450366e-04
8.241421392551906422e-05
1.195683842172279299e-04
2.013380788424834478e-03
1.669342086330072306e-03
2.037368902553016170e-03
1.181634220668748014e-03
2.699816880424865673e-04
2.158172791814294555e-03
1.466713599097779763e-03
3.383586347625033852e-04
1.210557102055531686e-03
1.994211945721691137e-03
9.136522397867885559e-04
1.611526222866643820e-05
1.214962708310229900e-03
1.634882794046221832e-03
-4.843339235278687482e-04
1.943210231359238094e-03
6.166460508982840594e-04
2.818110672522244897e-04
-7.013630608170284830e-04
3.187190188243871347e-03
-3.277072186671503573e-04
5.472939092530104688e-04
1.261510501719520505e-03
-2.220238469730073660e-04
-3.497968894203840051e-04
7.269654438315509282e-04
6.470194152847774660e-04
1.229436834513819576e-03
7.117116707078263715e-04
1.666842826493430962e-03
9.195740438672217465e-05
8.552274605768683813e-04
-1.671665059506111106e-04
2.147946565695280086e-03
2.901770456089636241e-04
-1.399246163844569679e-04
-7.125657270610208371e-04
1.569008620756040528e-03
1.104828708336391685e-03
3.585458281616382692e-04
-1.463580115762308509e-03
2.143397539938085572e-03
7.313288247274840614e-04
2.190127124795271385e-03
-5.526766496823931618e-04
-9.624294888783690993e-04
4.954398497081236030e-05
7.698140655871821281e-04
7.706439621588678790e-04
6.050908883097338986e-04
1.779548977168587953e-03
2.306808985979014182e-03
2.395621433286088120e-03
1.765437053954377333e-03
-7.300779674277446674e-04
7.920069914846283865e-04
3.819184527533714402e-04
-1.187962919302343323e-04
-1.429829032399965172e-04
9.912289047318001423e-04
1.440492951865657290e-03
1.503920748602505242e-03
-4.640807666258517372e-04
1.294455380602688166e-04
-5.866478629499294328e-04
2.638774997820725332e-05
1.357764081830747926e-03
1.026136539004074422e-04
5.214208229491479329e-04
-2.408046761435134187e-04
8.946244510907863656e-04
9.143773326363291432e-04
2.405027542084159364e-03
7.336460382010301373e-04
6.279393537069744013e-04
1.838431800080808642e-04
6.907700552369888669e-04
1.691973834672566568e-03
1.106175654308483303e-03
9.089523073095850947e-04
1.246377743515880709e-03
-2.302543516141675184e-04
9.115333469587039161e-04
7.039945317843798733e-04
1.008767993180947897e-03
1.682063365526120791e-03
6.356727451126698014e-04
-4.104919276535223815e-04
1.351254152720748891e-03
1.886921560946497323e-03
7.326269565031129360e-04
1.480294075619337235e-03
-3.219159956906469944e-04
3.024727995567078054e-03
2.595557299897244263e-03
1.088868890310124016e-03
-1.185427700918006977e-03
-5.613926973300209511e-04
9.136021442377462165e-04
1.736655449581459010e-03
-3.143148741429069304e-04
2.790213436352217968e-04
9.730473200135758560e-04
-7.648880771737864848e-05
-7.806200469444579682e-04
1.125287512182548966e-03
8.737240411116342642e-04
1.506960487851038977e-03
1.960889528638043444e-03
-4.933944795104672210e-05
8.891297179491886027e-05
-3.722977120474979529e-04
2.171381251468540441e-03
1.794942957359824121e-03
2.690440843673425064e-04
1.218475564047638571e-03
2.274477826232690347e-03
1.337989937303163401e-03
-1.443598769734766307e-04
-6.105704477898932225e-05
-6.838849489425591344e-04
2.666936251603191366e-03
4.183497603162944500e-04
1.151548557175807730e-03
-7.390711596289012419e-04
4.421516096495547998e-04
-5.532808720722925955e-04
-7.898378798665284251e-05
-5.173092632226872212e-04
7.036289761710445845e-04
3.699600372570888140e-04
-1.621814184868952680e-04
1.391566342007433121e-03
5.216221054242797806e-04
-4.399822061762481695e-04
8.659488144868721093e-04
7.976118910033580534e-04
-1.098378749518902353e-03
2.832199330425888562e-03
7.590507256884926335e-04
-2.842325781362564641e-04
1.245656088806335049e-04
-9.274300161661308550e-04
-2.368514546117861386e-03
9.617488333590884508e-04
-5.008016853069729990e-04
-6.098799696796497471e-04
5.542850597175519312e-04
4.186054516104320555e-04
1.149587565188125993e-03
-3.581162535346571474e-04
3.608877707852453653e-04
-9.232023611056572321e-04
-1.009730493489291447e-03
-1.136669774023157942e-03
-4.611546744646144447e-04
5.939908215246703094e-04
7.862696679794556331e-04
1.760283533688067337e-03
8.294015399064047500e-04
1.324311640456654615e-03
6.931733857684641009e-04
1.615145503013115658e-03
1.085631919200302775e-03
1.415749277482447610e-03
6.624743797483123586e-04
2.352895093307161289e-04
1.228357696591242387e-03
-2.173928630420096653e-04
9.596170316641394749e-04
1.260247231322120243e-03
1.191598946520544544e-03
-5.028161043048040568e-04
-4.171128248515731940e-04
1.137150337053638438e-03
-1.591730896646215143e-04
4.450721419095859943e-04
1.638562910762031422e-03
9.220130368208234728e-04
-2.593049965977645144e-04
2.086937309963454723e-03
-1.102329488575914951e-03
3.657498408338177853e-04
6.805656985648944612e-04
-1.705357115385552902e-03
-5.576329330345686230e-04
2.539793688315583609e-03
-1.026099569611194084e-03
2.079514137018234621e-03
1.613229892506673480e-03
-1.658096746772752539e-04
9.859829778227080510e-04
1.189210121363526440e-03
4.490286513803010138e-04
2.350845547209878816e-04
-9.248098571590368522e-05
-2.790583063418949905e-04
1.790052034027711514e-03
2.022033363133779460e-04
-1.203089260007450534e-03
2.751306721737734051e-05
1.141928155572013992e-03
-1.258342938444956260e-03
2.885218166903680270e-04
4.568879104052125939e-04
1.889914100355216675e-03
9.007919754546733770e-04
-1.821509767158779880e-03
2.621733122304847896e-03
3.964512366703143442e-04
-6.173326665015466119e-05
1.301571273828239228e-03
-1.673296986850036916e-03
5.334657812063881011e-04
-4.861021282829280921e-04
3.814255988312531542e-04
-1.491747324056769131e-03
6.968184383318032360e-04
8.320313013210345332e-05
-4.283295477938153795e-04
-2.659818195351881798e-04
-1.922296134126977307e-04
2.997715252051058599e-04
1.631888022638250391e-03
-9.638701256922121985e-04
-2.069292606190487049e-04
1.069111329681238232e-03
1.784436811986589433e-03
6.936408590529907769e-04
8.551608752385142509e-04
1.342492675282969117e-03
1.453269637556875438e-04
1.692666005515652827e-03
5.950592481163141656e-04
1.309430644427678203e-03
2.006267123269234176e-03
2.389441949048887182e-04
2.300727616819653321e-04
-1.244779063571677113e-04
-1.727762282465183930e-03
5.226454933340285436e-04
1.385080386939296915e-03
8.629899311642930115e-04
1.316416986209212325e-03
8.070240871589362541e-04
9.955064929261236983e-04
-4.705707911902834439e-04
9.859154594717978171e-04
3.210506600761497964e-04
1.341758547209970232e-03
2.235427758043861957e-04
-8.085608257528686948e-04
5.077320306412502759e-05
1.935777668840010790e-04
1.123353380216407515e-03
-5.525002049022731399e-05
2.539912249077680428e-04
1.007070947998123245e-04
5.896664555027353316e-04
1.289383810795463603e-03
1.456810846310663266e-03
2.336396138697960367e-04
1.108468223843583900e-03
1.375081098246910827e-03
9.978588731982540594e-04
-1.530907473711096145e-03
-2.618227569017861356e-04
1.856034429709607636e-03
-1.163951549610020564e-03
7.407744900667090349e-05
-4.069795409500365224e-04
-2.508055234313744108e-04
1.730270431793412556e-03
2.285848469550488815e-03
-3.682507148454750023e-04
1.006945352331145571e-03
2.236768710081271649e-03
-6.126746376755587420e-04
1.702648386767480204e-03
-2.011781839961201968e-05
-5.239839331034890080e-04
2.516723473090287655e-03
4.861965071785157022e-04
1.840224478922847240e-03
1.569732720853700414e-03
3.343131072499838652e-03
-9.614130480994909078e-05
1.029449489235334525e-03
9.720439179849993394e-04
4.823273113336856710e-04
-2.989254442691269276e-04
5.381252827445504039e-04
3.693448761223905308e-04
1.417555635258249680e-03
2.521775591953767659e-03
-9.519258617127768218e-04
8.805824417752461386e-04
-1.737344765504467148e-04
6.345835633414509402e-05
1.189145779138645054e-03
-6.070307816141706780e-05
5.436216822565231865e-04
6.698716355248990340e-04
2.226016638098071709e-03
1.852126176743462693e-03
1.932658719505209177e-03
9.091956722022676018e-04
1.043343756830683589e-03
9.770878484327560898e-05
3.970500781655950107e-04
1.287722616486020044e-03
2.449392651482140693e-03
8.044766180876905537e-04
-5.193694085861011445e-04
1.964643228734130886e-03
-1.952818701944636359e-04
1.264362685067466074e-03
-5.701245813316546673e-05
7.544858501575824050e-04
-5.369076492183211258e-04
2.674166005506295463e-03
3.757047515347000655e-04
1.432891159186322483e-03
-8.755842027019511420e-04
1.483767014950121421e-03
-2.982398085180637537e-04
1.164770994509289892e-03
1.779911584425475368e-03
5.594363345684527644e-05
6.709792199213193697e-04
9.567555260552307317e-04
-2.191328659615354724e-04
-1.398397063084866332e-03
1.071915349200702749e-03
-1.729483515709118180e-03
3.072541311373022666e-04
1.344825582723085944e-04
1.519995256074047063e-03
-1.338681520950402160e-03
1.422990272030189018e-03
1.553506336180454639e-04
-6.650979348497010335e-04
3.987403046172843801e-04
3.842301179517448873e-04
1.046522862951482225e-03
7.235064644977029502e-04
2.748182531391307748e-04
1.262239401195852651e-03
-1.731547413119649548e-05
8.602917771276530345e-04
4.169920158740847427e-04
6.486478881406743113e-04
1.668838584817811110e-03
1.378037902029172201e-03
5.629002465847854353e-04
-7.596150982791538553e-04
-2.655614688613638918e-04
1.019026602032235829e-03
-1.567585853263331330e-03
1.116657261417186575e-03
-1.761446593717019837e-03
-6.184672744025121460e-05
-1.027756491075448864e-03
-1.566381590722976114e-03
1.843993414791800234e-04
1.238178053417637869e-04
7.292247994126199728e-04
9.211348763020765773e-04
1.435242149442572668e-03
-1.493259115841194529e-04
-7.724905331820686172e-04
9.462782415616821652e-04
1.833161421758155996e-04
-1.061666591176013696e-03
-1.203482985800308214e-03
-2.445712509906439180e-04
4.096277316016916359e-04
-6.125549897995075099e-04
-2.005356867984531277e-04
-2.852798456152161322e-04
-9.389677596667311832e-04
-9.826626400271099016e-04
-4.152467208131671583e-04
4.062675515243974189e-04
-7.486926225599432883e-04
-1.033471026894217104e-03
-8.377403379882242263e-04
-1.107793962658698561e-03
-1.866496762261027342e-03
-1.097251054111847424e-03
-8.317856996005179582e-04
-1.306200350692954260e-03
5.178738337532351466e-04
-1.420346316588050328e-03
8.203158479824779192e-05
-9.885015979111955176e-04
-3.195690182649091327e-04
-9.779773429789972994e-04
-7.453248335556050819e-04
-1.393927288969365463e-03
-6.161410113529885990e-04
-2.033571295002367663e-03
-9.905665774634364595e-05
-1.072858441975688137e-03
-1.387537585576081867e-03
-1.669405761868913984e-03
-1.515426967078514764e-03
-8.974916936210775020e-05
-2.102552983856975644e-03
-1.192857260559510024e-03
-1.266906656673727483e-03
-1.674084835251443693e-03
9.237835800259830421e-04
-2.451060212211420009e-03
-1.557263274626796701e-03
-2.029041893379046613e-03
-9.639359648003775760e-04
-2.004612376557357578e-03
-2.075986090196435541e-03
-1.771476795618731614e-03
-1.349555066306962203e-03
-1.541789496784629065e-03
-1.984215131900279872e-03
-4.420662604625036352e-04
-1.143255804641363227e-03
-1.366306966825714397e-04
-2.499636519113890287e-03
-2.937749059619632064e-03
-1.905150274987832404e-03
-6.878779591608097377e-04
5.341939626042346845e-04
-1.290242492506088468e-03
-8.003663254818604855e-06
-9.332792358940356081e-04
-3.392303707598909313e-03
-4.738787377374098497e-04
-1.726237715452771937e-03
7.660267836193668245e-04
1.405788044809730408e-03
-1.539108100763852960e-03
-5.874963971752578118e-04
-1.670473841806963122e-03
-1.280455145746817180e-04
-4.747698797382682301e-04
-8.062898154490572011e-04
-2.347283101193919919e-04
1.073214595948002170e-05
5.203730895741998097e-06
3.356253945019371798e-04
-5.352062088601616807e-04
-8.745791114566081603e-04
-1.233367371524796141e-03
-1.291568991011571299e-03
3.988470121831788617e-04
-7.188822766586167035e-04
-1.821028326614460013e-03
1.410652936788547862e-04
-2.060202724911697203e-04
-1.847617991266314874e-04
2.680397793455302491e-04
-2.430782216320537259e-03
5.202761497939967228e-04
-6.925517471940700887e-04
3.257850690083774481e-04
-2.811532044710851608e-05
-8.236021508469804076e-04
2.667340508291093926e-04
-2.487850860781737339e-04
2.304249938218649874e-04
-3.600661211322631061e-05
6.848167030293339508e-04
-6.186304574935519440e-04
-1.572576380034051979e-03
-2.049169002923179050e-03
1.413752676833190947e-03
-3.569731458230585019e-04
2.254025708783524706e-03
-1.011698435248620243e-03
1.072253200669726070e-03
-2.267111582021641425e-04
1.008582151711845398e-03
-1.865717380491460631e-04
2.030589123524828565e-03
-2.883424511217480557e-04
-8.496603389640533521e-04
-1.161638614736393293e-03
1.415174782588790592e-03
-9.731434426074603294e-04
9.696255422932953394e-04
2.100770079142666447e-03
1.400988901571587064e-03
1.601070446982655326e-03
8.221575160212157840e-04
-6.617298734459264864e-04
1.871615825740580163e-03
9.541416538045854878e-04
2.205028915832185632e-03
5.084449501766563628e-04
1.168333723851278094e-03
-1.980771164155736841e-03
-1.629023444935651099e-04
-2.139669587011283625e-04
5.954672160155549676e-04
-6.390245950258499619e-04
2.726485136281819877e-04
1.465004531099101115e-03
2.048347283922336004e-03
4.644026193449946049e-04
8.843371357027951518e-04
9.103868749951171679e-04
1.199074518901444009e-03
4.086554090740879275e-04
2.064132517704653225e-03
1.406658017663930949e-03
-5.911752423051197525e-04
2.013585216172675274e-03
1.173970934481571859e-03
5.841618955058081042e-04
-1.234624085183044784e-03
-2.055474085193242928e-03
-1.891835823730092514e-03
8.640550148664161156e-04
4.737568879518150311e-04
1.477588805976814967e-03
1.369826863628631486e-05
-5.629908707105446553e-04
-4.292219282240328226e-04
3.347694310344984103e-04
-2.331726996596117374e-06
-5.874188114989298271e-04
-5.089006921512595483e-04
8.502134446632947373e-04
1.203212209156534485e-03
-2.199661801880470335e-04
1.247751987283551856e-03
1.234933052570719170e-03
-1.410443569058728031e-04
6.832888486141275308e-04
1.260635723232761407e-03
4.041718303178232219e-04
-6.309651385409953406e-04
-1.077673179760152422e-03
1.449206780715694975e-03
-3.524626301925071203e-04
3.539246880062130174e-04
-5.180509052107318269e-04
6.916903875198165963e-04
-3.380638470420471720e-04
1.151242041334432642e-03
-1.232925413107155421e-03
-1.238511890018667572e-03
-1.885603225180165765e-04
1.401467383461252325e-03
6.233049160697667901e-05
5.177446572237620614e-04
6.678607819652349065e-04
-7.775553627273890100e-04
4.967528017432165655e-04
2.773212838977912043e-04
-8.092908626617933976e-04
-6.428492671655128277e-04
-1.324763694177333306e-03
8.974029955632900624e-05
-1.330717483204679752e-03
5.232600964588662862e-04
1.061248067269371376e-03
-6.376513190087251814e-05
7.884051775060019196e-04
-1.292292843650955092e-04
-1.442923333252466023e-04
3.562057298882592704e-04
5.279198886991576245e-04
8.340610554817828870e-04
3.053280844009798045e-04
3.790202100162343157e-04
1.243453138251249257e-03
1.463060571726071402e-03
1.526461228543940507e-03
2.274764461436262764e-03
-5.634764041584361394e-06
1.930272113523479049e-03
-3.344632590196461308e-05
1.515989747875146065e-03
2.257423971379068917e-04
2.276537123265143236e-03
-6.785921539125272517e-04
2.012278272000456170e-03
3.851091307109921758e-04
-3.997419850596539703e-04
5.552943674898003223e-04
-9.621513289819194625e-04
5.386397439943735321e-05
-1.378609109332407101e-03
1.062344537507087239e-03
-4.243571032080950545e-04
-1.667413834107733805e-03
9.088363271700927726e-04
1.462460510424090643e-04
1.943294729962463663e-04
-3.953942264214305169e-04
-9.836562274547766549e-04
-9.660553286126027928e-04
1.729575631757018783e-03
7.607279458268223493e-04
-8.233817780758379001e-04
-1.550596036721252347e-04
1.144500203118514747e-03
-1.405310760160816130e-04
-3.957554632756377089e-04
6.715104956476203313e-04
2.542482006693935759e-03
-2.659340666602005854e-04
4.086928778517240346e-04
1.121726180747462109e-03
2.481070141180374833e-04
1.106780399062756715e-05
-2.532418178076145665e-04
-4.736204132171906167e-04
5.400561147794746830e-05
-4.858416149930988581e-04
-7.813419136166732670e-04
2.247874151442230684e-03
-2.793702396869601756e-03
-1.354709801437259387e-03
-1.234256457937288332e-03
2.461942694069740867e-04
3.704514885345400188e-04
-1.019363501657322146e-03
1.495309950488410422e-03
-7.997592031936395784e-04
2.257187221905487817e-03
4.416468437786758017e-04
-1.260486125615356556e-03
4.881415920410248077e-04
1.241202070735081264e-03
6.685719975381143598e-04
3.939736388909320652e-04
-1.869774083953501531e-04
1.089905967545101717e-03
-1.903754271216140381e-03
2.115634567298130264e-03
5.294421932264814501e-04
1.531375090465081357e-03
2.695224503077575662e-04
2.383842856029660950e-03
-7.472655666436178734e-04
-1.502263723226704428e-03
-2.705459754153149987e-04
-2.723513856637271857e-04
1.379327598862722937e-03
1.503182235282896073e-03
-6.767045872313470767e-04
1.102938817924892234e-03
-2.366858295719032057e-03
-1.013106793614770851e-04
-1.261057845769686381e-03
-7.288379697034663707e-05
-1.502939573298389675e-03
-1.455314322549083883e-03
3.320147574883414165e-04
-2.194132954435268346e-03
-2.520164410064751337e-04
1.152253659576052414e-03
-9.378808329505439190e-04
2.259084868485805586e-03
-5.623003488706146413e-04
1.381453498483065090e-03
7.208881793625554479e-04
-9.062803692601040240e-04
-4.022536711361102135e-04
-1.061037761789451750e-03
-1.146934956057776844e-04
5.131004261689220414e-04
-1.023982386878063977e-03
-3.219278667816460882e-04
3.602414648500307237e-04
-2.110025374419288724e-03
-9.319997053121031882e-04
-1.476817008141173559e-03
-7.811412978253606809e-04
-3.580019097206843526e-04
2.409761331627624514e-04
-1.002865787973927780e-03
1.136467753485526089e-03
1.067696652365279775e-03
3.773908404365311497e-04
-1.264252486210093451e-03
5.415894144671362653e-04
-4.808507125408922889e-05
-1.817189171138267056e-05
5.519934578070984088e-04
2.788331781820030386e-04
4.430981981018433657e-04
-9.035945374114007222e-05
-3.423809360296736770e-04
-1.200077160590451442e-03
-1.840378213846527444e-04
1.069145272726723661e-03
-1.330957313052660851e-04
7.187697329047448846e-04
1.126796117528305885e-03
1.174124590028746695e-03
9.273587058362675606e-04
1.919489976027088929e-03
-4.545446093073834959e-06
-1.031864917934388615e-03
1.108800803300447058e-03
-1.407573135124406960e-03
1.684223283840324825e-03
3.014238832683702185e-04
-1.439336436556359899e-03
-1.549371491566420289e-03
-1.674286991793394463e-03
-7.366797288081983197e-04
-2.649371654805943166e-04
1.554222631447110814e-03
-1.251771970530057843e-03
-1.139884587270545424e-03
-3.667907044773155434e-04
5.516104221203743663e-04
-6.154462185845588351e-04
-1.175121475820661843e-03
1.264169150121396967e-04
-8.917443685338977133e-04
1.191013537233942543e-04
2.921063464549344957e-04
-1.163548161223770805e-03
-2.077533930364472425e-03
-2.783879072479678030e-03
1.488427606309183915e-03
2.370455163978046897e-04
-7.021885823985662967e-04
-4.793723318299303315e-04
8.644326914941657947e-04
6.083769175189157608e-04
-1.499238973458272284e-03
-6.627650184638511632e-04
-3.187364239605194882e-04
-9.016036953377604135e-04
1.894466122801308217e-03
-4.175463097226828069e-04
-3.900643111560686549e-04
-1.681451160166602676e-03
9.524042428610268729e-04
-7.119199405984932838e-04
8.259133671697505008e-04
-2.218212028894051002e-03
-1.673980874784319894e-03
-6.709826819319975044e-04
-3.088288058745725095e-04
-1.857992458469404085e-04
-6.391276288943981143e-04
-3.481941758625151095e-04
-2.345333687014949930e-04
3.220936361136850223e-04
5.929822722425814874e-04
-6.425138290520049367e-04
-2.551077209994812023e-03
-1.064982329243902015e-03
1.704930733990028813e-04
6.139897661976423393e-04
-1.118724656576031151e-03
-2.100880832281104560e-03
-2.469622072998056694e-05
-7.224624827939507554e-06
-2.752023167515993407e-04
-4.673040353311286310e-04
-4.059993230338676540e-04
3.794869784887744402e-04
1.327622835303188253e-04
-1.216036275584864157e-03
-1.340127775644184283e-04
5.972876649364966539e-04
-4.356308594939406476e-04
1.686300219296832381e-03
-8.991676254004321578e-04
1.747929089306987649e-03
4.735830662256912404e-04
-5.494097049218993334e-04
-1.158830575491709425e-04
-3.370130997706333176e-04
-5.239426688279369415e-04
-1.575474400665743957e-04
1.782096407495048496e-03
5.694717822146699859e-04
-2.574691103884862997e-04
-1.442796953835312479e-03
6.075172121180472118e-04
6.138203035910283489e-04
-6.042099735292794094e-05
1.206077031312702275e-05
1.530142111229926272e-03
1.617491429733552977e-03
1.371841236892601401e-03
-5.830895267311397845e-05
-9.759279308130253128e-05
1.830254342362724884e-03
-5.207917339742351714e-04
1.811473484359948927e-03
-5.909402914903161275e-04
1.218631722999852229e-03
1.035878121383948525e-03
4.081087900396074275e-04
9.912463395767012742e-05
1.150397667496250165e-03
-4.630212255682941702e-04
-8.094701760978928462e-04
1.845148081277780960e-03
-7.060332803983104810e-04
-2.962024366559568023e-05
-1.239676881752860282e-03
1.020801846060459539e-03
-1.703974751066095195e-04
6.651437666893578182e-05
1.683199298834647806e-03
2.225976818793107270e-03
-5.405332259589279431e-05
7.698299774558936548e-04
-2.314221718324738220e-04
2.226564716441892244e-03
-1.205217253787971288e-04
-1.372912203582599133e-03
9.538350172577647612e-04
8.752388120103482549e-05
-6.730434610895397185e-04
8.121365885211950797e-04
-4.405539721825668664e-04
1.607890190376659589e-03
-4.029084105696689733e-04
1.415098262411040864e-03
-9.694947929905772810e-04
3.755686444906203292e-05
4.130815438294632713e-04
1.576878798334790943e-03
1.094846862812692834e-03
4.713373512499341444e-04
-2.239700140516109883e-04
-1.347948627174355707e-03
-4.248564141462463084e-04
6.053278670887785040e-04
1.797881632806364038e-03
1.772917759131464877e-03
9.161957402914477910e-04
6.804195872849305715e-04
1.671117355272144778e-03
1.024990842195316887e-03
5.964502803295079758e-04
-8.324017446179610147e-04
1.364187849371978345e-03
2.227055730902316455e-03
1.100003122210813089e-03
6.170269945100503861e-04
-5.908981611058017336e-04
-3.072600179117035424e-04
8.799067422555761908e-04
-2.461591410996000207e-05
-2.260694762699078098e-03
7.197822200670778159e-04
-1.669050882098233046e-04
1.396608499825813254e-03
1.681231104745606331e-03
2.354772866162813116e-03
-1.704892069335439686e-03
5.228452730468013954e-04
1.009189850082581330e-03
1.829013993013495210e-03
-1.637660596047307848e-03
1.674082412364219508e-03
1.173646401440020526e-04
-4.753643840500476614e-04
1.872394192647952593e-05
1.078018439884420587e-03
9.700429408190380798e-04
-7.769791748954979482e-04
1.113927626867683429e-03
-3.298886436351455842e-04
6.251367456380219068e-04
1.415056705311723562e-03
-1.779470774403213440e-03
8.832774513134467043e-06
7.615616268834557445e-04
-5.222273708809233028e-04
-6.152780707555649542e-04
-4.991668725331521728e-04
6.375771965094756411e-05
8.982600241975724487e-04
8.427218131035196791e-04
9.182606466946463541e-04
2.018245002661345211e-03
1.357280322886733614e-03
-1.044530105288377086e-03
-1.863815754980624462e-03
6.115832529218767633e-04
3.700096703547206545e-04
1.916141209337141049e-04
1.063238430884627661e-03
-1.159313420984631193e-03
2.039835602629658240e-05
6.140400288954239727e-04
-2.714572936821646465e-04
-7.312661862459712836e-04
9.157430088735374341e-05
-8.264081492670438678e-04
-2.533060402620801455e-04
6.924579190759061476e-05
-5.103563633586105652e-04
3.162777523806337143e-04
-4.497357287220893340e-04
-9.336854878487788056e-04
-1.240072955349225126e-03
-1.522958857727685356e-03
8.731016046643613748e-04
-4.649929414268783034e-05
-3.920329165687519435e-04
1.573524684773897064e-03
-5.929424981216957491e-04
-3.029654726214303651e-04
2.885682779054654645e-04
-4.360468508040060698e-04
-1.014557989110764780e-03
1.564058611477792127e-03
8.728073842712014141e-04
1.953189443293368299e-05
8.762650177640551874e-04
-3.884331239438765238e-04
-1.558574341706142619e-03
-1.788720844544400279e-04
5.956714017869568778e-04
-1.592665168941298504e-04
-2.392642306361381088e-03
-1.180784346022534237e-03
-1.861157193808304910e-03
-1.591427778018905670e-03
9.413245647944545880e-04
-7.916383669326343409e-05
3.710786114095032673e-04
1.618274360706273285e-04
-1.069020734781211956e-03
-1.598645291156275405e-03
-1.842022165457812832e-03
-1.440001999322149118e-03
4.017559677551574282e-04
2.273773072538620710e-04
4.515628586885256368e-04
-2.653383547547960575e-03
-4.258501246678925156e-04
1.047977651346565509e-03
-3.624039985004046116e-04
8.965121515400742425e-04
-9.985735048487764942e-04
-2.989792191925300102e-04
-5.040168288892310500e-04
-1.134111953786876015e-03
4.356355780057441507e-04
-2.172932875141864173e-04
-3.949926059938491107e-04
-3.710350995318467682e-04
-1.285793807746848927e-03
-8.351511856985460724e-04
4.892614864457911494e-04
-1.198428167572762604e-03
-8.106520831541175198e-04
-4.731385555531986142e-04
-4.491905127943507381e-04
-2.694098975826175746e-04
7.951250872131332414e-04
1.161056792607473298e-03
1.609401246510433481e-03
1.746609846289270962e-04
2.059493355033303885e-04
-2.920738319867055566e-04
4.690758102250391914e-04
7.342491718012045254e-04
6.705394329782343732e-04
-3.990887935070297488e-04
-1.079067797499222436e-03
6.725425701437082182e-04
1.921063720477622638e-03
-1.721958107829824058e-04
-1.526445022452804778e-04
1.560684838388448625e-03
1.400293039047761923e-03
1.166737872706269386e-03
1.074505099668110475e-03
2.662683392457676490e-03
-8.147108713041362194e-05
3.978249563469926642e-04
1.017652522970147189e-03
-5.048561201173029644e-04
1.125500841473003888e-03
-8.525209777276998580e-05
-1.431915267859906749e-04
-8.562345604636867336e-04
-1.192032538976928180e-04
8.661877858247013506e-04
1.140567271058490206e-04
2.396923254047278462e-03
6.704905536567551394e-04
1.090824569529580401e-04
-2.613459671666262807e-03
-2.139593057785216246e-03
2.213335155367701645e-03
1.763080523133231381e-03
5.028759379623881642e-04
5.928779048991472678e-05
-5.578928362945934083e-04
-1.809413212197075183e-03
-3.233887309954663891e-04
-1.125121318865218711e-03
-2.135276089290094603e-04
-2.992461633624099449e-04
-9.359824684727069410e-04
-1.604024198246900568e-03
-4.767200012367744932e-05
-7.095538536394663254e-04
-4.142689230153262514e-04
-1.090086891688324400e-03
-2.241633635371442779e-04
-1.448816912842376681e-03
1.681139561173772279e-04
-1.328158806921164725e-03
5.232839296245295202e-04
-2.337992697627466754e-04
6.588043521575936978e-04
-7.972628712411555796e-04
4.669985687157929277e-04
1.533573733010440421e-03
-1.117867856119003633e-03
-5.987348791098856537e-04
7.953013641470718653e-05
1.131960861110226091e-03
-8.757838031847597904e-05
-2.909430793296419182e-04
-7.049166957155961200e-04
1.202540159170872869e-04
-1.136613923681917271e-03
-1.032620454311183877e-03
-1.279336413607889966e-03
-1.276251096882230485e-03
-1.713067240144861003e-03
1.352148910858552711e-03
-3.213945345836854983e-04
5.530860995217601328e-04
-1.325542452152994599e-03
-1.603407509849441581e-03
1.141623401751612477e-03
-2.256672723706110162e-04
-8.776396232634819938e-04
-7.300770411120538483e-04
9.510413289981478613e-05
-3.771363858846576989e-04
1.331771007348603320e-03
6.220644048351431366e-04
-2.355643212788027796e-04
-7.096984939281014704e-06
-2.730652511280684536e-03
9.657737982322611714e-04
-1.650922793666964594e-03
8.667853079582510389e-04
-1.638654397166705579e-03
1.913534225380431053e-03
1.044351986517755293e-03
-9.452434196499659436e-05
1.489680147293004353e-04
-1.402733528900856896e-03
-5.682568908063068136e-04
8.763588289384394159e-05
-2.046461921887399171e-04
1.490594774441689196e-03
-7.308578714679825339e-04
-8.025461524008292713e-05
-2.175697779182028668e-03
-3.276968030287985556e-04
-5.496385898529076997e-05
1.381778881529793779e-03
-1.068824309951477147e-03
-1.596402082873149553e-03
4.354916167188527254e-04
4.032654741998875636e-04
-2.563479682680114280e-04
-1.784037175703856448e-03
1.271488180822899494e-04
-2.385940380731366162e-03
-4.421802877674352317e-05
-1.214695779533370157e-03
-1.487493852756260893e-03
-1.939061582899359593e-03
-2.505904789075419359e-03
-1.658339766018146477e-03
2.127244321492582912e-04
-8.538250736618291370e-04
6.209226440501147692e-04
1.099472251076871743e-03
-1.406907464700513088e-03
4.673041997631521838e-04
-2.046952750510477870e-03
-8.081632768788260535e-04
9.920972402999161943e-05
-5.476937508295254275e-04
-2.241463229551987624e-03
3.015376788892965010e-04
-8.617811662086083402e-04
-1.111243658029170689e-03
-1.192825905550920496e-03
-1.745219605803205454e-03
-1.045977394989572318e-03
-2.160442669992601594e-03
-4.257186030351967077e-04
-2.263583142653402547e-03
-1.427309433435164365e-03
-1.603760589967695438e-04
-4.706850897178149751e-04
-1.435994709632959498e-03
-2.137627817548226616e-03
-1.806011863394463290e-03
-2.311539051117250665e-03
-2.204594663636649798e-03
-8.086507326490188774e-04
-9.908326048968518762e-04
8.071634611050981789e-04
-4.396644330049159777e-04
4.945879698858846041e-04
4.336032024343516866e-05
-1.698634156574119203e-03
-1.163418463780763190e-03
-2.172904177362600109e-03
1.877473538143270559e-04
-2.520141807893505614e-04
-8.265436257079983307e-04
-6.864466837883664851e-04
8.878255283268909892e-04
2.091655092308908337e-04
-1.830395244623472806e-03
-1.988812376992665776e-03
-1.595233014439312313e-03
-9.138329377846865498e-04
-2.310070851818446513e-03
-1.581402645808749341e-03
-1.243870321377293919e-03
-1.132212157907153127e-03
-1.187241342899048036e-03
-2.503486027809476155e-04
4.841457648852021123e-05
-2.471868908306973367e-04
-4.572351790990136777e-04
-7.775533468579176599e-05
-3.746491201501722657e-04
1.123759904272825239e-03
-2.481679109724188592e-03
5.157581168357960877e-04
-1.878614492040853179e-03
-1.471632272401324215e-03
-1.945380627927262296e-03
-4.652752937519544219e-04
-1.485594987970184633e-03
-1.717609753181470467e-03
-1.503796167624305014e-03
-1.647173107700794503e-03
-1.204501077772812678e-03
-1.037293853046517000e-03
-1.991591771244971554e-03
-9.679807944265039765e-04
-3.779649303776722036e-03
-7.948810792544058756e-04
-3.235722438774457643e-03
-2.594151315447046358e-03
-1.560078239357221008e-03
-3.387947985150852048e-03
-1.322811004668800194e-03
-2.187805405255982549e-03
1.375940413195220202e-04
9.232745507059547663e-05
-9.642628552775089901e-04
-2.342607985093447809e-03
-2.455571417765867182e-03
-2.170455551846250941e-03
-1.232393030940803769e-03
3.802728625064144552e-04
-3.713898849069252606e-03
-1.259653263423698988e-03
-8.733727758722942269e-04
-2.029113556785144823e-03
-1.667746766431665861e-03
-1.470712749493507943e-03
-1.061558770325099488e-03
-2.642245236633034011e-03
-1.529365586962372348e-03
-8.556876758336606770e-04
-2.829219513742931014e-03
-4.636662573664906972e-05
-1.639923762310813160e-03
-2.700409467945696917e-03
-1.655072344141750307e-03
-2.150224585490967399e-04
-7.649472767878862101e-05
1.169373388443917250e-03
-8.334596382406633808e-04
-1.741111268182216065e-03
-1.056218950037823845e-03
9.141381215460597787e-04
-1.466002281810041552e-03
-1.556272094866972822e-03
3.376217499952982593e-04
-8.748969714622578664e-04
-1.130143058220012264e-03
1.309658120664858316e-03
-8.526153853900542146e-04
-6.001993295567942255e-05
3.107088169698180025e-04
-9.480834372930235787e-04
9.972197129244353420e-04
-8.375723920417410540e-04
1.419363069548928991e-03
5.125368323208867594e-04
-1.286074358178179722e-03
1.079916641405942457e-03
3.751398259119742562e-04
-3.376280310214418989e-04
-6.447159361369081410e-04
-9.781740664982496725e-04
-1.540531378789289363e-03
2.388919659297439324e-03
-8.136488303678302003e-04
4.778998682715140944e-04
1.334298332110739338e-03
-9.439680248128912154e-04
6.424718602910939325e-04
1.058931724332579094e-03
9.123451028114626382e-04
3.305289506183584081e-05
1.093524874582696427e-03
4.124673263412592661e-04
-4.861094720562952887e-04
1.851119305834147966e-03
4.194421253449487352e-04
-1.566846470446359163e-03
1.787984168558409692e-03
9.583338117935547018e-05
1.703470482270486031e-04
1.835010296184158562e-03
-1.415548164697577604e-03
1.176114814938067354e-05
-4.349746943632659679e-04
2.437677123129144974e-03
-1.751775460148596864e-03
6.887966751090157658e-04
-1.187450439181780837e-03
-1.285707255893608902e-04
2.036015218997988541e-04
7.111095240670550766e-04
1.947237963800585447e-03
-6.228607808966835080e-05
4.602395996282648838e-04
4.914448433444018605e-04
-7.530399551036737193e-06
-7.297281731588611819e-05
-1.495141864849669489e-03
2.464738745264760666e-04
2.008579569682256150e-03
-5.055066625068160846e-04
-2.584986002625022650e-04
-4.505225957769365408e-04
1.457293924543856534e-03
1.398206188481410095e-03
1.899835548873074487e-04
5.176871874901234349e-04
-2.768525322600634553e-04
-6.514383344968788236e-04
-2.132862411556857296e-04
1.272891806634257605e-03
3.105788743440474065e-04
9.132068328414622016e-04
9.536767404749735277e-04
-3.718849881542141134e-04
1.502214572385529578e-03
1.199251283079849628e-03
-5.806524984741656681e-05
2.252399426701412466e-03
8.308155764560343215e-04
-5.850139453398295331e-04
2.119307977803019938e-03
3.572174798296412490e-04
-9.755354781078029447e-04
5.760539380463836068e-04
1.202923780550646526e-03
4.101456460059438314e-04
1.205105760335944964e-03
1.506420056731627710e-04
-1.353220866522120147e-03
7.801172697912139853e-04
-8.520460044247890607e-05
-5.989237711523376362e-04
1.017296901014930199e-03
-4.984158270731064988e-04
9.512092314118980596e-04
-1.142123180715826081e-03
2.469810405276495757e-03
7.712890480899847745e-04
3.348257022922851434e-03
1.397517812854021102e-03
3.024240848743531274e-03
1.157342507523750896e-03
6.437605486577790970e-04
1.661469013390037830e-03
-1.442379717450092969e-03
1.014280853796067916e-03
-2.127424496034535650e-04
3.507092275689682737e-04
1.149264446980380328e-03
1.756940037113352560e-03
-7.709481154669628467e-04
1.926034661387632241e-03
8.246856805700364390e-04
1.001139708362241976e-03
2.558896470582272542e-03
-5.230894028853683153e-04
6.307611910250088272e-04
1.552854539659032085e-03
5.751564881744108959e-04
-1.032438535129021062e-04
6.365345324359505952e-04
-5.760024462142521173e-04
1.706560292904724108e-03
6.309785420814950641e-04
1.313939896875782054e-03
4.693259545123229515e-04
-9.754163177262409334e-04
1.092258448522454017e-03
-1.017299111660818767e-04
2.771021627934189269e-04
1.415318335065141042e-04
9.568849500110054862e-04
-1.918817127652960863e-03
-7.121649323369450002e-04
1.125255670219260651e-03
-5.184246114269264183e-04
1.147537098231010688e-03
-6.236714748770744166e-04
1.544071186931894601e-05
3.348196315633433784e-04
1.228514435351879541e-04
2.692771752037526056e-04
1.005937201801865299e-03
1.431304101287667052e-03
-5.263520098230944910e-04
-1.132296702002211219e-04
7.617579243339722694e-04
2.329037589059446134e-03
1.755003858928461113e-03
-1.837376707340521165e-03
-3.752862783541477398e-04
1.194836975640045651e-03
3.605176338157267679e-04
-7.873256211461399090e-04
1.686990985647618402e-04
-5.847128131628576142e-04
1.736282928674226511e-03
2.401430400436721513e-03
2.053257844218947525e-04
3.331870651124280158e-04
-1.451662875259884800e-03
7.182473679301359937e-05
-9.529069508642518116e-04
1.465179800139049249e-03
1.031294359707057851e-03
1.984217100048368820e-05
4.791108954482758975e-05
-7.016271844242361055e-04
1.009500089601989004e-03
1.754089455616725246e-04
6.982717756731648961e-04
-1.759848929634877379e-03
8.325650306804099898e-04
1.457703047738290181e-03
1.440846989611666018e-03
1.625013509362283060e-03
1.099430515791866014e-04
1.898829326302697851e-03
-4.453264021753167157e-04
2.236299709652556089e-04
-9.304830317860002253e-04
1.348136340642014375e-04
1.358898840272182440e-03
1.389977280854326480e-03
4.153676366183134405e-04
2.342526732299621273e-04
-1.870251400602152003e-03
-1.488058016902105152e-03
-3.155926714848433789e-06
7.029512464475917710e-04
9.384945794930210639e-04
-1.374301223975527009e-03
-1.165662767863562266e-03
-9.656852231438861622e-04
1.336347770806156632e-04
1.061036076030363873e-03
-9.923138720990820616e-04
-6.783620196895157051e-04
1.274001294585325184e-03
1.540766986112274139e-04
5.922571430749812293e-04
-2.010666400751315308e-04
-1.635535078454708469e-03
1.302655893860027447e-04
-1.962727529699836992e-03
-2.844701798798032755e-03
-7.622881120739055660e-04
-3.074683895074592499e-04
-4.699605922058314178e-04
1.644283820346981173e-03
-2.122008489053861524e-04
8.378145314329454862e-04
-9.190847483104835902e-04
8.904244671672500999e-04
-3.135063666077630984e-04
-1.224589816996024538e-03
1.885961910438771483e-03
-6.448881552134633210e-04
-1.194166724827638859e-03
-1.051812901895710084e-03
7.483905071836716161e-04
1.831163394205859163e-05
5.379484274650181419e-04
1.198730112038193241e-03
1.598100389019529999e-03
-1.192967048603721381e-03
5.397771237034554304e-04
1.027815236664286758e-03
7.771568537828787981e-04
-1.331577275449635778e-03
-1.884544176674385341e-03
8.952814638991668517e-04
1.370220662306298465e-03
-1.132299542018211369e-03
1.679029470721848938e-03
1.875545900783759379e-03
-3.618812649965885697e-04
8.041017619886403622e-05
-8.089689475188066581e-06
-3.736862841066113106e-04
5.337803022464893132e-04
-8.723761891449299810e-05
-1.968609810194088539e-03
-7.643136575037345892e-04
1.448853126381655088e-03
6.379305805555013364e-04
8.228872497102468486e-04
-2.408338401369558568e-04
-1.052419399360182695e-03
-3.004232891719027521e-04
-7.489528890158858587e-05
1.772147578848359828e-03
-5.974117563023462196e-04
2.306346572245043802e-04
8.551616651852889106e-04
6.035092985419154843e-04
-1.776273803061112488e-03
-1.524659660157468011e-03
1.760957359158155100e-03
1.067728628842523619e-03
2.102498805669039683e-03
-4.944219254578996470e-04
-6.730252327191710293e-04
1.009490378177213543e-03
-2.028419805870651516e-04
-3.533865219418341752e-04
1.315554786724959513e-04
1.712844454320183729e-04
-2.509099320882057782e-04
-2.139555360608280665e-03
5.414918024477799463e-04
2.883810976721523645e-04
-4.979903277118058469e-04
3.191358566543289754e-04
-1.027776175313910301e-03
-1.506749484860403498e-03
-6.537619179052267526e-04
-1.240330955337709540e-03
-1.208963524397477229e-03
3.863313591183636930e-04
7.054478185763990439e-04
-1.118536961116411987e-03
-2.318749002199194109e-04
1.003709629630478162e-03
-3.738330780391763142e-04
4.381799471833147663e-04
4.695975749295921986e-04
-1.411958175023819706e-04
5.326555359812523704e-04
-3.660270851550961879e-04
2.468153528256689100e-03
1.366257810356819036e-03
-2.037994793516961778e-03
1.357850013722350369e-03
1.869812062503806160e-03
1.459693076851786842e-03
3.802967540884605313e-04
2.070609824007307864e-03
-5.229234805295135402e-04
-8.221036852360530389e-04
9.610361762619756831e-04
-3.909251849054662387e-05
-1.376154828156339605e-03
7.612521236122216095e-04
-1.147538033272610392e-04
-5.791792861493672007e-04
-6.125712548923356593e-04
-2.952729961203104381e-06
5.468927947980262161e-04
-2.678298703369108580e-04
1.755645595205912457e-03
-4.050944150795210419e-04
-2.502687123180358242e-04
-1.449932616417459741e-04
7.963087489557540977e-04
1.549910792871811438e-03
1.048376792927019352e-03
-3.945356853018999743e-05
-1.259966551660163248e-03
-1.202903750141537387e-05
8.279325836890727430e-05
-5.987318810525277257e-04
9.271439290332583738e-04
2.042148054498538201e-03
1.301636892933943912e-03
-6.411713152645326375e-04
1.043064952983785432e-03
-3.875958700090276210e-04
-7.045460607821851795e-04
2.842224420354311221e-03
1.058848734358797117e-04
-1.142201667180264835e-03
-1.271213880460475565e-04
8.077853090175945994e-04
5.446941137727812077e-04
-1.611429079981796519e-04
-5.424291457074570388e-04
-1.523325760546478946e-03
1.011632566545905831e-03
8.560092473091085452e-04
1.605745627540899889e-03
1.349974832360434362e-03
-7.308735321642778615e-04
5.070095953736419858e-04
1.007004175879622210e-03
1.153087572829614160e-03
-1.754552810084852865e-04
-1.209794485380610851e-03
1.355181458000176420e-03
-1.367986881029015223e-04
9.110271419512372404e-04
1.575075190719088525e-03
-2.357593934829704807e-04
1.114141610509822300e-04
-1.246343749760070452e-03
1.825412674519188982e-03
-8.226752429123518340e-04
1.278480305471729750e-03
2.315087502147150644e-03
2.009525470368478395e-03
1.540484675890629873e-03
1.810271800067653203e-03
3.108436648902035415e-04
1.038188262797001826e-03
8.280688975264016705e-04
1.506443109960731164e-03
1.157945258485559847e-03
1.565684627450547595e-03
1.721052469589867684e-04
1.643829866448731636e-03
1.179631618117182867e-03
1.581936481766854641e-03
8.592975521328760635e-04
-8.173202019339242952e-04
1.476197399199685734e-03
7.411630244165134940e-04
8.933475611356822554e-04
6.949571827432610149e-04
9.788874989931084514e-04
-2.104205454700469602e-05
2.720816972808126621e-03
-3.653723187890811630e-04
2.096603738638735948e-03
9.756356996100112866e-04
1.567615594385118882e-03
5.254121577766834861e-04
7.598286773486950807e-04
1.201843197011775999e-03
4.530077880513516675e-04
7.485855630398052796e-04
2.176725764693188125e-04
5.437156051697478176e-04
2.558649216852559860e-03
2.004021152346213697e-03
6.142249274176947438e-04
5.197938132408541634e-04
4.129230873126665813e-04
1.264197283419754569e-03
6.683803962481693617e-04
1.099066745223087338e-03
1.642904189950833427e-03
2.093182961182327162e-03
-4.476101514061525677e-05
1.691571988774454027e-03
8.541927687872874486e-04
2.411012831337266960e-03
7.033771605546856875e-04
4.227480771397118531e-04
1.588955590421381459e-03
9.541293150234775311e-04
7.675221178959912294e-04
1.074619695482059711e-03
2.463454909259477077e-03
1.011821315656691311e-03
1.356562927511850702e-03
1.150926279046116107e-03
6.895750779407627817e-04
1.212833880996022629e-03
2.059659370419186786e-03
1.138352561324884604e-03
3.125056981893248320e-03
3.477038528202802681e-03
2.517672310537788505e-03
2.016922747807958771e-03
1.410113640444965455e-03
1.469153194493255654e-03
2.571180135252815191e-03
3.187718994801302941e-03
1.150926631923399057e-03
1.109508960608351913e-03
2.118664342471987538e-04
9.665114912176253625e-04
5.520754805969918522e-04
3.478621609009913129e-04
1.037966063876849532e-03
-3.516970684531717239e-04
2.484705721693680758e-03
1.759387715551730125e-03
1.923589178871365490e-03
2.519596832012194199e-03
1.520737859528331626e-04
2.003529965177497374e-03
-2.411931900470065671e-05
5.539318869476339557e-04
1.481918783646340998e-03
1.885539642669797900e-03
2.317671150944278224e-03
-1.111930763001867106e-03
2.468933064108558284e-03
2.112459874503702650e-03
4.828087586163931633e-04
9.569484878633183200e-04
7.857057147222512583e-04
-6.150496635559665748e-04
2.054429005291513732e-03
2.488747849602290785e-03
1.211135760801118622e-03
6.264339405404051320e-04
7.927437504839929261e-04
2.591510222407666930e-03
2.836626688982324396e-03
3.117977904643076670e-04
1.899534950806192057e-03
2.368926834709350615e-03
1.487149612831695222e-03
1.501802685658359948e-03
-8.084910551366952802e-04
7.843447156425931155e-04
7.755988571835903400e-04
1.667815379541526255e-03
1.621552741954968013e-04
5.205138999284653067e-04
-1.020571570081063584e-03
3.355527102488764513e-05
1.220572653606977198e-03
6.676920836987676466e-04
2.973784256793177150e-03
5.825136747281689509e-04
-1.443393997244690752e-04
1.614578190791693402e-03
8.651579425449362759e-04
6.935073498028909711e-04
8.846733531815420548e-04
2.986750493322976041e-03
2.754920182346243251e-04
7.509739777911139669e-04
-1.057853079321269263e-03
2.783093020144011831e-03
1.121680246949363635e-03
1.333280230327860139e-03
-1.093633043557584728e-03
-8.942485837604152721e-05
2.408369545925159727e-03
2.335105659159619762e-03
1.843577502783855238e-03
1.154883712709997567e-03
3.043411894994463296e-03
6.275841230480860844e-04
9.881550643038305992e-04
1.524986836426434067e-03
1.311630937343766234e-03
1.794492280050574706e-03
6.481283286636774221e-04
-6.202095417056074922e-04
1.536597066108091880e-03
-1.490480547015060608e-04
7.412295852322614564e-04
-7.242508161982019743e-04
-1.250314458055123978e-03
1.598713859599643072e-03
6.134651443321370579e-04
-8.415432884536500069e-04
1.429143067237736986e-03
-1.229550890634589777e-03
1.025216276450802155e-03
-5.243951854558837056e-04
-4.543976413928785263e-04
9.204348111468974025e-06
-9.101077985158578798e-04
-2.400600450633838534e-03
1.196906432102906592e-03
8.733741408892825575e-04
3.383399045655544057e-04
1.200769507436083572e-03
-1.533929279173840143e-05
1.556683038295147981e-04
7.632926738621037543e-04
-3.288032891026748672e-04
1.114862598636801039e-03
6.156096707423674985e-04
1.714964710861410779e-03
1.527017551574694210e-04
1.783797110566975874e-03
-2.194107600701489247e-04
3.584916103325230807e-04
6.947302434312518926e-05
4.843294171257284120e-04
-1.675838581400856953e-04
3.776543791480513335e-04
-9.944486618504999598e-04
1.631141581668327234e-04
-2.405047310499286439e-03
-2.754740529817834016e-04
-1.459045168573203100e-03
7.565068987473999584e-04
-5.949226035344423735e-04
3.370596233993605750e-04
-1.332797825545517512e-03
-8.715239310777000981e-04
-9.939200965465300186e-04
-4.663782287406270655e-04
-3.761777629407436763e-04
1.182760396478022002e-03
1.175483186417247694e-03
1.377706856961369297e-03
9.139778555213862177e-04
1.722135462469021050e-03
1.240279832344759470e-03
1.106746130245861437e-03
1.045307377879112209e-03
-4.978197272436091225e-04
-1.276696875041061219e-04
-1.727031964560143962e-04
-1.396489106171072692e-03
-5.710958239779628798e-05
2.165909564934009879e-03
9.835138505254192864e-04
7.828104577509709117e-04
-2.531661247131555825e-04
-1.204534583898242417e-03
-1.654642142614459743e-04
1.472528376068593658e-03
1.316300253990654312e-04
3.155715363960531761e-04
-8.124133883693485103e-04
3.605772091579417804e-04
6.461255931089482374e-04
-2.329712075156864515e-03
1.487839599729312567e-03
5.899781525524616654e-04
1.936276763851552118e-03
-5.209525192979569397e-04
1.104427337435209822e-03
3.149025385646986308e-04
1.181854326228748420e-04
2.125408055538180463e-03
9.606722264225986407e-04
1.730115437526658084e-03
-8.153528484999839065e-05
2.244021036180932072e-03
-2.825226472873421102e-04
9.445963651066868749e-04
-5.735336809258306801e-04
4.749302174298364321e-04
7.814788982360987291e-04
1.912634586110240065e-03
-1.074440366357398702e-03
-6.010044512450019027e-04
6.133530874949943978e-04
4.953096453386152120e-05
-2.651799339479232742e-04
-5.027479229735565269e-04
-1.357792853893924345e-03
-1.493839013817277461e-03
4.417860396479511564e-04
-1.057069774752950053e-03
8.054168050968257830e-04
2.468302654385912120e-03
-7.666853869103817942e-06
-6.455152116200402190e-04
1.844512481582016861e-03
1.422940896006252842e-03
-5.033826624778470205e-05
1.019285502658062725e-03
8.909061739152956960e-04
-2.053253131088839112e-03
-1.106054360847208429e-03
-2.483410219551451803e-04
-4.516862883912065030e-04
-4.775661787248530743e-05
-1.913429385802301042e-03
8.879153133427575284e-04
-1.931539138239068976e-03
4.890564274375730491e-04
-6.068197713184897424e-04
-3.690670631260051238e-04
-6.932457964685667662e-04
1.609004553126958115e-04
2.793825935190064058e-04
-3.818624643829870990e-04
-7.565892918877104023e-04
5.275756143350296412e-04
1.370060613561374652e-03
-1.052617491718477183e-03
1.167307667055972331e-04
1.604383761687033783e-03
1.049846693754741267e-04
4.512463822947676562e-04
1.033193851805114249e-03
1.649374790906321664e-04
-1.522955236410439284e-04
-2.293099903289963493e-04
3.430692748627173216e-04
-9.957558732638371879e-04
1.055953827507005727e-03
1.322905422517228757e-03
1.851096073535174469e-03
3.711200496889777156e-04
-2.896952236717265095e-04
1.167383353313233840e-03
-1.183598072690195124e-03
-2.187233536339316942e-04
-7.831922217627074190e-05
4.726410515061285622e-04
2.764415201021330759e-03
8.829736838804613797e-04
1.116586889243542657e-03
8.647295890282791220e-04
8.997506121577458771e-04
7.617937246600092749e-04
-1.655925109238509663e-04
-2.574323510209364230e-04
-1.586941972144373381e-03
-1.608377710259789595e-03
3.830388855057265118e-04
-1.822933249195912708e-04
-5.433314125273813744e-04
-1.323284536275393108e-03
-1.334640880281678932e-04
-8.119102477104345184e-04
-5.711520958420202021e-04
-1.123113120486740613e-03
6.061994344217502828e-04
-5.409711046862053507e-04
3.503338651646981106e-04
3.481464513406251626e-04
1.664584638318533649e-03
-6.382822796453524461e-04
-8.392850072564961295e-04
-6.116907737525600908e-04
-6.771031542367467182e-04
1.060327355049128784e-04
-1.657693926038206200e-04
-4.409476587108329682e-05
4.024023418858213574e-04
6.053572883359947809e-04
-1.157103539094705980e-03
-5.414774095642282958e-04
1.085669474027994852e-04
-3.719844070444455753e-04
-6.232038060409728075e-04
5.736162779568232395e-04
9.355395019432499737e-04
-8.779860639891445828e-04
-1.430063552726013043e-03
8.806141107475795593e-05
1.641875973851236736e-03
-2.288590288426206598e-04
-9.464976875261932321e-05
6.792402292226107363e-04
-7.461875774295023689e-04
-1.120003169504890650e-03
1.735694157335432308e-03
7.365513414570035167e-04
1.332978138070206597e-03
3.772752313335736574e-04
1.171983620836369866e-03
-1.775777359837693581e-03
4.902879117252290087e-05
-1.791478374945310037e-03
-2.422698362658515236e-05
1.469397657350990372e-03
1.127575529299651436e-03
-2.525128289623257416e-04
2.841848007384406571e-04
1.129738643985023216e-03
-1.722706495701498142e-03
3.449775392170284505e-04
-5.929393927113224549e-04
-3.198021461221500772e-04
-7.491188415058580574e-04
6.050334531713108532e-04
-9.452627286621329006e-05
1.651376078985578033e-03
6.066538037763358204e-05
9.366053065229529295e-05
-1.251281713323892930e-03
9.560902620930900042e-04
-9.119468845233402732e-04
-1.108329147520681346e-03
-1.961042955025416035e-04
1.590881107377484227e-03
-9.721186642543955259e-04
8.025090607626239603e-04
-2.120670379097688851e-04
-1.169128510504657825e-03
1.302486995190532681e-03
4.885907289495783346e-04
1.949902624923005590e-03
-1.190785518265569110e-03
-4.952713832384603165e-07
-1.526920254641295216e-03
1.096505384735380062e-03
7.620171928157670749e-04
5.408546719063433983e-04
5.591123612860293690e-04
2.063543268755685389e-03
2.260649208174481117e-04
1.644641881525465976e-03
2.739396703665297750e-03
5.696776188190977308e-04
-1.090207538378962226e-05
-4.232513136614990401e-04
1.165564901705495870e-03
1.822087407350458932e-04
-5.461828846491378897e-04
1.423246461228044879e-03
1.262066890431068344e-03
-1.880291546821011295e-03
2.895317809896713612e-04
-5.344216241409682766e-04
-1.049119681106880364e-05
-2.048593448194635513e-03
4.700756951581119836e-04
4.294334619570072675e-04
-2.590668999364886815e-04
-5.819754589464487537e-05
1.015952926281205038e-03
1.275329711502903862e-03
6.620151092724402275e-04
6.615772667095676240e-04
-1.896194270940565474e-04
-1.865768952820090476e-04
-1.773158573096234036e-03
-9.553165306308564197e-04
-3.351213161195687462e-06
-8.377610853482764242e-05
3.332368246955486057e-04
-7.408218338618155485e-04
1.140069896617301737e-03
1.125181581909773243e-03
3.029530703179350581e-03
-2.296782680575981672e-03
-1.306854577821203733e-03
4.327581616361264594e-04
-7.545138304485554670e-04
1.694454434834513634e-03
-1.688336999842388053e-03
-1.281401986022778772e-03
2.821403560746560402e-04
1.143097367153345090e-04
2.593063363445224923e-04
-1.167004667525617378e-03
7.327950637070479445e-05
6.215238135480749548e-04
5.991756920478152892e-04
2.683359227051429485e-04
-5.593845466536073729e-04
-3.875837586431174486e-05
1.073093893171783719e-03
-1.306437391416004346e-03
7.923360014785441052e-04
5.575894699654249109e-04
9.958006731978219506e-04
-7.874954907944875515e-04
6.343838245570498913e-04
6.145868916846985996e-04
1.517769945053482061e-03
7.998804967790373865e-04
2.927321645161962138e-03
3.289911934951650352e-04
-4.697599365695026563e-04
1.385155172961560766e-04
2.196476031875560508e-03
6.311230277800117250e-04
-2.050633365515697193e-04
4.635724944146435433e-04
3.375328273695910042e-04
-8.476820910929827591e-04
4.787388919738067017e-04
-5.124231859032768455e-04
-7.175845621623100357e-04
-1.212900492357782412e-04
5.569815083954487989e-04
5.124953736261872450e-04
-4.897783473811756494e-05
-1.031135862868293174e-03
1.621075142075989461e-03
3.282167119735834859e-04
8.091921361765841425e-04
1.820168499115926153e-04
4.447484497942522097e-04
-7.774102972279983703e-05
1.578007766032563097e-03
-5.067726665519689533e-04
1.323185435053941816e-03
2.005487044768328175e-03
1.545575378127939103e-04
-2.175246362046134863e-04
-3.691162363321787154e-04
-2.970724914947986406e-04
9.090247970091613894e-04
-4.684475238401208941e-04
1.703074943571358801e-03
-1.635635387191580747e-04
4.376778925130331288e-04
2.177969152966419131e-03
1.630143068483080881e-03
8.577647753771344696e-05
1.096956726325259979e-03
-7.401720069386552581e-04
1.396864668785635644e-03
-7.866327010024320998e-04
2.572591805092283579e-04
9.816375945210786824e-04
-2.110099421953171017e-03
-1.051466725683347647e-03
1.793929292700502387e-03
1.981062441480885283e-03
-8.020412859610637213e-04
2.146655037642553054e-04
-1.436612099835032907e-03
-4.796183807722620429e-04
2.209326119789523091e-03
-8.750562174824061401e-04
-1.352366468979182557e-03
2.623495080134041757e-04
1.921855656968451953e-03
-1.304181987457075920e-03
9.380530828706490354e-05
-2.795105023853494686e-03
6.994814982386188262e-04
9.515696089426040061e-04
-3.695655726905222593e-04
3.762082062586102893e-04
2.279511469700512549e-04
7.071884519400661873e-04
-7.537659072758273737e-04
-6.417105551885793346e-04
4.008044892580553409e-04
1.630218884306255944e-03
3.066012959240360658e-03
-3.793320707361491628e-04
-2.642458470367703427e-04
1.355390432744130180e-03
1.266557971875137412e-04
-2.953496236979269440e-05
-5.678554903771892981e-04
1.984678633233594169e-03
5.442115499243449506e-05
7.430567702146895215e-04
1.594321845685753303e-03
2.877170284849572823e-04
2.856934688617585039e-04
9.207990476063354635e-04
1.618101252445214300e-03
3.792677200196159504e-04
8.694073258439516394e-04
-8.427646238342578755e-04
-7.138264500006208380e-04
-4.503563617286321374e-04
3.510009164460203834e-04
8.873508137092755987e-04
1.393207831057452495e-04
-1.522525554806808401e-04
2.826831111633065774e-04
1.237633311744090747e-03
-1.166714727891093872e-03
-4.690488088199273875e-04
-1.059229793295202171e-03
9.545977829783502955e-05
-1.720085520857672634e-04
1.154366522652994220e-03
5.165524840757829139e-04
-2.591946005015000054e-04
5.012477682830862591e-05
4.191998731188917304e-04
-4.605597447222553598e-04
2.500601913966171708e-04
-1.869941426959620401e-04
-1.325545316906096005e-03
6.061284163152436122e-04
-6.529456554058565843e-04
-9.694838445626352552e-04
3.470660432804972828e-04
-4.671634902286836422e-04
1.432448994586943414e-03
-5.091932739580418144e-04
1.949253906262438107e-03
1.444479668367026903e-03
-1.565778076905832705e-03
3.277301936233101287e-04
1.457644477611985678e-03
1.113912375122927401e-03
1.509689350152942922e-03
5.560838763698505716e-04
7.903077653250711876e-04
1.191531002449286447e-03
1.374941900198711764e-03
1.248751407905812627e-03
-4.744830799336963167e-04
-2.106218569498885529e-03
4.134386842959969499e-04
1.244322308274758981e-03
-4.932731095652620468e-04
5.417703399668294395e-04
8.628043598779555623e-05
-7.952520611731461742e-04
1.015757387304860870e-03
-9.081468185989649555e-04
1.010378472691142449e-03
-1.810206819052861960e-04
1.588835044163960930e-04
1.170596222963782296e-03
3.645067166810900261e-04
4.055892793575210931e-05
8.378694573816236613e-04
7.756006279262539493e-04
-8.087023122460568203e-04
-7.466440748518099468e-04
8.278869314053416417e-04
3.961726415471211737e-04
1.238087636538987013e-03
-1.231618620485930293e-03
3.769651627247849746e-04
1.908964266461588011e-04
5.165805491096353563e-04
6.533234799013243332e-04
-4.185829967009446761e-04
1.280028362740104342e-04
-1.634402017985925326e-03
7.016505762118541156e-04
-4.906478873278885544e-04
-4.601680997629031822e-05
3.012676532983427080e-03
5.416984710144845394e-04
2.587185225406685163e-04
-6.217726952748581226e-04
1.975184998596724029e-03
6.710064034742835304e-04
2.189700163874430672e-03
5.323071111640320652e-04
-6.263096239953469535e-04
2.511369308954014556e-03
1.079571930099554322e-03
-5.739167389229304916e-04
1.411304696877335729e-03
2.675237928057683234e-03
1.380505661924713579e-03
-5.724427795583686418e-04
8.492117056146941678e-04
8.965832485292590803e-04
3.058246513754081519e-04
4.096681390879375328e-04
-1.203843389223857585e-03
-1.014647636986776291e-03
4.031937073496472124e-04
-3.377583616226420560e-04
2.101290975320413423e-04
9.664560287463430654e-04
1.615401304677632766e-05
-3.460123519549718196e-05
8.444526131081708797e-04
-1.802661614251910294e-04
-1.987338611219913176e-03
5.138672936484400822e-04
4.012247330293927661e-04
-7.233082673252511086e-04
6.647344775976282705e-04
3.534651924961274005e-04
2.005624320651877568e-03
-2.799043172945214764e-04
1.069746472179389229e-03
-4.806952914619966322e-04
3.820838655368419268e-04
2.866824004317036767e-03
1.891944991328609049e-03
1.132274995014892482e-03
-2.584799812321847412e-05
3.960215989817772453e-04
8.639471788758346094e-04
2.421447494868722572e-03
-3.486607679341613419e-04
-4.094639149547774082e-04
-8.789635882220370178e-04
-1.919889849610889598e-04
-1.085171614452873357e-03
8.107929590344120641e-04
1.200503757125659376e-03
-1.349494879867574326e-03
1.455368193422401646e-03
-4.157519373477747138e-04
4.456655761979622099e-04
1.800387634257605285e-03
1.537209120637594850e-03
1.107349889448050462e-03
8.934023154913983689e-04
2.240540488335884817e-03
1.019751970878113312e-03
-1.641556276712696771e-03
3.211736411870003138e-04
-9.693295230137621843e-04
7.870957978421966317e-04
4.338460384616382726e-04
7.449421066811900971e-04
6.360425611529052503e-04
5.801765238704348349e-04
3.267970983822365838e-04
-2.255413072380640926e-04
1.234219254824919787e-03
1.355904764338555779e-03
1.241841410263511136e-03
-5.964302077057226370e-04
9.352054732201242615e-04
1.423805499467745150e-03
7.486873309159314260e-05
1.135403788882660692e-03
4.988369357392663517e-04
2.121592989987375333e-03
9.368749690581434919e-04
7.302837002414186429e-04
-1.083253329497102513e-03
-3.624853367929503634e-04
-2.436044865722797326e-03
-2.899233579025661811e-04
3.498317418795249267e-04
-6.386308080461589043e-04
4.527229716633218715e-04
2.394929292346192895e-03
2.295679251784754626e-04
1.527883047291123120e-03
-1.436860184150567932e-03
1.278166696745186570e-03
2.327361122571591778e-04
6.299142937677970622e-04
1.754685350175755332e-03
1.909814150148791967e-03
3.450020653259500136e-04
3.103963479280658078e-04
1.811885554107606211e-03
7.977137789683119706e-04
-8.757697671213371393e-05
7.874542659507266507e-04
-1.970561132524917269e-04
6.822880757433313903e-04
3.112038510403980496e-03
1.181268134531343605e-04
1.820666493452582912e-03
-2.374701892704500494e-05
8.370402606041604798e-04
5.000922372300209418e-05
-1.777690308022439325e-04
-3.158836813657028841e-04
7.780404620219005807e-04
-4.357143449542633107e-04
1.050563747759802880e-03
-4.645724479099833104e-04
1.329594628325825312e-03
1.565836447820156963e-03
1.207182062825662427e-03
1.002256942881807333e-03
-1.530712128112510229e-03
-6.355007521601230280e-04
2.036349088543332186e-04
-4.102347968659714184e-05
-5.793276410446246416e-04
1.355638742512876860e-04
-2.416423570537062915e-04
-6.229203168943708846e-04
2.455915206862613331e-04
-7.859951590938329957e-05
-5.735085218983027033e-04
1.774326740608955788e-04
8.143115045229354365e-04
-2.020715180636400987e-03
1.068882826640304984e-03
-6.042060614870337076e-04
1.274175864504734079e-03
1.055483026546566450e-03
5.344288849118417062e-04
9.561818865597704331e-04
9.617501030985131649e-04
-5.485110310323726424e-04
1.763557821985450857e-04
-1.588339734430066486e-03
-1.197502080947376868e-03
1.127751986436331677e-03
-1.207683312015594979e-03
2.009551718034074952e-04
-6.131970508811424025e-04
1.278628114632196500e-03
1.984691460631404780e-03
4.388488350106634073e-04
-1.084233170910442468e-03
9.114337170619268846e-04
1.046675057125856512e-03
1.090362595306704208e-03
1.964300920892281255e-03
2.601411527592079054e-03
1.606662934461322578e-04
-5.586817646439090623e-04
3.179892941473916324e-05
3.241726333573780039e-04
-8.962307894220256088e-04
4.822785273841390108e-04
2.142342928830753834e-03
3.372837251889970744e-03
-6.435753117801645828e-04
3.203644219327284048e-04
1.601201800032203693e-04
-2.486495553529310953e-03
4.162209840419262008e-04
-6.855202865203580131e-04
4.578075563843597706e-04
-1.739431006566594107e-04
-2.284826047118659886e-04
-7.417595325409642726e-05
-1.866838176580953856e-03
2.761324535478504316e-04
-1.793922841117678857e-03
3.546889775403183620e-04
-6.422750421342104943e-04
-5.810769033689489049e-04
6.196654348311625427e-05
3.950941581136735437e-04
-1.296839011042827394e-03
-1.384939313513466885e-03
-1.760461894323217535e-03
-1.450997336339021615e-03
4.627203064371254726e-04
3.490354507522663852e-04
-2.787180994410221047e-04
6.541949065517194128e-04
1.258211530574371295e-03
2.688417395921849362e-04
-1.423293097641886717e-03
3.681615154760287112e-05
-2.775746050323046887e-04
-1.713940873419472766e-03
1.407710563028352624e-04
-1.730040249803499464e-03
-3.545532191190581273e-03
-1.642634565265588265e-03
1.660642723819938382e-03
-4.854415873922768299e-05
-6.139353705458816535e-05
1.019994901232834650e-03
-4.967438944807334167e-04
-2.006173354558882238e-03
-1.031359452310587344e-03
-1.164803587448526301e-03
-3.599601861585810525e-04
-1.296501629886037676e-04
7.535682491053297127e-04
-2.746314925159420994e-04
2.513783151003590177e-04
5.377488944180441877e-04
-1.272279731667325109e-03
-8.822429749331117677e-04
6.866507010894196128e-05
-7.068956002092008362e-04
1.054693573402598616e-03
-1.788213987913511716e-03
-1.767779690127868619e-03
3.710157436562777633e-04
9.430163993635609643e-04
1.741253515209928437e-03
-2.104360669927807237e-04
1.135929561068005356e-03
-1.241941561771042757e-03
-1.184839559258854536e-03
-2.201957321696923486e-04
-7.189232864714956150e-04
-8.014533176929905522e-04
5.092196304143925545e-04
2.971555090085509221e-04
1.733879404408611435e-03
-6.089224690359884562e-04
-6.067374177700646243e-04
-1.179925877106802190e-03
-6.184109522453518082e-04
6.143654038905932424e-04
1.068565674215093964e-03
-7.934720536060257956e-04
-2.196315095254863792e-03
-1.510433441694880585e-03
2.868489336029789172e-04
-1.688488605173343871e-03
-1.077231061665795409e-04
2.774103370566383120e-04
-3.472978511445123928e-04
-1.047429433756130734e-03
-1.816960023783398270e-03
-3.297871814891273345e-04
-6.690225412093742108e-04
2.504283470838863934e-05
2.587299075299087647e-03
-2.808160521627911521e-04
-1.330203688900910564e-03
-5.670358789702234503e-04
-1.138700172709450342e-03
7.897109748669084439e-04
-1.559098100263334175e-04
2.205573328556864610e-03
-4.395943714721184392e-04
1.088730609944743577e-03
-6.688940531309750526e-04
1.394367810568786226e-03
-2.299541773818747359e-03
8.189254202539686389e-05
2.960626182495484926e-04
-1.459546941642075879e-03
2.583942657539139987e-04
1.657962693255576880e-04
1.935994732127355178e-04
3.218091137888734465e-04
-7.086915186103048825e-04
1.145567622466092672e-03
-1.056874427609155731e-03
-2.403135492219377056e-04
1.356639366705936212e-03
7.337677693279864855e-04
-4.601111004132185656e-05
-2.583662018108334735e-03
-2.215965737875080777e-04
-1.320806261259743764e-03
-2.413987752292179323e-05
3.759847607986976925e-05
-1.478339025420272179e-04
1.431001351837712932e-03
-5.931822978955114678e-04
1.157410845292083934e-03
3.531864413695018357e-04
-6.956899179224595997e-04
4.242708880866086218e-04
-2.133572692775809188e-03
-3.629187161835467634e-04
-1.279201618614722591e-03
-3.290485773319584695e-04
-1.955715620775011487e-03
-5.571242094959405478e-04
1.958803779052775695e-03
1.522148490971764190e-03
6.151187603742336307e-05
-1.195624946701112634e-03
-5.158049134190711982e-05
-1.830827418511926652e-04
-1.163888335959928355e-04
-2.234213177002120077e-03
1.192757616110373675e-03
-2.615026640140349912e-04
-1.075730868556945552e-03
-2.141941464239849324e-05
-9.072053284888692559e-04
-6.611776435485605674e-04
5.320433065318930232e-04
3.664434715822117994e-04
-1.026329176962992307e-04
-5.190768801215384087e-04
-7.088596225623966518e-05
-1.572515214835812358e-03
-2.662559719761592447e-03
-8.824938492104639209e-04
-9.063600451100217725e-04
-8.569044451534058027e-04
-1.531419529128941193e-03
6.439796748001214155e-04
-5.803706991545087845e-04
-8.415134707924210034e-04
7.697694145420985734e-04
8.961163964049667641e-05
9.049306317265859434e-05
2.718306655269397965e-04
6.033145723542965300e-04
1.236472556646273091e-03
1.868995123741612474e-04
9.572319056256883840e-04
-4.718473452336446883e-05
5.574394420180261989e-04
-1.998636721736168909e-04
-4.888746814823985432e-04
1.016344044382222478e-04
4.263850698715820897e-04
1.629666191324652402e-03
-1.133166058329138082e-03
-2.934914755690076760e-04
-4.701490708649558314e-04
1.390452512670670160e-03
3.575849808712394662e-04
1.632258141687437103e-03
1.145121429826145842e-03
-3.779416079323638655e-04
-8.417949424350812393e-04
1.264617418359481604e-04
-5.102510148067285201e-04
7.798630167332731844e-05
1.557944508753905666e-03
7.830078704427201330e-04
-1.830321633934817172e-03
7.469464553910842852e-04
-4.839233881155369232e-04
-8.206919438784598952e-04
9.284406130445344019e-04
9.567427757510849062e-04
-3.760653493463106400e-04
-2.003545229690484319e-03
-1.560441676640600406e-03
-9.657972431591499429e-04
-9.688747138143494197e-04
5.480442714183020314e-04
-1.916071423793352935e-03
-2.503304423404628665e-04
2.033731953981154916e-03
-1.342475484519711770e-03
-2.039434331204237338e-03
-1.128476387470600528e-03
-8.856478773984211017e-04
1.933721642395358487e-04
-9.313536717046044799e-04
-1.605880280270977067e-03
6.299734706642912130e-04
-8.861014379393239437e-04
-8.827690524353393187e-04
3.470541448968855747e-04
-6.918351085407614676e-04
4.762688917692159407e-05
-1.759580925535075835e-03
-3.583688517179162147e-04
1.294023552244505382e-03
1.306987056432618033e-03
-1.098620224909696574e-03
9.652419833399150662e-04
1.635110675262341218e-03
-1.680838979047249993e-03
-1.197787801123562090e-03
1.127515876393481165e-03
-1.367656114781512500e-03
3.084444708112421552e-04
-1.615831491157848632e-03
-2.508665438887280885e-04
-8.628269103294616826e-04
4.904129671468027141e-04
-6.893063183941450234e-04
-6.756026405583259731e-04
-1.041887230090576821e-03
-2.732453745808438583e-04
-2.277452545322411481e-03
2.617675811951158948e-04
5.497813363719572521e-04
-2.234759468158209472e-04
-1.023421082391617887e-03
-3.768517543711880080e-04
-6.697552859213917742e-04
-1.752155652337439307e-03
-1.355906464064693395e-03
-1.358553042069443606e-03
-6.897476309659644755e-04
6.037304640131857525e-04
-1.250857092981005891e-03
-3.567943611981760910e-05
1.047308590194084843e-04
1.781037633045157165e-03
7.643170779376706747e-04
-2.196658045212629418e-03
-9.651918236219803049e-04
-1.409173033696919930e-03
-1.444474788087513062e-03
-1.957659411882195499e-03
-2.038790729881556629e-03
-1.525693596784227779e-03
-9.463294740237326863e-04
-4.402922363659911298e-04
-7.324983218943703633e-04
-8.266871959825561333e-04
-1.078199737584828455e-03
-1.974428894396584866e-03
-1.519492630699170732e-03
-1.671567098330051238e-03
-1.071107406995785993e-03
-2.553737434699776543e-03
-2.183658894872708700e-03
-2.395881990245873894e-03
-6.272543843508504580e-04
-1.351857987548221729e-04
2.147630735642724886e-04
-1.269106977989986618e-03
5.871431606907506762e-04
2.337966945120673046e-04
-1.840212610279445826e-03
-9.295533063680139207e-04
-1.582712232979233136e-04
-2.061662635164607238e-03
-9.633119417729041345e-04
-8.673472743083721070e-04
-1.270124463826682870e-03
-2.684526751266513855e-04
-4.776713377663277527e-05
-1.143970898648039025e-03
-1.922235685826390039e-03
-5.153482499982153797e-04
-3.867368674044247001e-04
-1.824065620250836517e-03
-5.360151089195408503e-04
-2.942583363229278604e-03
-4.344204195583456496e-03
2.920565203148317579e-04
-4.621962247397526369e-04
1.107152395843247206e-03
2.501073243663665124e-04
-1.166160986766806573e-03
1.366826433416346021e-03
2.422899252230159561e-05
-6.335004409780964352e-04
-8.177949847971710540e-04
-7.513321850201037932e-04
-2.047105485419864479e-03
-2.178676581634064746e-03
-2.204577584930422773e-03
-2.978916947646848001e-04
4.399340567928788914e-05
-1.197947452608927321e-03
-1.615953671596281893e-03
-1.199102394446871500e-04
-1.792957462543709468e-03
-2.341033290647720477e-03
-1.286105397657610894e-04
-5.932466220159859915e-05
-1.016889568353995799e-03
-1.528961800055128606e-03
-6.407909353678409303e-04
-5.574937314767325347e-04
-7.377205962932897876e-04
-2.995065873141244950e-03
6.744080265452812029e-04
-1.584125401821179224e-04
-2.009608901194948061e-03
-2.340234619115921788e-04
-1.164965569532938616e-03
-1.984866967775333890e-03
-7.098564274421459430e-04
-2.133134569249239831e-03
-1.015284232520397012e-03
-1.047267394628459414e-03
-8.573089351129326019e-04
5.424203312989206438e-04
-2.238549156605262880e-03
-1.277812319319560075e-03
-1.315706457847509725e-03
-1.143508140461824141e-03
-1.670885187984971765e-03
-2.358464494201628625e-03
-7.360351087437599915e-05
5.835553543631633033e-05
3.454402432843117765e-04
-1.481723655549993524e-03
-2.109843199928906898e-03
-1.170652801771865370e-04
4.842119098547037481e-05
-9.817451704154933623e-04
-1.102926206265619768e-03
-3.611889332242324002e-04
-1.877837387722625095e-03
-3.031059699825089382e-04
-1.453639159633812739e-03
-1.588626199065412692e-03
-6.234268844353962891e-04
-1.403736946617106796e-03
-1.073231066213375939e-03
-2.273523582247305441e-03
-8.933628967797702103e-04
-2.739046996671934409e-03
1.096228759999817726e-03
-5.521597205835337974e-04
5.324701455864389033e-04
-5.131884473641434852e-05
-7.089829136808223353e-04
-5.209431402011244217e-04
-5.633768198871624833e-04
-6.956264318225269250e-04
-1.555857467722798759e-03
-5.066715073587246820e-04
-4.058377844027294401e-04
-8.805366732180797129e-04
-1.807287884465269556e-03
1.621901311579243554e-04
-1.655871966422806096e-03
-7.090844869093171354e-04
1.834552489059504410e-04
6.607794571800162942e-05
-1.173649444915936257e-03
-1.211915879618663539e-03
-2.574153799265177511e-03
4.069940764694912616e-05
-4.586241506343569085e-04
-1.638109932839526550e-03
-2.747226573813765782e-04
-2.619914117461874525e-03
1.121792274286770308e-03
3.896172477493298203e-04
8.556095765832605338e-04
-1.171256623753835768e-03
-2.210335449815081788e-03
-2.214155534355999322e-03
-8.668845457182605685e-04
-1.280389027620509879e-03
-1.261273649856953227e-03
-1.549149464099341955e-03
-8.552806486223918370e-04
3.944840144085581812e-04
-1.425465549549365107e-04
-3.070065052133141847e-03
-8.655551646075121397e-04
-1.773594320026106175e-03
-8.892039643848548280e-05
-1.810157391235467372e-04
-2.993169123336691939e-03
-7.397293211017785808e-04
-8.396018471084065737e-04
2.324280683358992405e-04
2.058373362114895855e-04
-9.668726279148387448e-04
-5.784782319657733041e-04
-1.093331609458791931e-03
7.328590338013807326e-04
-1.260031506511882782e-03
-1.136222707091905093e-03
-7.537489525504259547e-04
-1.875861768232400806e-04
9.296147579476166101e-04
-1.442995287420201223e-03
1.181355111230075750e-03
3.909335219922649429e-04
-2.231528209784894301e-03
-1.548150866677922011e-03
-1.707222827613152916e-03
-1.424410209643234282e-03
5.521050171575225818e-05
-2.107751804572011167e-04
-7.070910139894692747e-04
-9.883526896774519344e-04
1.852583772301574783e-04
1.478579524528234046e-03
9.182733991763836201e-04
-6.493065019230748192e-05
-1.220230703427471752e-03
-5.106111846218119865e-04
-6.303166980436980538e-04
-1.635491217978124467e-03
-1.539171894624713488e-03
-2.974143530722894724e-04
-1.331003962069754465e-03
1.521998955818393284e-03
-1.057872744815835375e-03
-1.731035252062973484e-03
1.869832347306754627e-03
-1.733470939162540247e-03
-1.938152635516665612e-04
-1.122905476752977805e-03
-2.918891253935740338e-04
5.123705796841182547e-04
7.657415197368511173e-04
-1.101768308908512850e-03
-2.693031399536582882e-03
-8.233379250215389078e-04
-1.169359434405325970e-03
1.031448665535172893e-03
9.716980759071347507e-04
1.927826112200214936e-04
5.226472935679904452e-04
-5.981489224591296505e-04
1.392192410564652150e-03
-4.349275188502144118e-04
-1.237769013480605196e-03
-1.841547588166125848e-04
-9.386152185153484595e-04
-4.931067040583325678e-04
-2.624609461296945057e-04
4.869030987202371819e-04
-4.464284252831962618e-04
-1.824405304780007953e-03
8.085036471296991323e-04
-8.999115759829034999e-04
-8.048562664195735294e-04
2.404346383620081795e-03
-1.132160407015359027e-03
-3.862138572578999174e-04
-4.495622937958909660e-04
2.668538143245635652e-03
-2.338071853484890994e-04
-4.792043131309764448e-04
2.728104473894710225e-04
-1.147147096391742949e-03
-1.632382415118316388e-03
-2.033161970402819207e-04
8.948709348739480873e-04
2.019225889657860762e-04
1.516295113290766494e-04
-1.922148199524631451e-04
-8.882102206111408549e-04
4.772714050782500550e-04
-3.267577328078807852e-04
-3.397408709437943486e-04
-2.133219853322376736e-03
-1.064343104194120926e-03
9.549285810672714092e-05
-7.191652470761589200e-05
-4.623875409590638696e-04
-5.442604133438777581e-04
-9.921783464255096163e-04
-1.386183583656164231e-03
-1.342860847988180950e-03
8.070972555485056432e-05
-1.700161036358727173e-03
2.235632208469340299e-05
-3.203253113572834820e-04
8.288176806636737837e-04
-4.755092436352637009e-04
1.032129922777125230e-03
1.287081496315289897e-03
8.440532331488448392e-05
-9.320762322442277537e-04
-7.685963095076520091e-04
-7.984158799576590582e-04
-1.660908825175777537e-03
-1.324141526294342341e-03
-2.214643982590525084e-03
-1.556466987689297810e-03
1.079366149138838438e-03
-1.237411296655333004e-03
9.779402445233564833e-04
-1.290957519948454646e-03
-3.861979588112962603e-03
-5.975785648828502161e-04
-9.059027002549235874e-04
-9.874777569163217805e-04
-9.617107900665722298e-04
-1.574782806170738070e-04
1.606753669778360205e-04
2.490713502840691262e-04
1.847478671366253877e-04
-1.237319082256993497e-03
-1.051115910852828961e-04
-1.828184885763750600e-04
-2.529035142644353584e-04
2.586389802023969509e-04
4.094898140711844547e-04
-1.327383779317070633e-04
-5.205720970833382921e-04
9.554233563793257389e-04
1.210506735822125535e-03
8.934941873310897620e-04
9.639977221613804659e-04
-7.814485345229993385e-04
-5.721947925492187892e-04
-1.727773829387491134e-04
-6.697975997800309500e-04
-2.946568957127304600e-04
1.324845235668892229e-03
1.071791976754443709e-03
2.254905366179116299e-04
-1.739457100792929367e-03
-1.311557081423497806e-03
6.041585281368888616e-04
8.888408418701310154e-04
-7.850599557319704047e-04
5.923490924801821933e-04
3.177331878201350435e-05
4.500297308640544003e-04
5.597930436875842020e-04
7.651992514521310795e-04
-5.226224890890751595e-04
-7.370483574804520543e-04
6.145963148618260874e-04
-2.657013920985829003e-04
1.595072339284353546e-03
-5.822711616578768457e-04
-8.013311810026735316e-04
-2.050734331732417814e-03
-5.267694718398274745e-04
-6.988548439359476561e-04
8.125235184726076199e-04
-6.596846756479202156e-05
-1.150175757233640184e-03
1.302660577561676192e-03
1.735097504534488522e-03
-2.123696184481715932e-04
-2.332832778979554433e-04
-4.820689932789612442e-04
4.495939969317852558e-05
-6.097097513553251247e-04
1.199214334379750113e-04
-1.481569025560958153e-04
1.200682046811341053e-04
5.740068242492402106e-04
3.111456478006591198e-04
-5.612848894391841981e-04
1.603857236734951286e-03
-8.390289490534108552e-05
6.584023541171823979e-04
1.100952694677248545e-03
2.078804447511739539e-04
1.498913379827104819e-04
2.431488907532752819e-04
7.913309172582483342e-04
-2.161364995362458075e-03
-1.179743654802223318e-04
5.164975328404430854e-04
7.785000492128713034e-04
-7.745526747904296627e-04
-1.705879162656742665e-04
9.369151280373966273e-04
1.256990342898944846e-03
6.156547047073690493e-04
-2.759070606870306364e-04
-3.247542360809152484e-04
1.358923768395525755e-03
5.116226772339249607e-04
1.909066663030589694e-04
-1.085474032410438383e-03
-1.218717585749429233e-03
1.076137932282339449e-03
5.317949418452982968e-04
-1.935810195421439062e-04
-8.713562049054157654e-04
-7.619946009367328799e-04
7.764289361309462123e-04
-8.106685912836475438e-04
3.314239712499666979e-04
-8.815146575036347798e-04
-5.059785759888857370e-04
-9.479343863065814446e-04
-8.215263732118671669e-04
-1.024821302101797116e-03
-1.036043422109944601e-03
8.356865246916811429e-06
-1.140457167272401762e-03
8.244211604413465011e-05
-6.829052376433608629e-05
-1.401629303542151206e-03
-1.373629991380465043e-03
6.697103632682388508e-04
-1.308421442472340601e-03
-3.216130753413981580e-04
3.946963261260982847e-04
-2.010815849913027975e-03
-1.745670540558075245e-03
-5.847244287184860667e-04
-1.437086870517134685e-03
-1.962116487733256420e-03
-1.221744577974082091e-03
-1.610847083354016718e-03
-3.945565041716392329e-04
-4.664183857165937752e-04
-2.264019758301039076e-03
1.285708515288197518e-03
4.693916968563360825e-04
-1.575284311219560252e-03
-1.547726517449499184e-03
-5.398987702986968173e-04
1.203772227107435810e-04
-9.034471074413907843e-04
1.619612963046357379e-04
-1.038063682638590279e-03
-1.718454358574206253e-03
7.266889463530823434e-05
1.114765673027262594e-03
2.154280621540216600e-04
-1.745009578826284269e-04
2.592602482518469031e-04
-1.996902227963559540e-03
-2.133287305379205634e-04
-9.324333019000707878e-04
-5.574140173081332250e-04
-9.324696889396744126e-04
4.061815266853674444e-04
-4.245588586611059867e-04
1.245820057204083398e-03
-3.047357958154695012e-04
-2.052620402212435025e-03
1.065625500377587187e-03
1.528499291126417248e-03
-1.014069821694718598e-03
7.483022905043767992e-04
2.006242830281390610e-04
-4.156344731753858213e-04
1.178258043837532298e-03
-7.432748768487762447e-04
-5.490947248958377713e-04
2.984248475299988712e-03
-1.624987434380997797e-04
-7.049832176380110837e-04
2.212317153007514747e-03
4.620135809032532848e-04
6.675066511825367144e-04
1.040326704251581802e-03
8.313566637165870077e-04
-5.197171047668369681e-04
-2.782875492160830078e-03
2.554330450266206753e-06
5.915506167346595845e-04
-1.044360068761296390e-03
-1.495030540663355723e-03
5.515659394890182199e-04
3.497540977321911271e-04
-5.488796089747616236e-05
1.641068744201445995e-03
1.143144335642443110e-04
-6.546099988575804218e-04
1.451757604257863932e-03
5.548721044552618054e-04
-8.245011391108114651e-04
-8.067970478813357715e-04
2.422485831957255087e-03
-6.670133674437916937e-04
7.468088234787728652e-04
-1.300371133441391436e-04
-9.737672200804681211e-06
3.074758653021092414e-06
-1.677597828055876761e-04
1.405529120822590627e-03
-1.663117724370000161e-03
3.902516680995837817e-04
-2.319031988826658619e-04
6.513696165435511887e-04
1.639143222742722728e-03
1.177534356189280373e-03
-1.076869141230174520e-03
-1.326144078781288371e-03
-3.660278974713104816e-04
7.040773360993402008e-04
1.683886688464752979e-03
-4.874355292190379885e-04
5.667794696266881260e-04
3.028232434245881066e-03
7.706610123521251410e-04
4.584546348833651308e-04
1.955633700048142742e-04
-5.227449296234532028e-04
9.448658648698593510e-04
-9.886419815730018712e-04
4.581076069407608031e-04
7.020960814112520154e-04
-6.956118960224078052e-04
-3.626869662192166999e-04
9.273260376083669598e-04
-1.906525997864338962e-03
1.605215800748460708e-04
-1.575824963747862739e-03
-8.894191069419576934e-05
2.250210239929106848e-04
-2.605574725411674564e-04
4.918766196828627812e-04
-2.221088519272829132e-03
6.957957036530793005e-04
3.100843095009686579e-04
2.260309714692265715e-04
2.292051252577032017e-04
2.031363719181555894e-04
7.562271037695467157e-04
8.078947298864047610e-04
-2.367211999346530149e-03
-6.198131580554822051e-04
5.510061871287774693e-04
-3.782497868125567209e-04
-4.613904543553370985e-04
6.249497042414287051e-04
-1.763259884745904671e-03
4.625981595354211606e-04
-8.202240826409301633e-04
-1.097165185105497542e-03
-5.728527564390351046e-04
1.146096956416320367e-03
-6.111703548634661587e-04
7.193664801024013400e-04
-4.233019000166038381e-04
6.001884007944546795e-05
9.271848365377532986e-04
-1.412335036786060982e-03
5.169705805729840620e-04
-1.319460250044590666e-03
4.744626145511965376e-04
7.408485072453174780e-04
9.986438435372058109e-04
9.091605783762002346e-04
-3.622394999689415584e-04
-8.693693380523725978e-06
2.288691750157223481e-03
-2.028837788578430334e-03
-1.924013890207465494e-03
1.367404069425592894e-04
1.263834367048799479e-03
-5.989944552329262706e-04
-1.351240493538963250e-03
-9.338687179387683557e-04
-1.354108912517970609e-03
-5.018750268639404766e-04
2.172854281663472165e-03
8.227957384310258249e-06
1.491355285464512903e-03
5.933065227137213071e-04
7.397474040815588125e-04
2.008163869964940673e-03
4.429609276597190615e-04
-7.983221114464811308e-04
-5.929139095746105426e-04
9.200157857929269767e-04
-8.671209971056192956e-05
1.966687756448592950e-03
-1.140538451616768256e-03
8.104114387974536982e-04
-2.815361041024200262e-04
1.065202356812511297e-03
2.440197344237837740e-03
1.896518987949402657e-04
-6.566339388629494067e-04
8.735956344130269002e-04
6.187327022459943038e-04
-6.056223687345152484e-04
-1.298751785011154070e-03
8.280050222471135868e-04
-7.228631100786309105e-04
1.086958986638908442e-03
2.371958163873255643e-03
-6.786094551882726478e-04
-1.420488630022642695e-03
5.893492914921250048e-04
6.721307225667771945e-04
-1.046983318892635850e-03
1.635255292931070414e-03
1.081402222957050796e-03
-1.039054128841199187e-03
-1.760500281517973775e-04
9.418277911510397615e-04
-6.518881893302630459e-04
-7.973233363736120793e-04
1.611416899727213803e-04
9.800388104750368257e-04
-1.112618109589513793e-03
-1.499178346487495261e-03
-6.770668907825072580e-04
-1.228363929107079144e-03
3.457988829058677993e-06
-1.257467452899785343e-04
1.124431934448999471e-03
-9.657449123892103415e-04
-1.303265489319471726e-03
1.055137944788064885e-03
-2.223680930086846530e-04
-1.274366486160527501e-03
6.597526288583122067e-04
4.610444234054433821e-05
-5.971512879452411937e-04
1.204351738268050198e-03
2.042594239996864403e-03
1.983229541453690459e-03
2.053171554559085621e-04
1.871706794192018464e-04
5.566880900869097815e-04
7.994036154337358369e-04
-2.160631027574577701e-04
1.189555926231378180e-03
8.093289093074051976e-04
1.604752688684207840e-04
-6.384886768806552482e-05
6.343945134807960073e-04
-8.035697637545080596e-04
-7.560712982064288212e-04
4.296167498281100450e-04
-1.155415267164450199e-04
3.757947017224427810e-04
5.229170319620557450e-05
9.952524680034713356e-05
9.537854882242235988e-04
1.776455058618564564e-03
1.733771814180773418e-04
2.022774481436062644e-04
-1.011075501023750434e-03
5.930624928729422152e-05
2.960936298039840153e-04
3.534505984292835024e-04
-1.880532049820526908e-04
3.703037956708232770e-04
-1.798901210725567523e-05
2.730508720032442938e-04
-2.001632164838618166e-05
-2.537383869314346896e-04
-6.440800983966710191e-04
-3.783464265241232027e-04
1.588194901061434905e-03
1.000484807405443988e-03
2.046845825388832196e-03
-3.323302746907064176e-04
-2.019058910471827062e-04
-3.738733099927227244e-04
1.361014046443731473e-04
-2.811095730061996534e-04
1.464020971677637561e-04
8.986016663050655495e-04
-1.387820724110033765e-03
8.267025819914675111e-04
-5.956602966974422486e-04
-1.035942388878385856e-04
1.661209937162677619e-04
-1.479722913690917352e-04
4.146342618902565391e-04
1.935565446388398669e-03
2.188922500256484938e-03
-1.833055482132195380e-04
5.423834285824824519e-04
-8.299169605563427865e-05
4.129351013137938509e-04
1.010341125429192743e-04
1.424038364028490378e-04
4.337795659559162686e-04
5.769842029783589510e-04
1.214048158493019614e-03
-1.702538097977379650e-03
1.797325040269859286e-03
-1.452744544658823855e-04
-8.060088836026046977e-05
1.444013061429494371e-03
2.796677361642796455e-04
1.923933631311935954e-03
1.597229828531609996e-03
1.489364106358470607e-03
-2.985784585247674983e-04
8.633066013006285289e-04
8.521920070678756787e-04
-1.755171631224516915e-03
4.681814458362687503e-04
-3.735837824032639531e-04
-6.239624037664981415e-04
-1.115657626622912346e-03
6.999010492998447575e-04
7.500933489681393951e-04
3.234217478484291419e-03
1.206614659588156613e-03
1.333142485806515509e-04
5.583247467526586405e-04
1.485091164960428145e-03
8.252689784493671965e-04
1.536510924429634883e-03
1.591802564735012027e-03
1.863242409620324835e-03
1.566934643787654124e-03
5.582118676519254308e-04
-1.057295737015850889e-03
1.626838112347428478e-04
-1.273378663097846086e-03
-4.367469728039363730e-04
3.201074033443163103e-04
5.711415870506275638e-04
-7.127716647037374287e-04
-6.573346522227296873e-04
6.883113557709652497e-04
6.629787913103868391e-06
3.821099808898331673e-04
-1.329552345784357215e-03
-1.823624796852163499e-03
-2.085005363444247806e-03
-2.799078493900264419e-04
-1.303485928170200481e-04
-7.917994550343809834e-04
1.081948226017148684e-03
8.701764722118809914e-06
1.336133574980191696e-03
1.593583540294707390e-03
1.513109925144195955e-03
-7.780511441968229747e-05
-2.384589946216042478e-04
1.217834152086316735e-03
7.706194883205785828e-04
-1.496810667715786636e-03
-2.979895019299405590e-04
-6.792813073075443242e-04
8.560349035258152384e-04
-2.364987839491572430e-04
-1.818388126042513875e-04
2.833499384609083904e-04
-2.268897918291656879e-04
5.401477832858159189e-04
8.415897481908185540e-04
-7.214890234206183806e-04
-6.269050272709186800e-04
1.668626301316145089e-03
4.844735168234581835e-04
-3.249805566429841974e-04
-7.169746194988224630e-04
-8.709556827126707645e-04
-1.579987736797239251e-04
-8.803250827933428724e-04
-1.291740158209320199e-03
4.809050338125953061e-04
6.159081228149787535e-04
3.685642750923534550e-04
-4.323247907986882410e-04
2.400538145352903996e-04
-2.054641569895210296e-04
-4.952894147676190073e-04
1.653951251301855052e-03
7.713802196480656903e-04
-7.591205025869740552e-04
7.433790421507158186e-04
-7.875649820112684552e-04
-1.503179029673340494e-03
-4.991403371443769998e-04
-4.274144766269749596e-04
-1.540446205204659691e-03
6.877870709987021769e-05
9.949126724118073639e-05
-1.910603186797255049e-03
-1.656305993195772430e-03
-1.470608455267585768e-03
7.946534675504768330e-04
4.211577345754058399e-04
-1.004471324562494772e-03
-5.676814474064872940e-04
7.308132618999430008e-05
-3.940049214330443306e-04
7.927434198038429969e-04
1.009545058323180200e-03
1.391637887535601692e-04
1.577848033823103790e-03
-1.587701256382523241e-04
-1.341597345459577539e-03
1.154669133865970920e-03
2.144474906945692538e-03
2.147986187801986802e-03
-1.761710852445919073e-04
-1.672767394044649691e-03
-6.711809929664802610e-04
1.707831794648395629e-03
1.070593697461097449e-03
1.713983278013087030e-03
-2.877216164685059141e-04
-7.160846496510053782e-04
-1.259742888797266147e-04
1.616171050566883594e-04
1.124150991788752663e-03
1.173396291536343838e-03
-4.852178581258304035e-04
5.371248265317873916e-05
-2.165588305702570437e-03
-3.314242933250000078e-04
-9.270163801302633289e-04
-1.813057138067231122e-03
1.722620697541366042e-03
-3.396608754804297803e-04
6.766985482227205750e-04
2.191895943250976586e-04
-6.844672074934887718e-04
-1.787655475558036500e-04
1.247118779195144356e-04
-3.043859598335085792e-04
1.544379801739381719e-03
-8.291185743465323554e-04
-8.151385374342012824e-04
7.778162102543006995e-04
-1.109595991858336461e-03
-1.993760879881456560e-05
2.191697549591697936e-04
-3.451813767250122567e-04
-5.149878574914890095e-04
1.131815616705722505e-03
-1.188833610076045488e-03
-4.676398399137138284e-04
1.855986422121258528e-04
2.295090459209170319e-03
-1.247674972048029574e-03
-1.325638353555369520e-05
-6.137522016798069302e-04
-8.274839335919992322e-05
-1.599320725276243138e-04
5.801149603381627884e-04
1.291138922624224250e-03
-4.131268254301545539e-04
-9.144588191307700953e-04
1.097711257234346149e-03
1.839659768872792256e-03
-6.016424920800567122e-04
-3.924534190313799797e-04
4.331992585315802557e-04
3.502321672113062334e-04
3.307503583150017690e-03
4.629548429604390947e-04
-2.629716002360282801e-04
1.251037362639983996e-03
1.647749434672274305e-04
-1.110842745901674533e-04
5.673061519546607201e-04
4.023180975796236680e-04
-4.262976439912691262e-04
-2.440158766094935316e-04
-7.106672163943450471e-04
-8.407668617946839618e-04
1.441318176580441701e-03
-4.291581228976770745e-04
2.531978285404745677e-03
3.772519025315723695e-04
-3.967862182532311266e-04
1.069181860321233302e-03
4.529291681514280299e-04
5.740271839695942901e-04
-1.834826224865304667e-03
-1.417828917330998806e-03
-5.945570865057980825e-04
4.499186000255228635e-04
2.380821319908577038e-03
-4.547843185882527450e-04
-5.347223806200229745e-04
1.309196704400772404e-03
1.624491076512857290e-03
3.296736574129877084e-04
-1.044655971160102226e-03
-4.532172779645460281e-04
-8.336689301382538275e-04
1.647245146059184151e-04
2.244459424795230973e-03
-8.833908549414903888e-04
2.405070032840406213e-04
1.097271345869232917e-03
-5.589305984174952613e-04
7.655555507619649092e-04
1.354136369856817623e-03
1.062300421445172560e-03
-1.382924629408366357e-03
1.813039511177949592e-03
-3.246090763022735359e-04
-2.358823651957830947e-04
1.464411802639897786e-03
-1.217863193751389517e-03
-1.329099842661829456e-03
5.162790576263009967e-04
-2.772635741215001559e-04
-1.459575836955995243e-03
-1.747825287738091760e-03
3.143697469834005886e-04
1.581380997020431778e-03
1.056411888645358843e-03
9.460156265912456064e-04
1.013351577027643557e-03
8.010152179416252238e-05
1.058780087238142542e-03
5.430473835721372211e-06
-1.596667135939089377e-03
-1.814270494404635059e-04
3.251505637449358943e-04
-1.274726699521222528e-03
-5.789155986357652495e-04
2.162162053969129971e-04
-8.093882742215008363e-04
2.993639206907428019e-04
-1.197432935511333341e-04
-1.677380425137542375e-03
4.877169449657436928e-04
2.836130686310056603e-03
-2.183098731129540226e-03
-1.890968076660781705e-03
1.550737679324454277e-03
2.925193044358564975e-04
-7.820733882315522578e-04
-6.284092356403370161e-04
9.930073143988860096e-04
-1.494635456977588817e-03
1.872176486610976909e-03
6.562958894562598289e-04
-9.747202544696520476e-04
-6.507917323324008407e-04
6.437714617875123224e-04
7.024826198589462223e-04
7.009211486013189329e-04
-1.500846673703426504e-03
-4.469909508788560970e-04
3.237769015120850469e-04
9.672288365507597518e-04
6.976029866905264498e-04
2.186729477006377209e-03
6.029116218202457134e-04
-1.198805688569892780e-03
1.806518934444056868e-08
8.404593313149355538e-04
9.581956533009083898e-04
-7.894785544080296091e-04
3.722672123507297925e-04
7.042503278262834954e-04
-8.372500508131430763e-04
6.797552198323231210e-05
-1.812292236595958173e-04
-1.934511381599612889e-03
5.364050243361617731e-04
-1.898320179272161567e-04
3.321386053924957338e-04
8.148881340581670685e-04
1.495786289212208686e-03
1.094705805884554906e-03
2.309373083853039077e-05
-7.878511771322038726e-04
6.695355108361500385e-04
-4.020481442061907273e-04
2.152355931774874165e-04
8.217528113150240898e-04
4.593090523590248608e-04
2.428099231595259866e-03
3.045010964131122932e-04
-5.880878232380482018e-04
7.489670628826328169e-04
-2.364237921461675995e-03
-9.608075736549093193e-04
-1.621214186062758245e-04
-3.235402162355960343e-04
8.124890637069004384e-04
8.493630274486463350e-05
-6.488375085889064309e-04
3.286986324799734405e-04
4.758744271193826592e-05
4.281856899845948305e-04
-4.268104060511923592e-04
4.683000134304560191e-04
-6.858573657519961841e-05
3.535368304865560418e-04
2.033345230664673764e-03
-3.755549043693573452e-04
1.188340395448239661e-04
-7.231709432384825220e-04
8.803313734184747830e-05
-1.818830475062149787e-03
-3.510549131402473932e-04
-7.779726744072679168e-04
-3.601045006571546025e-04
3.573427926901739937e-04
6.997887721877926737e-04
4.834971016924871634e-04
1.278863611238190146e-04
6.303077909852738969e-05
1.484109130217792227e-03
-7.188606919630302627e-04
-1.600827700001250520e-04
1.185678562307446171e-03
-1.117414448062570287e-03
1.190503313725832513e-03
9.911969941456266753e-04
5.157739071768308037e-04
2.818879715182465162e-03
9.129582493174748237e-04
-1.494487730228311051e-03
2.457085435689787545e-04
9.909100415055327460e-04
1.104555187946054673e-03
1.767298504253833613e-04
2.470172556037208977e-04
1.820098547389292776e-04
8.521429573962180370e-04
1.696775498685187955e-04
6.564666998960522193e-04
1.971413557289025675e-06
8.177299099283441564e-04
-6.407283345166714383e-04
2.971864296828385932e-03
5.230589075899683138e-04
1.020733610165081018e-03
-5.124216711311913031e-04
-8.468449742082828635e-04
2.968759085675509724e-03
7.790766070783217145e-04
-8.671994554312334458e-04
1.059457407115882432e-03
8.821620998566981342e-04
-3.689111859594973453e-05
-7.374866551694836403e-04
1.263828993305127213e-03
-7.149678414515303615e-04
-1.874373686849839515e-04
1.708964621712771859e-03
1.634116763291615371e-04
1.074294389902474833e-03
1.229779037050793278e-04
-5.898082816500060943e-04
1.237056717313000931e-03
-1.104341525969498861e-03
3.590634810914927755e-04
1.082494612779871801e-03
-3.458543642369527049e-04
5.466237675924023875e-04
-1.742752843865158496e-04
-9.848455502448061338e-05
4.251467220022231430e-04
4.246667801512948870e-04
-4.885074640776920774e-04
2.085687761602228463e-03
-3.184435864855839071e-04
1.576073176683401300e-03
6.311113965302705964e-04
1.002268910033521365e-03
8.962363347952972958e-05
-1.691843162411554857e-03
5.572710442613981741e-04
-7.708242644186569237e-04
-1.247092734505628187e-03
1.029984362019842337e-03
7.866648120002928124e-04
-1.266830334269997138e-03
-8.155016819495486402e-04
-1.481086063072067915e-03
-1.684330645779219537e-05
1.913068577817034210e-03
-9.660808542233390028e-05
-1.174481683556827250e-03
-9.886285022082663687e-04
-4.280303280346231531e-05
-6.976096923632102431e-04
-1.350369348450231044e-03
2.071191933157079390e-03
6.098620501493456914e-05
7.650872901243666035e-04
7.465828531980633898e-04
-3.453494823928426882e-04
2.387035952551297413e-04
1.272210602444978633e-03
1.182055975992302166e-04
-9.686409271747464800e-04
1.955464229731695980e-03
-8.745225989297278346e-04
1.059530739303538027e-03
4.437622038278021819e-04
-9.413853098900748506e-04
1.551934978893276806e-03
2.460252770219995000e-05
3.747757860543821096e-04
-2.554917621342411849e-04
-3.149469588097364436e-04
-8.325894473628636661e-04
-1.578002136679801382e-03
-5.406269598711155311e-04
2.463668161420962122e-04
-1.256117865702455205e-03
-1.007443740654867526e-04
1.274967960003259293e-03
-4.054701823990036758e-04
3.818273559812457307e-04
3.377767713002022276e-04
5.346488253656911382e-04
1.895912416460809879e-04
4.028891281364632704e-04
-1.171666729415488106e-03
-3.146701019862252480e-03
9.815990506742977573e-04
-8.988381847716553352e-04
-7.810503250571532163e-04
-7.588757260668099747e-04
-3.845393653945095025e-06
1.181934414233642983e-03
1.328296613215096400e-03
6.299780308482993973e-05
-4.830864864409090131e-04
-4.471123687470601737e-04
-3.381565986702028681e-04
-7.158956014303718973e-04
-1.444028994193269355e-03
-8.787640550855790877e-04
-3.543759215172137544e-04
1.284559076895064322e-04
-7.201062718931172668e-04
8.316767517437817503e-04
-1.810662380093530643e-03
5.902674155537912526e-04
4.841164691054000713e-04
-7.078510459184172987e-04
6.578063319440108359e-04
1.138764205691478182e-03
2.291546126987897836e-03
2.814940898969719996e-04
-1.189471046778578511e-04
-1.489604652869180867e-03
-1.224858688181562627e-03
-1.113027149828527129e-03
1.134982781811677555e-03
-3.909967737882880101e-04
4.727307109320122436e-05
-5.585825137712774335e-04
-1.772712903537199125e-03
-1.520749720869130073e-04
1.672586757555105663e-04
4.217698665374136624e-04
-1.092974671253577057e-03
1.756417799152476533e-04
-5.237846208832053208e-04
-5.810227260347744505e-04
1.017361082449763643e-03
-1.224846266454360233e-03
-3.538180339712759803e-04
-1.630506087449967723e-03
5.128441291721852480e-04
1.081570836734213614e-03
3.682341071013617295e-03
1.832897917122267017e-04
6.637363717458821810e-04
1.488251922836969499e-03
-9.208340729598418761e-04
-8.087440120247979536e-04
4.818811186528826340e-04
-6.497974946406692709e-04
3.454888916596399184e-04
6.617560124331234306e-04
-5.783353614541297816e-05
-4.186177745530983429e-04
9.515307805594286350e-04
-3.824737429807267830e-04
7.813586071181433113e-04
-6.215859992155792213e-04
-1.602053276865245124e-03
-1.394171490916695788e-03
7.359471331374045633e-04
1.610906099869247043e-05
-2.665012562683699571e-04
-2.870509208540594770e-03
-5.247431863675267039e-04
1.047546066716975588e-03
-8.400513718587188094e-04
-5.971733839216231132e-04
-9.879324079680174009e-04
-2.428459690571038720e-04
-2.956565709681946430e-04
7.645371811297874132e-04
-1.292024889048670744e-03
5.697708362275566429e-04
4.225254888277074627e-04
1.005335946258956170e-03
-5.315266230585535823e-04
-9.621352902198232471e-04
-8.434414371720766468e-04
6.854779037990255119e-04
-5.933706558680640342e-04
3.931694067513813451e-04
1.130574182146570905e-04
1.646052835042599582e-04
7.734538554151626499e-04
5.657847238955682201e-04
9.190075434968303369e-04
1.435598845024754766e-03
-2.009941104373025311e-03
-2.447776205160456797e-03
-1.813786197257138966e-03
1.450962916171416595e-03
-7.881292036686637914e-04
-4.932603085820996824e-04
-2.443818854123813722e-03
-2.314608052020883378e-04
4.400954611567531316e-04
-7.152849916740589009e-04
-1.140675866567741892e-03
3.647275235258984338e-04
8.464439953874691724e-04
1.828021732026785529e-03
5.949994875553699103e-04
-5.304726171921902989e-04
2.186697374506607616e-05
6.516502179922945004e-04
-1.076877117152097441e-04
-3.830299789495672513e-04
-7.431685167671453485e-04
-1.420101835856169004e-03
-2.479098386682032640e-03
3.724110727136853427e-04
3.274791380951658226e-04
-2.695808243231567758e-04
2.665807254498275825e-04
3.375736360866632424e-04
-1.047755242498560335e-03
-1.678651741644943129e-03
2.136164237258597609e-04
1.394486225136715163e-03
2.101461252426162218e-04
2.479313529951454598e-03
1.490885597970059706e-04
8.093962288036049557e-04
6.311892538428676147e-04
1.036750184987278445e-03
9.877727747205078401e-04
5.235450893632531688e-04
-1.165159390478454071e-03
7.347266481472214394e-04
-1.211619160283339269e-03
5.826468236986848126e-04
-5.973873805793505909e-04
-7.639953778955099750e-04
7.449681073432579126e-04
1.214068934674017441e-05
-1.440764946537997915e-03
4.232481203845228634e-04
5.548358915443696304e-04
-2.647088639755601491e-04
1.790628256244097827e-04
-9.643287436893466236e-04
9.316656160320846425e-04
1.106669142797667149e-03
3.898154272889975402e-04
9.069361694380440042e-05
-2.701655872785480028e-04
1.870724740784313056e-03
-5.025403668015293590e-04
-6.090209603708540698e-04
-1.103893101421782319e-04
-1.489091367498085461e-03
-8.604312922313450684e-04
9.968784370346650547e-04
-2.172421460495677081e-03
-5.807337253667110843e-04
1.618890617243629038e-03
-9.226617898330236045e-04
-6.479477553418266922e-04
-6.430877693659464711e-04
-2.999164063345327591e-03
-6.591328332747892205e-04
-1.176928521684272866e-03
1.810521182818991548e-04
7.133603984408320997e-04
-1.614618048883853518e-03
-9.564280080784914873e-04
1.461241273313040878e-03
9.641422586279535523e-04
-1.562378194667202180e-03
-4.761353577698024253e-04
1.882546668008355795e-04
-1.043151321921120811e-03
-3.191720584492241386e-04
5.119413919261184276e-04
-4.236077576162955438e-04
6.910264869304238999e-04
2.900444135804924883e-04
-1.989244604760909141e-04
8.085360827299048481e-04
-1.433920754050355129e-03
1.674105021375993374e-03
1.146359985795264436e-04
-1.641175325614252500e-03
-4.395200959281808650e-04
5.302965643529944373e-04
8.701244754034664908e-04
-4.949242929088715215e-04
2.815391141492096239e-03
8.414925356892144492e-04
8.246917322090041580e-04
1.466783044588693130e-03
3.985811805933270335e-04
-1.023687695497876859e-03
1.078212829547675611e-03
-4.597463346434071951e-04
1.001540850935178639e-03
-1.155609798741519256e-03
-1.579561628828551889e-03
1.704400215767787330e-03
9.959772954275525336e-04
1.073710281173312353e-03
1.244910293229928300e-03
1.185851343150634563e-04
6.207294080140535186e-04
1.591326992762320813e-03
1.870634629808742844e-03
-5.125401939922724637e-04
-9.255526466422914211e-05
-2.539066728494132619e-03
9.297712017861670120e-04
1.536432206399318545e-03
1.859033490489991891e-04
-2.367823613480535272e-04
2.132288772469514981e-04
4.513846703675383765e-04
8.902372277508341369e-04
-4.231868398574256673e-05
-1.339836438953856401e-04
-1.641840394943638870e-04
-3.987570322474542905e-04
-9.523905976629443160e-04
4.062048418889130375e-04
1.931851468671696992e-03
7.243065150972505251e-04
-2.956587838187640926e-04
-1.408722873210477289e-03
-1.554425250174240603e-04
-5.112207467439233710e-04
-3.214218868368146076e-04
-1.391288432875281700e-03
1.889008086717325341e-04
1.010900140099302291e-04
-5.676371233775956426e-04
-6.767543391978936285e-04
3.533575737333372047e-04
-1.068726576817669027e-03
-1.160564413044795629e-03
1.602882508620950830e-03
-2.175744541448310088e-04
2.587433088845347839e-04
1.304420535148675953e-04
-8.707033086039484004e-04
9.206504326515485559e-04
-1.434986574884167254e-03
2.900184824015550333e-03
1.160514446137295153e-03
1.844630823941706410e-04
2.837662666270723832e-04
1.216576325988816265e-03
1.423425738440453614e-04
1.047313000630767377e-03
1.196287244527027838e-03
3.004204265752985492e-04
1.355785706971257554e-03
9.749076220757491029e-04
1.057945718524022638e-03
-7.508971265492991876e-04
-3.047345134956636059e-04
-1.524307649360956418e-03
-6.575175861731619165e-04
-9.789773299802018158e-04
5.231923596693555112e-04
6.691298877679052737e-04
4.040951702775075205e-04
5.137643614547826587e-04
7.522555615300241527e-04
-3.762699462972474151e-04
-5.496439362249194716e-04
1.169528314642453992e-03
3.284108946042252342e-04
3.442743969905848189e-06
-2.912362450779859557e-05
1.081143893752356533e-03
5.861011108276859005e-04
1.939216804655474746e-03
1.182865980859926225e-04
6.486278221180530323e-04
1.255367565574649902e-03
1.162110681252936928e-03
-2.141898051803980962e-04
3.645910902294602352e-05
-1.751515450441054611e-04
1.281920389262447557e-03
-1.476443146366746006e-03
-1.171298389660568873e-03
1.613415479656987728e-03
4.710645984833394806e-04
-8.107505007959314725e-04
3.009434698237889450e-04
-1.219282941985699864e-03
-8.752845303439116265e-04
7.100867781026920511e-04
-6.394378311913584412e-05
2.402201729645447870e-04
8.858964199311980536e-04
-1.289359208971330162e-04
-6.156389971399001126e-04
-1.532999952558622425e-03
8.750368169789801698e-04
1.704322962794435625e-04
-2.200446293018742949e-03
2.103014510859368968e-03
-4.151657169590983187e-04
-1.038174375084910395e-03
8.824924261017219607e-04
1.254308308338059064e-03
-2.026006228790233621e-04
9.790943837391097304e-04
-1.766126071304219280e-03
9.102434844443507700e-04
1.610986253255619616e-03
-4.601848944196795799e-05
3.568738943966476285e-04
-1.424980728017333220e-03
8.071577461741252790e-04
-1.978911628129464972e-03
-5.673569736468486724e-04
9.559232655340643703e-04
-2.776132491451033246e-04
-1.142494271844096687e-04
-1.141873838031770561e-03
1.843545620922926176e-03
1.624237839363606994e-03
-9.742147605531492616e-04
-5.541444555117180926e-04
-9.684981697093419939e-04
1.463469567417607919e-04
-1.451723857318842903e-03
-3.278690801631345408e-04
3.837596049269809129e-04
3.145080535876365602e-03
2.550392079726293559e-03
-2.354793560854773204e-05
1.710723908910471991e-03
9.395814059920404304e-04
1.233768852698435836e-03
9.951154235983139529e-04
4.174106524557075204e-05
-1.861964903426827078e-04
-3.579444433543521598e-05
2.994119581023468868e-04
6.073257216172578410e-04
-3.030358787499132234e-04
9.132473128199425361e-04
-1.216897602587252436e-03
1.050299441092583663e-03
-3.593064757814179444e-04
6.768441953708403958e-04
8.351415465148726014e-04
1.525176473771150398e-03
-3.366235441506493231e-04
7.346647800470229583e-04
6.748448646842764020e-04
-1.144615426932338309e-03
1.668143551112333256e-04
1.205823730216826206e-03
-1.032699216458876634e-04
1.088184594920882375e-03
1.687097731290387870e-03
-2.399565223432098549e-04
9.193515555279141438e-04
-2.468547319884883962e-04
2.186256287488586025e-04
1.554981097928287426e-03
1.813727670364695399e-03
-1.313816480108531692e-04
-2.033403653781018505e-03
6.509815866391210903e-04
-1.261904256441015448e-03
-1.518510891325819401e-03
5.512274237544634303e-04
2.932697179707233204e-03
1.758445389539842196e-03
1.337016549575187341e-03
1.210388328237499422e-03
5.462425835811579589e-04
3.273717572429557521e-04
6.303766149498013505e-04
7.118210732710572586e-04
4.767713446380827946e-04
1.393021510613046132e-03
1.920402728371017886e-03
1.003874886777555986e-03
-2.461804839535286504e-04
1.640078092655761210e-03
1.201470652507197201e-03
1.812818683202488401e-03
-1.555367999502621501e-03
1.638653794089339755e-04
1.754686810917061024e-03
2.395150322523464936e-03
1.267520025183266341e-05
-2.506584008470369440e-04
-1.575888447556961225e-03
-4.536864714321797720e-04
-1.177186065544066906e-04
-1.766441765704840350e-04
1.285824763574749952e-03
5.439826953483883898e-04
-1.326991646709130279e-03
7.475989907963498382e-04
1.251876336671120526e-03
1.260852375322363272e-03
1.558661619397216924e-03
3.202506866055720991e-04
1.938122023290356211e-03
1.349725905784859847e-03
1.569754192614070121e-04
-1.357895300861944321e-03
-9.046733271755869055e-05
3.351311721309091496e-04
-1.030932661996164512e-04
3.557394929596391364e-04
-3.902539926325943043e-04
2.571825005113215212e-04
-2.360103112381883861e-03
4.377305490832483770e-05
9.852019193894445692e-04
1.864679049418560552e-03
-1.469983032157617941e-03
-1.084918155206837653e-03
-2.531843571017322603e-03
-5.162034959522721067e-04
7.654572723818642288e-04
1.757629890790202154e-03
6.151284851192428960e-04
-2.619031331032584120e-04
2.936912757129928053e-04
-4.525579767264975573e-04
-1.223095951390362757e-04
-9.869748245736609249e-04
-8.097138061304853807e-04
-1.997131706068522305e-04
1.082071088184255458e-03
-9.206700870898476552e-04
3.575377594899897815e-04
-2.402991959804534616e-04
-6.233879673760434059e-04
9.692135188510420107e-04
1.204886579187824935e-03
3.988970341943787190e-04
5.186795020395429390e-05
1.242285750259197741e-03
2.810681238818446559e-05
-1.213079557581320245e-03
-1.991758637918117358e-04
2.319234738156872311e-03
3.610431515848055994e-04
3.220712795910518622e-04
-9.986196256988044695e-04
6.518607425118894128e-04
-2.904656054864673820e-03
-5.101569045113940604e-04
3.978745558306240326e-04
2.918203312463063526e-05
-2.348035465655984311e-03
8.107404591697342511e-04
-2.137014821106397733e-04
-3.093164704879303173e-04
5.984398669696133766e-04
-1.245273055314966015e-03
6.634552589153130953e-04
-3.454353196307824447e-03
-4.481100089930301067e-04
-2.575636469251740834e-03
-8.417289451967402414e-04
3.509224468332128311e-04
-1.095584247039482761e-04
1.338020613587342922e-03
-5.150992493507811076e-04
-1.004227242872079984e-03
-5.665481711538689069e-04
1.093532650445760979e-03
1.357356112730911946e-03
2.196298411141883733e-03
1.032329697847611527e-03
2.971644411586815693e-04
1.989922337973570876e-03
-1.139267900936102862e-03
-2.786360305022217432e-03
-1.294230061119616693e-03
2.310745511313605505e-05
-3.840027836357062796e-04
-8.037203930364444915e-04
5.925638181369929924e-04
1.816247821726513223e-04
-3.989920638765021010e-04
1.262746993221375291e-03
1.209537292623075189e-03
1.235423331983787065e-03
-2.026920400155507451e-04
7.742398950405515734e-05
-8.940716639331824922e-04
-5.352447265412063615e-04
5.627052401324661446e-05
1.099624570228829867e-04
1.218161659845007350e-03
-1.030416446605064706e-03
1.742450298729103508e-03
4.612386786491118329e-04
1.209365901020831302e-03
-1.444413750080197900e-04
2.466870902562146028e-04
-1.090996398339427742e-03
9.815735481413234709e-04
1.667582134766920632e-03
5.122917332971432813e-04
4.017221853409580490e-04
7.498572613440224188e-05
-7.435857503528264800e-04
1.910844857397897556e-04
5.855727886145967176e-04
-1.260140408366527964e-03
1.924310223389014141e-05
1.590521216923379555e-03
1.487881736427887347e-03
9.249186659576746905e-04
7.415565798021273025e-04
1.987828663142954255e-03
5.236162763038176848e-04
-1.230583861491441056e-03
4.311620380126335306e-05
-8.956196917841996452e-04
7.442093193594789824e-04
8.424949540577486573e-04
2.031058738631630334e-03
-5.270702286335193776e-04
-1.650795961911422083e-03
4.612567225406039029e-04
2.556243369672639432e-03
6.895329690776996756e-04
-3.178751794252754337e-05
-6.873437652912262052e-04
1.238613775756292057e-03
-1.092668533991147939e-03
-6.118009071442997993e-04
-7.508354062191191503e-04
9.053837633372641136e-04
1.682618526980927953e-03
-5.630979888016085511e-04
-1.299499802295711604e-03
-2.014655868873838074e-04
7.263310050231730486e-05
9.775053954739210127e-04
9.715109488523943071e-04
-2.084946812999088905e-04
-1.005247773562256697e-04
-7.461183106145519162e-04
6.384872819216180773e-04
2.551830736488014395e-04
-4.909900085037222084e-04
-5.310089609893431373e-04
-3.741351189128216959e-04
-2.181789099554576339e-03
-5.872755965288245505e-04
-6.917341059502479794e-04
4.955097651577755613e-04
-1.472352001492094331e-03
7.961950880608359427e-04
-9.534536710622543154e-04
-1.124335332147730071e-03
-1.308148723715207851e-03
-8.723312263609894757e-04
3.628141260527684153e-04
1.044224562593898398e-03
-3.154181703153291494e-03
1.485173149313734342e-04
8.693095377561022019e-04
-6.162749311049431356e-04
5.069770499277481690e-05
9.908800585036736663e-04
-1.953084819452222121e-03
7.075323569596392304e-04
6.777463529383798146e-04
4.141319396864240332e-04
4.461682876122363695e-04
1.650206619863148205e-05
-1.248722317247707991e-03
2.483097033740833126e-04
5.966855535106674324e-04
2.087630473559531907e-04
4.177427855611703933e-04
1.871381107076963701e-05
9.790436855723338994e-04
-2.675388570529957377e-04
4.853264378175126126e-04
1.180252568386830347e-04
-7.482136522662941047e-05
3.154329907957276191e-04
-8.806094566806699220e-04
6.077609243115844606e-04
1.105403667449156302e-03
1.177011950584061495e-03
2.819055601128717115e-04
1.103201685204835414e-03
1.318356927812347479e-03
2.636679657651574971e-03
3.002670649530081448e-04
-1.713336986397528960e-05
4.499088309615206782e-04
-4.443166914507301613e-04
4.807833125177740641e-04
1.282146776360182372e-04
-3.478759376829287930e-05
-1.607518932134066603e-04
-1.077686298734725767e-03
1.938567051277706454e-03
-1.200714934223023889e-03
-9.848258884095351107e-04
7.139698556066775836e-04
2.500651482217897126e-04
-1.455217143966347493e-04
4.624147443830217696e-04
-2.614915714056476048e-04
-1.535321629478003658e-03
-2.668437442259197212e-04
3.687690711950963873e-05
-1.025592406689757041e-03
-1.640364586910081357e-04
-1.276784396988750458e-03
-1.681565828437481258e-04
-8.433353136172438980e-04
5.676166134662707918e-04
6.954390873130655848e-04
-1.075194075309982011e-03
-1.062847039380310221e-03
-8.101316972861649646e-04
-5.262690812459780432e-04
8.265423591118370439e-04
1.131985823309644701e-03
-4.156958577561375989e-04
-9.858689308155366149e-04
-1.308413504053751453e-03
9.763831616211859910e-04
1.489133609026582761e-03
1.243224647213825307e-04
-1.318791298001942280e-03
-1.075279481374868951e-03
-6.111002354125538716e-05
-1.349440661455592050e-04
1.457907533486402230e-03
1.199815560392059055e-03
-2.913949256257986065e-04
-2.364101394778383991e-04
-1.566154862729485231e-03
-3.576279841249752067e-03
-1.305810747891378298e-04
3.417685046380736225e-04
-1.099440687383879123e-03
-2.684326291382266305e-04
3.521453654569128844e-04
1.434770606572044471e-04
3.133293447983076518e-03
3.768300370143862210e-05
1.360737971480174835e-03
-1.944643004190282909e-04
7.112152688928397026e-04
9.139563339841672018e-04
7.856122488538730408e-04
1.006326614841013267e-03
-5.683100588531608821e-04
2.300281290337213846e-04
-1.261931958151052413e-03
-4.274669377206663512e-04
5.190295339811967779e-04
-1.287674000889360570e-04
-2.547042962053325255e-05
2.170625457086572396e-03
-1.494558513036592373e-03
1.206167716345740715e-03
1.026043734382975359e-03
-7.671666223141304641e-04
1.686404702103239117e-03
-4.290818055554534993e-04
1.230753001841611294e-03
-1.310805112393120808e-03
9.034664104328182788e-04
5.988776314354016250e-04
4.072495499478634429e-04
4.205803575549893480e-04
-1.775778080166379169e-04
-6.848409216773099217e-04
-5.926617901836905844e-04
5.509264740644059799e-04
1.518947593646347016e-03
-1.774082828673861911e-03
-7.010647308054451798e-04
3.126763845435753808e-04
7.221243833652746247e-04
-7.277278906272499626e-04
1.418936122158376278e-03
8.117734879573568207e-04
2.594523631240797101e-04
7.604522459190299344e-04
1.014624507395200936e-03
-7.310365560564413556e-04
5.130510247086661479e-05
-2.625786916383709979e-04
2.690964296838682657e-04
1.345862079861648297e-03
1.301736461795766076e-03
5.459198140600474147e-04
1.806158684614755927e-03
1.277355060978369039e-03
-5.627208902314606576e-04
1.166694675234225542e-04
1.606216822900297103e-04
-1.265145519647292716e-03
-1.424230195197218052e-04
-9.481748546702473135e-04
-3.788122069130483993e-04
1.438401901659558391e-03
-2.080494935821963765e-03
8.331716376162034976e-04
2.186338902430140507e-04
-6.801646554919216214e-04
9.317273423823380085e-04
-1.170735596067506989e-03
-6.512040461554846615e-04
2.247839411742891258e-03
1.695378850858908493e-04
-2.406804650232352571e-04
4.363256844974738868e-04
1.009825691005605819e-03
-6.102076564122871360e-04
6.319420507461259717e-04
1.751583324766992078e-03
-1.629008619672411839e-04
-2.844436351175705369e-03
-1.376394421641613519e-04
-4.885982904572205854e-04
1.148959107118985301e-03
2.447650551555824450e-03
-2.238659875053450321e-05
-1.251418430900930190e-03
8.447369453770114944e-04
9.587941954181111726e-05
-4.612721124483964985e-04
8.062598027636092013e-04
-7.444976009256532024e-04
6.007853419671693729e-04
1.397092167987334932e-04
-6.853046863364298247e-04
-8.034469375273189939e-04
-1.500046077973937741e-03
-1.144981393716104634e-03
-1.389087442870140521e-03
1.423337849102201957e-03
1.311857751263190153e-03
-8.471887207741612968e-04
1.784854294359927707e-04
2.037973031243645039e-05
8.749095047200228237e-04
-7.587279849201600257e-04
6.748147773449897358e-04
1.236973886649783694e-03
-1.962284296040506248e-03
6.758089283276369486e-04
-7.399524541285007473e-04
-1.510248075885733954e-03
2.656501635533548011e-03
-8.111458959771944421e-04
-3.709379167309290182e-04
1.803639485985053525e-03
-6.666689139553927390e-04
3.020370682769168980e-04
1.666512600105418684e-03
-5.833266447567986290e-04
-5.480323339586146147e-04
1.740550071031687906e-03
2.008439566527631115e-04
8.224642243055413360e-04
-5.039004768776500498e-04
-6.310839618173247345e-05
1.317445103714565136e-03
-2.829967158095580970e-04
1.774354883490314450e-04
-1.150304252379719117e-04
3.451943868912898949e-04
1.648271505891640842e-03
-1.108427340981155140e-03
7.604311769826566092e-04
-3.842568243772603864e-04
-1.014996257871381147e-03
-8.302630261083354668e-04
2.626871720155632417e-03
-1.120434532847935927e-03
-7.054679812514841331e-04
6.469127639769922666e-04
2.079227284770279738e-04
-5.187089126696964314e-04
-6.995002365524083388e-04
-9.412921415536956715e-04
-1.684727271702657347e-03
2.113863147068517634e-04
3.292798237930494309e-04
-9.598299998858639270e-04
2.395173443250353529e-04
-1.532007356266351650e-04
3.030463986195552906e-04
-4.698763015216211869e-04
2.096714308480018829e-03
-6.242545866337323446e-04
-5.602713242944812322e-04
-3.572542875152073805e-04
-1.250066422467277505e-03
-8.113116580967805191e-04
-1.646693513397634590e-03
2.343512338178532772e-03
5.510340800263247019e-04
-1.618252861168567591e-04
-6.711257494591560402e-04
2.353179526619619821e-04
1.108321681760227051e-03
1.685418118704262724e-04
-6.474341456375043435e-04
2.260799673492464024e-04
-2.864878819996974357e-05
7.145741894798440796e-05
-1.111030050122696622e-04
1.588084315768956145e-04
-9.850945207163785966e-04
1.189784418490713591e-03
-3.683754228440694334e-04
1.490652168418815648e-04
1.667042002820418034e-03
-5.958040218367877117e-04
-8.983819478500798539e-04
5.226341653410404575e-04
1.549466486343353822e-03
1.092123691786017758e-03
2.076084859935711791e-03
-1.964093768271890639e-04
1.017291098914352432e-03
1.018559065600443958e-03
5.844464361233203675e-04
-6.251058694273226024e-04
-4.907438249979190203e-04
-9.217192173913701936e-04
6.223247149175215043e-04
1.390838099383673310e-03
-9.192194549823007321e-05
8.536742972495847681e-04
7.409380882388294509e-04
-1.841124836599927761e-03
1.438620825262804104e-03
7.573035959631546632e-04
-6.613764165837032749e-04
3.366094168548716681e-04
-1.921419036832183735e-04
-2.288227877400572652e-04
4.951720507297974194e-04
2.080498827804033724e-03
6.309626232812171054e-04
-7.749650265409524508e-04
6.076035199200635617e-04
4.188027834197693977e-04
5.746078979194102487e-04
-1.663050693041512318e-04
3.109858386511898942e-04
-1.388344088854909231e-03
-7.562567824934696148e-04
-4.490176318370231456e-04
1.467821528804424958e-04
-1.586087050672535526e-03
8.901812877957215875e-04
2.293436849407637368e-04
1.203453516992691874e-03
-7.412548635947757703e-04
-2.385567300375868172e-04
5.348165203904464704e-04
-6.541562215867102736e-04
4.146205641613054382e-04
8.906029157218497971e-05
-5.843452328362364057e-04
-1.589494251375223044e-03
-4.399019399685677456e-04
-4.741210687284613812e-04
-5.211743122248702065e-04
-2.874840429312186529e-05
1.355788903479648866e-03
-8.265221301362313255e-04
-2.048412857733605819e-04
6.322860626188919753e-04
4.844590675978643901e-04
2.497859511607192218e-03
8.655250926612456652e-04
-9.077254821983071764e-04
-3.761599629676926071e-04
-6.595718867634658977e-04
2.450905373794887154e-03
2.452410062511622968e-03
-1.442594804940355857e-03
-5.344272931726568032e-04
-2.958713853640215774e-04
8.404308256755310680e-04
1.224023449242217509e-05
-7.340130874251560300e-04
4.087197658875219020e-05
1.975383836670285831e-03
-9.836950718562498253e-04
5.272324089384827772e-04
-3.625788188863499073e-04
-7.836290636886733552e-04
2.311497636280357426e-04
4.574927299971776051e-04
4.967204931294322279e-04
5.133795884280090149e-04
1.382231081093143743e-03
5.467636580676060731e-04
6.309715825858486227e-04
9.891105019850243707e-04
-4.259217103630419388e-05
4.110432638118055593e-04
3.440110434342891210e-04
5.554185778677833696e-05
1.996361282087022460e-03
1.243136206511508135e-03
1.550220769092724993e-03
-1.033829276022579791e-03
9.399965505205720717e-04
-1.386134779423064955e-03
1.917236211172790306e-03
1.804077257000491485e-03
-8.425558024049983885e-05
8.259932230842981227e-04
-1.286203023198595474e-04
4.470244187184668760e-04
-4.999241892111871977e-04
1.191701874933448480e-03
1.183313533465568668e-03
1.859936751335444782e-03
8.953766553523312410e-04
-4.016052806758985128e-04
-1.224680356331608877e-03
-1.995314000813763755e-03
-9.163540942851433613e-04
-1.223131163019530732e-03
-4.647108091733187507e-04
-1.352899201785273675e-04
-1.540801000016855937e-03
-6.268199528836060352e-04
-1.953241883495548947e-03
-6.348781595173491610e-04
-2.198862068165663430e-04
-1.570352267029173632e-03
1.782327835493369150e-04
-2.222795912482977698e-03
-3.789060743939476339e-04
-1.535538339177744405e-03
-8.318599408312365995e-04
8.271225309921526048e-04
-9.841779748738233025e-04
-2.482199368094573089e-04
-7.182963787155660640e-04
1.011950191064370230e-03
9.001558861783109933e-04
5.717142915782069679e-04
9.408809547160057463e-04
1.495504046253426367e-03
5.247824241776388732e-04
1.591653752950117351e-03
-9.568619925157673123e-04
1.065469123927798023e-03
5.870344140055383519e-04
-4.756883602867745253e-04
9.899392715995158909e-04
-1.238031477244883050e-03
-5.904668280121150303e-04
5.976500625659575405e-04
-1.321711774958878038e-03
-1.223238540268845043e-04
-1.592291756205010955e-03
1.616128884542211708e-03
-2.236698167471518062e-03
-5.474288344125000094e-04
-5.020730416052110456e-04
-5.443827801285827661e-04
1.203959803358189973e-03
1.657543886286472201e-04
2.147056553349901975e-04
1.212470621335670629e-03
1.816462980394728532e-03
1.930160260940283479e-03
5.987294915013041674e-04
-1.376111496247389709e-04
-8.752748465881143858e-04
4.724368443405069229e-04
7.068544665849163522e-04
2.365659004359699225e-04
1.251762612614948367e-03
5.143268669891565281e-04
4.089879258499795611e-04
-4.834501666053370172e-04
1.196236605569556133e-03
1.823674622225990305e-03
1.320841500985991956e-03
=======
-5.324891318421176578e-04
-9.908903990827333530e-04
-1.549881179064405146e-03
1.897728409289367590e-03
9.306588435182838737e-04
6.165068799444117786e-04
-1.509754537840413136e-03
-1.356668377855640983e-03
-1.556792564395337308e-03
6.065152330938516911e-04
-9.121607937245812536e-04
1.266078636750656017e-03
-9.410623712828858345e-04
-5.890916430040249452e-05
-1.003649184053267973e-03
-9.222904868790848809e-04
1.462778182233614999e-03
-2.527396808121418204e-03
-1.763117679300263418e-03
9.590654666191689159e-05
-7.902521703258003072e-04
-1.038078943988773872e-03
1.099836239937257432e-04
-1.343433510880842618e-06
-1.549012829247020662e-03
-1.439349553161717310e-03
-3.875952718146447040e-04
-1.811211071378604487e-03
5.513540189270305092e-04
-5.244262652872588859e-04
-4.850836771279620763e-04
1.170043231518480553e-03
-7.934895729280189158e-04
-1.801517445962907971e-04
-3.454155729354368987e-05
-1.628382086903856774e-03
-1.429449890090639386e-03
1.946313625504902944e-04
-8.812395397030936550e-04
1.330102413687805907e-03
4.875107083577301381e-04
-5.026082981340884714e-05
-8.637992259423743491e-04
6.122383141216047875e-04
-2.524877303211603419e-05
-6.214198130227721606e-05
-2.019418811165518690e-04
-1.307396602103771954e-04
-1.426173148308951255e-04
2.511870805819160779e-04
6.203497844881056267e-05
-1.374614435952103975e-03
-2.987628721045076929e-04
-3.671053305533966693e-04
9.980603367734097731e-04
-1.542405622356080030e-03
3.706245533161567351e-04
-1.107731736733619243e-04
1.509063785258835111e-04
-6.731516180791263793e-04
8.287157639814690668e-04
2.786704274027052008e-05
-5.694860179161764790e-05
-2.848523833214322565e-04
-2.886279450982742745e-03
4.282697635125121138e-04
1.305022051292903384e-03
-8.879790608595783397e-05
-3.224398575383258247e-04
7.255941691131084781e-05
-5.941203740289502377e-04
-1.009734693431463270e-03
-1.087573078741632671e-03
7.507740795189565830e-04
-5.332666045971823365e-04
-8.096366650112152286e-05
-3.483850199150761995e-04
-1.257136227623689706e-03
1.470246825840959559e-04
1.430622472442744098e-03
-4.472012837553052123e-04
-4.645511902199306320e-04
7.624305995728164476e-04
1.955954497394607472e-04
-1.479220774160294738e-03
1.454105819898687812e-03
-3.274694615917894680e-04
-2.991411672096155883e-03
9.825983945255245544e-05
6.734643493806480308e-04
-1.505990401790224809e-03
1.766571891463453170e-03
3.157889397553681476e-05
-3.807959568846719378e-04
-7.795183150527407179e-05
2.929917140537252607e-04
-1.701292991669323129e-03
1.703687628729078085e-05
1.173320366580021812e-03
1.084789674935304760e-03
-6.578691633716271525e-04
8.475173407547220705e-04
4.304363340734695953e-04
-2.515630139433566725e-03
2.941267221130416942e-04
7.495219344002546080e-04
-1.070336314618502982e-03
1.242508642370854233e-03
3.839083660670539189e-04
4.188204809114637328e-04
-1.337332657638246047e-04
-1.942732517269396553e-03
-1.592034910057771313e-03
-4.856710938112573928e-04
-1.569499722293699051e-04
2.005038558317018271e-04
-3.722740128686563565e-04
9.697966276296376975e-04
1.357774613515383422e-03
-5.078994490892441149e-05
9.839153582553716859e-04
2.173090584245418455e-03
-2.926295104010101511e-03
3.232952998588611848e-04
2.933282773676104682e-05
1.104093566565600426e-03
-1.063290479731415772e-03
2.656887916223205082e-03
1.522114445470457156e-03
-1.018965952204187175e-04
9.834698111244044583e-05
6.300933740610581424e-05
-1.561014772059277078e-03
1.043150953485838528e-03
-3.337664389146954846e-04
4.119712029537758724e-04
-6.634512899561517685e-04
7.803280497098441515e-05
-1.143695055084492651e-03
-6.357451012177772753e-04
-6.633839402538921348e-04
7.272624555019202575e-04
-6.341302938168702497e-04
-1.696236199613565532e-03
7.508300099754450230e-04
4.201347839065672218e-04
-1.715589130850680988e-04
6.398080526135441204e-04
-2.128362645970494071e-03
-6.699759536781257907e-04
1.391721359966346938e-03
1.454974818975607320e-03
1.614116887649341692e-04
5.707477246521541758e-04
-4.921248773965825052e-04
1.466755530917129846e-03
-1.119577429506968258e-04
-2.276478816342297762e-03
-5.164245030626624100e-04
-1.725734724009386767e-03
-4.233219188090053819e-04
9.594631410474452338e-04
1.133912274492887562e-03
-8.597705081929696291e-04
-1.731797027682002721e-04
7.697574233862525261e-04
-1.647197798894106668e-03
-1.563589699635770103e-04
-7.443262135835571058e-04
-1.412532919986775326e-03
-1.433343094787264960e-03
-1.024790688066712363e-04
5.252319371151781269e-04
-1.761816437093610688e-04
-1.306869387507347824e-04
-4.196894076549106956e-04
-5.450308310914753207e-04
1.233063380119414632e-03
-1.691167028071260958e-03
-1.220933619405784043e-03
-7.099099653928853115e-04
-9.074812381326680111e-06
-3.311729699615462152e-04
-1.389714851996348699e-03
-2.551857173661353784e-03
-1.061904209990638392e-03
4.165650159648759399e-04
-2.512883097750107098e-03
-7.133598324500223242e-04
-2.803651512895966036e-03
7.105307910197922183e-04
-4.804081751452748961e-05
-3.132974700275736879e-03
1.516687390127335888e-03
-5.572206822668235304e-04
1.001225778076042516e-03
-3.636645346771771869e-04
-8.064388995649984793e-04
-2.343491122366092583e-03
3.634803103780281930e-04
-3.718189326932686001e-03
-2.047014262256396933e-04
1.144726910402571463e-03
-1.224283716292795532e-03
-7.420208723154519959e-04
5.210349538609104769e-04
-7.934461800562786493e-04
-1.433784711109886700e-03
-2.244995619870460146e-03
-2.031620087780128259e-03
-6.945164108949075654e-04
1.610531379711899191e-03
-2.129471835668805824e-03
6.943409878901185550e-05
-1.144165080146697377e-03
1.738920245916819596e-03
-4.530384047949365112e-04
-2.508238172026056034e-03
3.305616578581638265e-04
3.449383229450209143e-04
1.763788109288011441e-04
3.433425854360017127e-04
3.116264040814442637e-06
3.609498563217350409e-04
1.174077464561662509e-03
3.287354999634839459e-04
-1.170328104490581111e-03
5.754989654198627846e-04
1.827161584435632591e-04
-1.504317814422062582e-03
1.369538068288322918e-03
-7.178432715209126513e-04
2.885578193247972933e-04
-5.254380765169486267e-04
-1.412453154126414034e-03
2.295524238658419591e-03
6.290944178584112478e-04
5.806962159193851392e-04
-7.392580417460159481e-04
-1.081361580695272551e-03
-2.111351196613320269e-03
-5.169795300541402128e-04
-6.836445746927211076e-05
2.854867338772937302e-04
9.121100081457278463e-04
-2.176247507601258846e-03
-1.299888993359976652e-03
-3.920345104391209645e-04
-1.511164096277495261e-03
-5.738349139430276580e-04
-6.430872095952722134e-04
-3.684206201606254893e-04
-2.253163930727719588e-04
-7.406604654833781609e-04
-1.616679807854293216e-04
-2.119231463944437621e-03
9.966144818245314951e-04
-2.884718675051356485e-04
3.105635442213205977e-05
2.981414505029311712e-03
4.870368153708781733e-05
-1.106166352681237086e-03
2.362511487421503631e-03
-1.169117769757921366e-03
-5.125435646626819164e-04
7.799478628847111850e-04
-4.144833083221666215e-04
5.962960063981004311e-04
4.562292114218546857e-04
-1.322040728228390805e-03
4.114048884418242125e-04
-1.677375117372870150e-03
2.891597396570411149e-05
7.501057751504447424e-04
-2.364008639381687260e-04
-1.144623293569901890e-03
-7.464611477436822184e-04
-8.251668579672966075e-05
-7.974825793439777044e-04
1.016751258593462381e-03
-1.015721350650533594e-03
-7.416419197037171784e-04
-1.269157045153290753e-03
-2.341124719869247528e-03
5.380638527483494471e-04
3.469739359280854529e-04
-2.552631049273612618e-03
2.016495665819961758e-03
-1.178935223102861585e-04
-1.311275154750157768e-03
-6.912328020778346627e-04
2.367525679907167557e-04
-9.596749928597603230e-05
-1.668001241215355535e-03
-2.189008447878615371e-03
-5.399968375623398487e-04
-2.828980261830871257e-04
3.632065508969439804e-04
3.924808933186696436e-05
-2.339930353498775872e-04
-1.242008674236849686e-03
-1.136184369584958276e-03
-7.668717376656530860e-04
7.136713914719372553e-04
6.186621575545725449e-04
-3.393155999391606059e-04
1.173145849097334548e-03
1.415450702781706482e-03
6.245632242116716526e-04
2.826100653481322666e-04
8.679835309211014760e-04
-2.116880877217619528e-03
3.336794136894472018e-04
3.263108181692508936e-04
4.130959103640918784e-04
-9.388150785958337963e-04
-5.086119571782177218e-04
3.327949100417892936e-04
-1.304839609702845848e-03
1.936328253338004401e-05
2.665814431483504165e-03
-9.233290501957647223e-04
-3.428115806691778289e-05
1.678238433648893135e-04
-8.077509253310299897e-04
-6.824404250482807299e-04
-1.108536733284148923e-03
6.574745336838105914e-04
5.943051281382949469e-04
-1.666056512215075003e-03
1.518986047290393770e-03
5.326382395520745661e-05
-1.023032588667316389e-04
4.648982911388266359e-04
-2.110190490213215142e-03
-2.787901558098937471e-04
-3.346119501217437175e-04
-1.377790278780155475e-03
-1.380265829377558262e-03
-1.456818797022307876e-03
8.281500392433027713e-04
-1.443140696986588978e-03
-2.049422164909442401e-03
-4.456463250550601884e-04
-2.163782194469998643e-03
-1.995251165120448533e-03
9.431761745903877170e-05
-2.414335676066414749e-04
1.395815454370286091e-04
9.949170372149929165e-04
-6.055409983753978764e-04
-4.638436485302488421e-04
-1.537836028206340799e-03
-3.111816614878470943e-03
2.247160039873685733e-03
3.299242214163111697e-04
-1.526397507172427837e-03
-7.567427951029603861e-04
5.632024997186402260e-04
-5.666841059979166317e-04
4.222890554084202108e-05
1.444280325362257145e-03
4.642034234505487689e-04
4.450666463284846941e-05
-4.345126091869211393e-04
1.075007094715862976e-03
-1.508986973730586101e-04
-2.269113227045149728e-03
-1.170585365380283349e-03
4.939719708469958448e-04
-1.266172066858084477e-03
-2.610616224147932485e-04
9.994784663369671307e-05
9.587536934674290023e-04
7.366769087491231716e-04
7.529508309569443725e-04
-2.100250777007373060e-03
-6.314415198269696106e-04
3.214142118146412486e-05
1.479681353462325433e-03
-1.743275672903443763e-03
-7.924152797631478506e-04
-1.522523270067743795e-04
-3.916071498366591186e-04
7.540261151526284067e-04
-3.559577398399849102e-04
4.681034946820705755e-04
9.217229068929633229e-04
-1.906572502223813359e-04
1.313454399698654740e-03
2.165968436007581488e-05
3.532991446220101750e-05
8.699551996027565792e-05
-1.863148450707008408e-04
6.548277275639780015e-04
8.164996962158888039e-04
1.624282412086075489e-02
-7.289325312951788760e-03
-6.082192334186942162e-04
1.760277946276644911e-04
-2.193552779616858572e-04
-1.937996059799829141e-04
-4.596172224080596891e-05
-1.755344822849336239e-03
-7.266993520493869596e-06
-8.839279443935144087e-04
-2.179069976405267894e-03
-9.584467635834759136e-04
2.077669831239692400e-04
1.020771883127657986e-03
-4.778212647327251261e-06
-3.662316993071623727e-04
8.518608477119382627e-04
1.441368716017521479e-03
-8.889727741889785761e-05
-1.242357554300799194e-04
-7.694664816737528668e-04
-2.805045299149933058e-03
-3.196492158865860134e-03
4.115972167104686719e-04
-3.615239038827766649e-04
-6.360769601050364486e-04
1.619168838484785766e-03
2.938618257184444360e-04
5.565646735592455485e-04
-1.208568218336258937e-03
6.541402289426123673e-04
1.863631939482468525e-03
4.494959690972688549e-04
2.572037099481949696e-04
-4.928542001034763587e-04
7.604509418679405996e-05
1.950619767633554602e-03
-1.384025698336399657e-03
2.364291966345355434e-03
1.627363061628361862e-03
-1.392249775113985066e-04
1.610719038163344052e-03
-6.859285081841637322e-04
1.042333274240414553e-03
-9.727936824468486066e-04
1.069560181975681701e-03
7.437266444823009692e-04
8.192353484697267874e-04
-3.400729129849899834e-04
-1.341641073117294525e-03
5.609745868755400267e-04
1.191110936674455445e-03
-1.694113564261856553e-03
6.878709371838098718e-04
-7.252801535755359907e-04
-3.266883544035259490e-04
-1.487745517513294757e-03
7.479981937361657174e-04
-7.048240727063337374e-04
8.111988293617589107e-04
5.560458760605069273e-04
2.328017588851816200e-03
-5.714102683429533869e-04
5.123581888313299970e-04
-6.704031744853011787e-05
1.795122136694082826e-05
-1.194720694103645897e-03
-9.858064345942274542e-04
2.979166748773298679e-04
3.374368889763612600e-04
9.459488320981979115e-04
-1.514593830341581793e-03
-3.411643122352980839e-04
-6.175225040516707509e-05
2.346483813904010063e-03
-1.962983722719746638e-03
-1.013719391451672891e-05
1.257128858060507781e-03
1.610874780462845379e-03
1.536427599657885779e-03
1.803490762393611391e-03
5.604028779935266158e-04
-9.609914001118546878e-05
2.771859618813099502e-04
6.513155675698101277e-04
-7.856051739683067581e-04
-1.050823788256272096e-03
3.672372232259579761e-04
-1.661455984908632999e-03
-1.565411209567546535e-03
1.146610703470329895e-03
-2.927364696589940252e-04
2.717250318844399715e-04
1.409457365358912639e-03
6.172846423895261836e-04
7.466186764846227675e-04
-1.019763814051888318e-03
2.064256796224350765e-03
-2.665689848195818001e-04
1.828340860350996522e-03
1.614815240885469905e-03
-2.488677176772924327e-03
1.686103194354249268e-03
-2.246176395481747079e-04
-3.264212412790179485e-05
-4.213851804251156352e-04
-1.007757075376369826e-03
-6.416532964914622994e-05
2.243527075636464474e-03
8.962116487924998154e-04
-1.695608303673434847e-04
-7.421931843196727385e-04
1.368108016475355626e-03
5.887825586248229826e-04
-8.989779800849806435e-04
1.475762402155966768e-03
2.940793297081523150e-03
8.392956667786499736e-04
-2.788017289698796475e-04
-1.713798146209422057e-03
-1.493005645138545390e-03
3.843080155292444289e-04
-1.228813607659251517e-03
-1.718753057808886098e-04
-4.061277421747444549e-04
-2.073787945425342727e-03
-3.705365670536586720e-04
-1.990900327988542884e-03
-1.592854267111754041e-04
-1.926933791089435744e-03
-7.136750018323922973e-04
-7.488419509373844818e-04
8.444474468702889425e-04
5.112335772368137299e-04
6.467587873490998618e-04
-9.733045413855556660e-04
-2.967811538732156862e-04
-1.548646539521802978e-03
2.592499614316956524e-03
1.481342872011071066e-03
1.183262865392498142e-03
1.476216875967439890e-03
4.341036447033097545e-04
5.850324814682394958e-04
-8.054526186709320967e-04
2.665971407858069853e-04
-2.246486087931209852e-04
1.020830262713712244e-03
6.210942459066171040e-04
-1.239082714789230266e-03
2.707994176887051907e-04
-8.696407275357032063e-04
2.601809442999147848e-04
6.507379554903103269e-04
-4.102031362169800133e-04
-7.197221737027525990e-04
-2.015728295289287431e-03
-1.131761790478247320e-04
5.026726042061113731e-04
1.396035533545170182e-04
1.046977863614850790e-03
-3.203308683807915003e-04
-4.963277175260571994e-04
-1.267639862066793910e-03
-1.616538884783746965e-03
1.003672663563826006e-03
-1.500237116720537500e-04
-1.655232755581659276e-03
-3.689411494627314880e-04
1.107233573935717530e-03
-9.422753126364646903e-05
-4.501925915987303739e-04
-5.728122965957815893e-04
-8.196357787513264270e-04
-3.993211739738988797e-05
-9.469744718388906080e-04
4.826420164605327301e-04
8.306992064088802863e-05
-3.933739582147044445e-04
1.481617302852678009e-03
7.725766450912274763e-04
9.485420461070592779e-04
-4.555734363800301168e-04
1.524350561848963892e-03
1.114003462649115761e-03
-4.669531128611570381e-04
4.073458224052028953e-04
-2.905885367636695804e-04
2.313301991452298978e-05
-9.561303708258694911e-04
-2.131413373958057633e-04
1.030314226506678921e-04
-1.827514318382794656e-03
-5.295286427642320604e-04
9.625509642883223194e-04
1.225900806154367473e-04
7.233118079108535881e-05
3.830810069902490511e-04
2.312852901320106014e-03
-5.316085082980315235e-04
2.151020128622338490e-04
1.618818829922208380e-03
-1.411046072273602903e-03
1.644917686850266847e-03
8.954203335376220707e-05
7.978877187844179986e-04
8.620183699692418600e-05
1.128435675536332283e-03
-2.174095842514933707e-03
-1.042267433549293187e-03
-2.197414459208513193e-04
1.601771166963583681e-04
-1.357808387737691191e-03
-2.518141395366768620e-04
-9.433857867544581666e-04
-1.443785381034956572e-03
7.924590674290854508e-05
-1.226469559837406464e-03
2.832712091516143005e-04
-8.751154330390864544e-04
1.046408392757047778e-03
4.950971521990865654e-04
-5.185100715077162192e-04
-9.838250319897934304e-04
-9.530073177899112125e-05
2.951726258106912582e-04
-2.817194920989862794e-05
1.461810360685378285e-03
-7.082942786518220402e-04
1.926217977463950959e-03
1.565439914830824009e-03
-8.712287254131201308e-04
-2.169101792267591478e-03
2.170862180057797630e-03
-3.900519601633956057e-04
-4.826520617531304680e-04
-1.047764601586953503e-03
1.509092218983099087e-04
1.987957409922636032e-03
-5.124858167393497865e-06
-5.538736721155679277e-05
-8.598027866237867300e-04
-1.343549141183952855e-03
-6.489597405752167703e-04
6.756900387658859586e-04
-6.874908398069035087e-04
-1.049442922632204400e-03
-4.954735809001853397e-04
5.357930458118609351e-04
-3.902923096517074697e-04
-1.075337188729541538e-04
-4.477415792416561402e-04
6.112832336921947274e-04
-1.312813375156096640e-04
-3.695880780003601984e-04
1.403251272575678499e-03
-5.894257078380427117e-04
-6.473558436268511684e-04
2.437716296488368073e-04
5.018586825664694828e-04
-1.457985702113973048e-03
7.169454685891363255e-04
-1.548964090540394523e-03
1.005920347891597899e-03
5.411898341991516759e-04
-2.229492138308364346e-03
6.197803604404139577e-04
8.748785248702262152e-04
3.334676120279045364e-04
1.339324977949196693e-04
-9.313843083420536573e-04
-1.179790762027899120e-03
-4.051160651254992473e-04
-9.063040668260136101e-04
-6.972828865698943446e-04
-9.053107608318899935e-04
7.341813001149333218e-05
6.564302405456245992e-04
-3.195836756431091885e-04
1.953848810628766586e-03
2.218266943080582365e-03
3.219795769502376004e-04
7.863399619503219640e-04
-5.463194439241370048e-04
1.915341892578137362e-03
-1.394588627924076008e-03
1.790847940552620088e-03
-1.053330697951881945e-03
2.547840715065863293e-04
-4.811913322984029406e-04
1.283133540280978480e-03
-3.036376425864517614e-04
-5.270249246653868624e-04
1.397706879628923815e-04
-2.161635954096130519e-03
2.011283798906138287e-03
-7.553234252528628900e-04
4.396344472181734631e-04
-2.744026958241274627e-04
2.015608558761705638e-03
1.468744345725081502e-04
3.174600002937566501e-04
-9.917291057468524684e-04
-1.548560675896926142e-04
-3.071860099224110741e-04
2.385516479530336298e-03
-1.181182810010339423e-03
-3.952462946521517750e-04
-4.595175887067703968e-04
3.675500211670623685e-04
8.597116589930120512e-04
-6.230307914494304100e-04
2.193242633675707154e-03
2.362604489307695843e-04
-1.251293069746806097e-03
-1.461207823171939424e-03
2.270501330674523643e-04
1.288374018151294820e-04
2.643937804056584184e-03
-1.036208718253162075e-03
7.805421571809301184e-04
2.067707711317590125e-03
-2.040086170036925495e-03
-1.181262236278346478e-03
1.096800403370679078e-04
-1.234584722802134493e-03
-9.128930802067003469e-04
-1.341276315625528071e-03
-3.718189990653542054e-04
-2.171140333924181931e-04
1.787826944831483189e-03
-2.067539617876645863e-03
-5.706844818069711778e-04
-6.634505661831102685e-04
5.360833167422640599e-04
2.542040388346045177e-03
1.183121267998910042e-03
2.339380873481733403e-04
-1.394170181703513478e-03
-1.240612030235954677e-03
6.827916907503617239e-04
-1.892852829193936159e-03
-9.565346090649740063e-04
6.272825278794691428e-04
-3.138713416455107819e-04
1.150570313745546969e-03
9.094094731469937187e-04
1.368157165399619402e-03
-8.000759846604754699e-04
-6.761390860106075706e-04
8.501053242548906042e-05
1.266016953745952023e-03
2.448909474629612504e-03
1.867391119792616294e-03
5.365606164817737778e-04
3.797451592397749209e-04
2.045147568015437400e-03
3.379518099622114136e-04
1.469796574883330820e-03
1.831444122802006191e-03
6.530131340516387439e-04
8.477905007735486720e-04
1.554366726201905635e-04
-1.815837594604241545e-03
4.681808311168822456e-04
-1.161394487771749695e-03
3.565881052134400875e-04
6.487030263093718219e-04
-1.590800172242001764e-04
-5.406526076521256385e-04
7.170263828581990850e-04
2.459547482498436466e-04
-3.122413521510214451e-04
2.971690516786473779e-04
7.299772803681658928e-04
1.487076184175428750e-03
1.444441177430588752e-03
-1.769823974167028524e-04
-9.235310554254194670e-04
-1.057607201599974900e-03
-3.096744136168450012e-04
5.685189610935559301e-04
4.477340032473797748e-04
-3.792560458841798265e-04
3.498291662493713261e-04
8.778946728948966438e-04
1.633460624310689724e-04
1.981002527654540657e-03
-4.521072792289526632e-04
-1.014290298956499470e-03
6.141804341202039552e-04
-3.695343370253567628e-04
1.474633618491871800e-03
-1.703608560126745886e-03
8.609381906414803609e-04
-1.017858882050859393e-04
-1.561640453527024519e-03
2.357006694884589137e-03
1.191703923141940180e-03
3.464468229728012716e-04
-1.439816154396256209e-03
1.608313435062180830e-03
-1.109363377792771388e-03
4.112045809341324798e-04
5.248596342299904904e-05
1.930942320819806213e-03
1.174492011258854163e-03
-1.035523691137463231e-03
-8.567280386917452972e-04
2.283409198145402996e-03
-6.561995942508946911e-04
2.895609158329204291e-03
1.271829264173796048e-03
-1.025959402800813436e-03
5.399895624775830072e-04
4.416332735839301193e-04
4.314919818011464514e-04
1.908671718982013488e-04
7.404730405420334449e-04
2.355989603855634940e-03
9.008214413195325676e-04
6.010291513969256982e-05
-6.020969110269724922e-04
1.976611576202547127e-03
3.747181193778370556e-04
-4.992490710007402299e-04
-8.275265460426783903e-04
-1.246674652819024232e-03
1.213496524442581048e-03
-1.014569620629846014e-03
1.494653022253267238e-03
-8.762619361979417931e-05
-9.155539115028865638e-04
3.230249819428099300e-04
-1.173301913133251162e-04
-1.249994790790465160e-03
5.338205523013339615e-04
2.156288391107485936e-03
-5.832895079251887438e-04
1.357950012756292679e-03
-6.408425721171617795e-05
8.237774823911525601e-04
-6.203420705979123539e-04
-1.540788073140619829e-03
1.657854078457754454e-03
-1.834944217523615251e-03
1.566976374468787014e-03
7.240154631811268615e-04
9.670475763741137598e-04
-6.633405297962191582e-05
5.992548314468493231e-04
-2.801541436092680470e-04
7.492510213638059469e-04
5.285736619073944098e-04
1.971682251165729483e-03
-1.591902981170623121e-03
-8.555991928389516943e-04
-1.387932842292327607e-03
9.313547198461780141e-04
-1.326983607365717077e-03
-3.848950146956298113e-04
-1.980953220737102782e-04
1.738929027424118701e-03
-5.713542466860843660e-04
-1.382696914721703862e-03
2.969532535740393442e-03
-1.646298490755260246e-03
1.522574024972467299e-04
-3.352464216275219400e-04
-5.797054811575996780e-04
2.859321521258006982e-04
-9.186976158799264880e-04
-1.105781988022247475e-03
-4.583576891563634348e-04
1.655736731700718778e-03
-8.343385698745819923e-04
1.003216612837753985e-03
8.473125602408426715e-04
8.022979631485682717e-04
4.492249672156667373e-04
6.221539024442446220e-04
1.412848043460313008e-03
9.894343819323303535e-04
-1.886588660426902209e-04
-5.534038724910317342e-04
4.789713947781493175e-04
6.232162705657184887e-04
-1.476461738617818042e-03
-6.587138903066946938e-04
9.871114178519047044e-04
-1.110373558129484906e-03
1.033622534427847128e-03
2.025960229712353566e-04
-1.195024381083431564e-03
-3.865102066156200777e-04
1.760937231975345796e-03
-1.208643611557480568e-03
-2.118418085799156358e-04
-1.320785675347213584e-03
-5.236089108000552272e-04
3.134863004961019328e-04
-2.935452933015003651e-04
-4.410559624785648225e-04
-1.340580508509159330e-03
7.974896335583014917e-04
5.235959824059222001e-04
1.217156906226479762e-03
-3.933974881773494303e-04
-1.788299656191982834e-03
-3.077854225490561646e-04
1.484836324838756383e-04
9.474486809057935943e-05
1.858905151919554299e-03
2.487962131052956494e-03
9.513554104316757076e-04
-1.199488651101976444e-03
-1.625005650154331960e-04
-9.683007586160918834e-04
1.414809750494017138e-03
4.964229315069790260e-04
4.774465582286779863e-04
7.661205425866235430e-04
-2.319536632311436364e-04
-8.938038101857781470e-04
1.242036568926963014e-05
-5.674858408657446063e-04
2.200467731900968005e-04
-5.073138388398401588e-04
4.497979178943456446e-04
2.433648414217337574e-04
4.992184519998499326e-04
6.158850664281789733e-04
5.768697825270230339e-04
2.617418230455026418e-04
-1.489773710795061490e-03
-4.605272792999048903e-04
8.102102186990922661e-04
2.574424685784171274e-03
-8.021360552727951898e-04
-3.261661550622019234e-04
1.436300615521801660e-03
1.109319269178454803e-03
4.838239756421724991e-04
2.061495105696309338e-04
-1.564675514981628268e-03
1.383993630206248326e-04
2.294728276157620428e-04
-6.122157980832376722e-04
-3.745097128011742882e-04
1.913906202015702718e-03
6.902732637394937143e-04
1.772345471888758794e-04
3.451300176671168174e-04
6.907813373253635092e-04
3.052370124345671343e-05
1.847936023593677035e-03
6.691983441053928061e-05
3.555688945504620335e-04
-3.016829219666394835e-04
5.490402558141482814e-04
-1.031618816441648434e-03
4.248478444570658041e-04
1.002340712936700129e-03
1.833373105316615792e-03
8.072980762952042255e-05
5.744050235889641698e-04
-4.011875111453733211e-06
-2.975092688775049510e-04
-5.946900114173203633e-04
-2.360706688518954266e-03
-4.789128591267122204e-04
4.517061190230098333e-04
7.809141759573812180e-05
8.613555818228757488e-04
-2.072531456007720152e-04
1.008711969984865675e-03
7.195020120909223493e-04
-4.669623947359813343e-04
-2.289870312599529001e-04
1.952274106011842036e-04
8.484950510707633953e-04
9.216025793876703176e-04
-1.163092229547135759e-03
-1.006866705328901546e-03
9.413897809280591389e-04
-1.126441207133455080e-03
-2.990531812949726032e-04
8.826907627099700449e-04
-1.008219813709798629e-03
-1.506262039812300557e-03
4.399633915950218466e-04
8.241638955339691819e-04
-1.908417969886944121e-04
-1.204727574561914594e-04
6.618056392222460005e-04
-6.404051944399746787e-04
-2.742076650730229659e-04
-3.681969163678022738e-04
-2.427894938780816858e-03
7.827736797045847794e-04
8.992073081979246041e-04
-7.492550322321100964e-04
7.295909329565475332e-04
6.397421432069450020e-04
4.108601783923138129e-04
-8.805733037180463185e-04
8.576868606715581933e-04
-1.383205815901566993e-03
3.545959565181000528e-04
-2.634394576997545201e-03
1.520247719510869899e-04
-9.122869270328237690e-05
1.060602024064882798e-03
1.350091712168488556e-03
-9.502550120155106583e-04
-3.390967542555856085e-04
1.256913063390374674e-03
8.411423971230735930e-04
1.714451245178327810e-04
1.858537330160725531e-03
8.349441171242588666e-04
6.279130347075501106e-05
-4.622403248846218560e-04
-6.830026192734539592e-04
2.305004247902253667e-04
-1.182410361979524538e-04
5.244158585495650726e-04
-2.247107383532842562e-04
3.339437718845594816e-04
9.384749098759748165e-04
-1.802523130720157241e-03
1.458013292354731760e-04
-1.572102922139606562e-03
-6.520855973586314747e-04
1.809520600551506320e-03
-1.029348718226241743e-03
4.937976119137044151e-04
-3.804789862462687466e-04
1.047721939260615187e-03
2.979653685155403409e-03
5.991602705024412501e-04
1.296706174527706423e-03
3.180678172522988234e-04
-4.367786564329900756e-04
6.566578589488614170e-04
5.890507630972319220e-04
4.621527068870978638e-04
4.213370002181804352e-05
3.787819727945951342e-03
7.108637614083868073e-05
4.631345625025762303e-04
1.282463149179902118e-03
9.937841746474607163e-04
8.082363093731004255e-05
-8.917706506055278481e-04
-1.912307117326816908e-03
8.248589377706228021e-04
-6.834041188719108817e-04
-4.889320619658743539e-04
1.636691808856838293e-03
4.810211534875818984e-04
2.160761846419223531e-04
-7.670161783204232364e-04
4.511486169422873616e-05
7.783289444980301397e-04
-1.169684773383306009e-03
8.526582588004316676e-04
3.118210812971256018e-04
-5.669149485165725366e-04
4.637599179093676582e-04
7.173394139514677192e-04
1.720541832980870822e-03
-1.911784521617665433e-04
2.153001025049006145e-03
3.285057275879132987e-04
8.113400425679984096e-05
-5.601842040936499956e-04
-1.045523367440903684e-03
1.177832946089862887e-03
1.902211638449280429e-05
6.034314352991732022e-04
-2.137604214911270617e-04
-6.854575354875436233e-06
-7.627228075584024936e-04
-1.640601069938796286e-04
-1.090891117443870684e-03
3.871069947207761430e-03
-3.124230607558509121e-04
2.475882771260096149e-04
-1.220685041571245577e-03
-1.192041939094501402e-03
1.533915265752305856e-03
-1.042241249557429583e-03
-1.375922438137333614e-03
-5.235223315538384270e-04
1.321684046343030161e-03
-9.121531690907680456e-04
-1.091857791609252004e-03
8.519150658461427383e-04
-2.193883331502721745e-04
4.414765911819884536e-05
-1.092995400449048304e-03
-3.031158387212240513e-04
-3.068076792442919754e-04
-1.089293814521941073e-03
-1.531583285752091683e-06
-2.645265306371324954e-04
1.324154640284902484e-03
4.479139896786943353e-04
-3.696219109716736284e-04
2.453350946138854738e-04
-1.485148101831867962e-04
2.115150886886185688e-03
-2.972298147110308264e-04
1.031936341622241571e-05
-4.930513406335990112e-04
-4.781777224021066530e-04
-8.697497519640773334e-04
1.353091458162758443e-04
-2.658744854837635785e-04
1.069913606432937314e-03
3.007384511146682371e-04
-3.716980666965685742e-04
-6.844364505464994863e-05
1.120785019293579765e-03
2.799640138925418853e-03
-1.103795849800581763e-03
1.699987221733811893e-03
-1.195546056536045398e-04
9.975797663803742665e-04
4.012074872314919105e-04
5.636980966616800259e-04
6.436462965266898095e-04
2.524487710857448164e-03
1.325864898387152380e-04
1.838289955573557677e-04
2.058379258418341351e-04
-1.767757981634643372e-03
-6.903166593543730301e-04
-4.737020532330493694e-04
-2.861341894175861711e-04
2.355495103564475556e-03
-7.159153652962491066e-04
2.295729194297102538e-04
-1.463263034939821239e-05
1.088286892726220145e-03
1.611057829904227745e-03
-4.014488966559426331e-04
2.277500880909499870e-03
1.239779601003077047e-03
-1.649216812465992277e-03
1.725577724651206069e-03
7.700333766174072281e-04
1.193935715350979976e-03
1.223795995783483193e-03
1.650352831337853488e-03
2.194908491998770472e-03
1.164372571560434722e-05
1.114840662260974113e-03
3.461512275087841317e-03
-1.663615858948030990e-03
6.658204402210099460e-04
3.600907358385363466e-04
9.086396323139123155e-04
1.001721473461669731e-03
8.037027025860066232e-04
1.246227981054115475e-03
2.237419920638750170e-04
1.949531299776374738e-04
6.304879477663227760e-04
-7.005093383667393425e-04
1.086252358417416630e-03
1.258106176346140970e-03
1.468150996375205963e-03
1.741430309751601513e-03
-8.352572495851084966e-04
2.462242924357038731e-04
-1.591809196253013425e-04
9.008481850405480884e-04
3.142412434236074859e-04
2.204940453323089855e-04
9.341965594718004695e-04
5.401547113517146670e-04
6.229890523679060266e-04
1.833435989123888277e-03
-5.788789907814617663e-04
2.791075600623305064e-04
1.844353071440929526e-03
1.059799463549726539e-04
1.419398979031871733e-03
-2.851826048611005859e-04
1.215534962585973489e-03
1.609943254027523807e-03
1.615701371804334485e-05
6.588292735416612089e-04
3.544745663399684332e-04
1.272039590314077984e-03
-7.189866626702290375e-04
-1.354264770490054559e-04
1.869298208051484167e-03
6.353775157066365864e-04
-5.733111748673636043e-05
6.906854135786399951e-04
-9.211718190913487092e-04
9.781745437973388135e-04
-4.051754952509867280e-04
2.377681362629502360e-03
-3.345013683440312136e-03
2.391797831015285425e-03
2.259284112532400357e-03
2.110169410884932262e-04
-3.045748138308379538e-04
7.265344519737926277e-04
-1.370232264699122737e-04
8.012569033875038826e-04
-7.821211200931266205e-05
7.199747731270189632e-04
-9.745008338333249753e-04
-3.549819591095459970e-04
2.541153437261023385e-04
-1.006217273495035869e-03
1.446814728279122164e-03
1.679688441254212350e-03
-2.077612123141392431e-05
5.447075697537773209e-04
1.303002223162375017e-03
4.163920707294099799e-04
-5.091282943658903548e-04
-1.378034264403860121e-03
1.278794574318231625e-03
-8.618719603645796923e-04
5.967137120246324145e-04
2.913383050937579100e-04
1.131194713525962570e-03
-7.841369884886706387e-04
-8.009198286227370289e-04
1.003085499472033959e-03
-2.314359385029440830e-04
-8.872637755219514588e-05
-1.951998670558729998e-03
3.086387649524624521e-04
-1.996275981737127836e-03
2.604083951338598268e-04
2.246791525836400183e-03
2.758670618256964246e-04
2.671212090639363268e-03
3.058530768313971748e-04
1.948490185862628010e-03
4.165808363878475973e-04
6.367344842823641216e-04
-1.405313287120124599e-03
-4.848951514788701900e-04
3.460535905963624259e-04
4.501501946374553143e-04
6.580676457110801181e-04
-1.232071758984210064e-03
-2.014271901281228239e-03
-8.655323337203313372e-04
-8.073895075955128675e-04
2.686955013873060238e-04
6.027138971389511823e-04
-1.457339944138658083e-03
2.867050227408629581e-04
-2.371231451307131977e-03
-1.828682979352569404e-03
-2.687325773748971969e-03
6.263672238024931005e-04
-2.053996360714238634e-03
-4.511704255616422188e-05
-2.584510052174859851e-04
-1.340159365313731143e-03
-1.128141894864098660e-03
-5.652808843281675877e-05
1.702568907622215022e-04
-3.469349491855844292e-04
7.876152684431758644e-04
2.775398828089858938e-04
-1.739989115168372180e-03
-1.815899311963020679e-03
-1.965136135979150822e-03
-1.521452313801852085e-03
5.445086575899260595e-04
4.459447375511071954e-04
-1.241442949625026770e-03
-2.585889468398328006e-04
-1.408959260881026410e-03
1.556692374386825506e-03
-1.261590885471619572e-03
-2.045898919866395715e-03
-2.079911522308020011e-04
-1.899479088811606431e-04
2.159558614736045712e-04
2.274851552064305338e-04
3.226803132934108476e-04
-1.226270995660083685e-04
3.330647583656975996e-04
-8.483504595857560560e-05
-1.887511555289655973e-03
-2.554350172854435996e-03
4.577103490228662253e-04
-8.819052833488605359e-04
-6.655436334057629466e-04
1.103288332189977794e-03
-2.368669681260593407e-03
-2.009456004408605168e-03
-1.460257450284219161e-03
-1.649635067276333800e-03
7.282015586151935338e-05
-8.540699596708556385e-04
4.845296982198821212e-04
-3.166154019833777866e-03
1.288723470851182995e-03
6.286775701780378256e-04
-5.479072641234594698e-05
6.219961805884466344e-04
-1.321163347803633314e-03
-6.168923781513235838e-05
-3.579657949905890035e-04
4.313038874554919744e-04
-5.547113939874392941e-04
-1.081170860643076992e-03
-3.950100867586847642e-04
-1.332863546645857156e-04
5.113109482037803133e-04
-1.276752279593562633e-03
-6.710532657838719217e-05
-1.175696663219261140e-03
1.036303297401452994e-04
9.305708154330183390e-04
1.330504404159826848e-03
-2.574801976665153092e-03
3.604759390234413274e-04
7.750168824702807768e-04
8.948581414947032187e-04
9.733591494154314461e-04
-9.087487592858156660e-04
-6.720070715600101607e-04
-1.716610420013475746e-03
3.229458089495373940e-04
1.449133413884418076e-04
-1.641281817434503409e-03
1.280355197806448686e-03
-3.029677637265137946e-04
1.508134056313226168e-03
-1.083341330480713793e-03
-3.566554516243325423e-04
2.364124103720666170e-03
-5.722204406424236112e-04
3.046934246564436677e-04
-6.773428939021997053e-04
-1.028873494529403132e-03
-6.980536780594182034e-04
3.391490389253570825e-03
5.414086558603870003e-04
-1.677371168233188214e-03
-2.222603971436809545e-03
-5.120271119334329768e-04
1.274414017385927522e-03
-1.611946283202048136e-04
-1.696413566069754353e-03
1.250734520660934379e-03
3.778021056153324508e-04
2.008806118425354725e-05
-1.324614074134755626e-03
-9.825609556168846126e-04
-7.790616231586611207e-04
-1.054133412474511644e-03
-1.833142219952010876e-03
-7.668298376972693120e-04
-7.558201728661284591e-04
8.655558991284006964e-04
-1.713296911209249984e-03
2.300579605388319848e-03
6.986071898842372008e-04
-1.551421215537418519e-03
-1.450752402400112828e-03
-3.865010222778852977e-04
-2.779218820162299153e-03
-3.193704629067539713e-04
-5.973543725739105525e-04
-1.664247618851089072e-03
-1.544216373427165223e-03
-4.774264453479837300e-04
3.775431369301696094e-04
-2.055441625608001033e-04
-8.606850814349975565e-04
5.203546871161979226e-04
-2.581891142268144534e-04
-9.754030801834012721e-05
-5.968231820085989625e-05
-9.257962345001757853e-04
1.828978709332851338e-04
1.355023245333430992e-03
8.087386428909937308e-04
-2.298921209422655210e-04
-1.277286535388721944e-03
-1.951784761582420202e-04
1.581685561091950021e-03
2.779928312732771190e-04
-5.754112438571823418e-04
-3.003480814256498377e-04
3.010119139470468497e-04
-3.485094253594667180e-04
-1.747973946977676718e-03
-2.240764358517166599e-03
5.059685880803854729e-05
2.599197273238651462e-04
-1.573299952702056359e-03
6.108305650374123985e-04
-2.489797498421708610e-04
-2.518444967341437746e-03
-5.930847010984230394e-04
-9.437327006951434782e-04
4.224511417429965832e-04
-5.421982399287372800e-04
1.221194973329398081e-03
-2.424603005394043720e-03
-1.015560420115413365e-03
-7.971154849533146347e-04
-1.345743475020144686e-03
-1.415627751278902835e-03
-2.194646461863847264e-04
-1.894847498867591185e-03
3.586596317384227461e-04
2.127375876214365746e-03
-2.615091161148885845e-04
-7.464258911935583996e-04
-1.101193153473234432e-03
1.741647427679904325e-04
-1.452734461477867001e-04
1.114596687659119567e-04
-1.257589151903104607e-03
-5.906704900979775630e-04
3.595339455098045534e-04
-1.815896655143367511e-03
-7.494008826225417863e-04
-1.369577099320062885e-03
-1.917518054870281929e-04
1.205198796357276336e-03
9.405903422599060093e-05
5.565659166026915017e-04
-2.073669348322093597e-03
1.704145306098414636e-04
5.289589195924815357e-04
-8.203558209474159924e-05
-1.098994535643216253e-03
1.845231560276605620e-03
1.469712319014826463e-03
-2.738322095108269849e-04
-3.732464550074698906e-04
-8.807264308867690517e-04
-1.499226268059539180e-03
-1.479245566507358944e-03
9.608495218398349635e-04
-1.229636989486193599e-03
-2.421611782627675069e-03
5.162349691061329793e-04
-1.998338974879443342e-03
7.285778624597227804e-04
-4.427393492407727393e-04
-5.015052907724193432e-04
-7.514924622837870771e-04
-3.522871738526056618e-05
-1.033140584010716623e-03
-1.349483887747027211e-04
6.803613977859335193e-04
-2.465229718473516130e-04
-1.028578728879070425e-03
-1.035687865708734279e-03
-8.273826854536814324e-04
2.599898767208230765e-04
-8.382429228479537642e-04
-9.349128980182808135e-04
-7.292123811124540111e-04
3.575574336678322140e-05
-9.594477122689681892e-04
-1.404841536366774335e-03
-2.424763895759740606e-03
-7.918189430908828541e-04
-3.177330833907809904e-04
-1.867470859097997149e-03
6.657946922452584460e-04
-8.028256147911694285e-04
-1.584946928090413820e-04
-1.447316325295933126e-04
-7.274486017925241299e-04
2.154418661441948046e-04
-9.069762794258195981e-04
-2.048721857048629857e-03
-3.477395618498579921e-03
1.759058797469625901e-03
-1.219817910909526404e-03
-1.924317908128525545e-04
-1.106096416379154235e-03
-2.676151895038447748e-03
-2.832470150230248507e-03
5.572199090631002605e-05
-1.097422767609268490e-03
-2.811616515052017817e-03
-8.455633330834988470e-04
-2.126597265611929188e-03
-1.200600030764720216e-03
-1.145856418144353128e-03
-1.817432882538216887e-03
-2.575317972142388001e-03
5.847489509693826193e-04
-7.185526151787247073e-04
-1.572863143388669727e-03
-8.309118513607494094e-04
-2.469255076966270224e-03
-1.257620766023981318e-03
-1.140347095701210733e-03
-9.621830510364581812e-04
-1.232159777858177208e-03
-1.920292586803817869e-03
-1.147419156663831430e-03
-4.583357194987147665e-04
-3.785324905503095749e-05
-6.041371981935217406e-04
-1.601171125489075919e-03
-1.088553134824143953e-03
2.814476309831448475e-04
7.716189947948315364e-04
-6.255399819081741697e-04
-2.906750817595060710e-03
8.931804911824769988e-04
-1.893403188862441411e-03
2.130567518010550998e-05
2.245211088411913636e-04
-1.418492033652629658e-03
-6.512848100050927513e-04
1.328495826631304055e-04
-3.548272491598059020e-04
-2.033704640071798408e-03
-1.606203344252099541e-03
-3.352113584707883120e-03
6.600637348661564374e-04
-1.085475564124749326e-03
-5.772895042102099694e-04
-6.712821394481149895e-04
-6.421363636266441688e-04
-7.158933993136606944e-04
-1.133754815975773766e-03
1.058130178907656926e-03
-4.567524487419927226e-04
1.300895771048082850e-04
8.192295445859087977e-04
-7.042736804270255391e-04
1.711387992298085692e-03
-8.897432670811333821e-04
-3.572429650766650866e-06
-2.648180907400821127e-04
-7.467958890039483322e-05
-4.648121568520124924e-04
-1.081524399202393738e-04
-1.095821532832275125e-03
-1.018676298212728426e-03
-4.543315058358476932e-04
3.455135973851053421e-04
1.736543311757765551e-03
-1.255900864705061792e-04
-9.259251201942930720e-05
-1.185822384444756850e-03
1.517737514690198353e-03
-5.842712148247386494e-04
6.126981338432369029e-04
-1.116738027549857293e-03
-3.263515861557930720e-04
-2.595339892108805557e-03
1.084064003279427979e-03
2.731754764068172747e-03
-9.388128628873282366e-04
-1.588417974132116939e-04
-2.082771962703233726e-03
-4.723855855244263324e-04
2.260675451644100775e-03
1.189142142294485893e-03
-5.222404556959325816e-04
1.078813023786651115e-03
-1.916891687005373157e-03
-1.848296415144057292e-03
-8.533741710479159082e-04
-5.617825524772968038e-05
-8.265830643530147626e-04
-9.888308401722056828e-04
1.303623065185943730e-03
4.883886529686520817e-03
-4.034355440682979577e-04
7.237371368098433067e-04
-6.839128485083278974e-04
1.537042132408128481e-03
-1.215621199530891872e-03
-6.360526628066409671e-04
-6.592616722160826725e-04
-1.889604504681008379e-03
7.347290988057864070e-04
-1.633802148333973747e-03
-4.512365431337261867e-04
-4.303124979989636500e-04
-1.998939564493706911e-03
3.127913274467708504e-04
-4.814610171557376361e-04
-7.897935703571334898e-05
-1.024949974055333612e-03
1.135177941664400336e-03
5.268837363623379844e-04
3.258706258899568553e-04
7.755434803928817900e-04
8.924182430902760643e-05
7.371761415657651639e-04
-1.910770233084724268e-03
4.378178328334758618e-04
-4.621489487504071292e-04
5.568209740134388852e-04
-9.219434474527776757e-04
-8.166707508918680247e-04
-9.297193473778442296e-05
-2.801733060881383963e-03
5.368331711532725592e-04
-8.281614478744536711e-04
-2.392496048519987539e-04
-3.835407221872699779e-04
-3.438517621541237190e-04
-1.168435493612784981e-03
-1.152196219437850999e-03
8.946766826205543310e-04
-6.145132943236042422e-05
-6.269059977230817537e-04
-1.252781010898873504e-03
-4.379403621581623440e-04
-1.312518734898793227e-03
-2.384556616747968150e-04
-1.040215008172973299e-03
-4.253856895020113882e-05
8.978995551522928054e-07
-1.045513790374208440e-03
6.258506013090414655e-04
-3.785199179129339342e-04
-6.318256625781337732e-04
-1.939963176813552792e-04
1.043009129557681547e-03
6.346808745949505948e-04
-7.894436328801379688e-04
1.243651338995732658e-04
5.703212698517923229e-04
-1.378264595482292521e-03
8.709053111874975883e-04
-9.067120133485762068e-04
-1.789695639407007377e-04
4.697799734401097993e-04
-1.175607721893401347e-03
-6.741419970310857934e-04
1.891350343798947620e-04
-1.492084249854697120e-03
-1.372580630679687275e-03
-1.682931384899832850e-03
1.020870795478634463e-03
1.107472217585225849e-03
6.179477418917223019e-04
-3.396404932927143960e-04
-1.816881715994700386e-03
-1.471820975858850744e-03
-6.985355508060120400e-04
8.688352792023401605e-04
9.806577848214814708e-04
5.653604121058641852e-05
-1.628998610270437908e-03
-1.628586628976691486e-04
-7.292795040141353269e-04
-8.891134396971089870e-05
-2.097023727796187842e-04
-5.096006967926225428e-04
2.286309269810216094e-03
-1.300386818180454540e-03
1.121376463752099539e-03
-1.061683399397272964e-03
-1.560885939772660436e-03
1.236538484485905087e-03
-1.795827097825331009e-03
1.664834227999234528e-03
-7.085690002193167913e-04
1.185670930147875168e-03
2.387820916954330741e-03
-4.999621664880660177e-04
6.583496230483376621e-05
-2.102701944910467802e-04
1.915678670510123638e-03
-8.991270023472885953e-05
1.322785454198616151e-04
-1.849534879460934533e-03
-6.180666232147302708e-05
2.969647692578902820e-04
-5.125937617440623484e-04
1.400000106089649421e-03
1.643209070187001686e-03
1.218101262254966954e-03
1.652136252493496826e-03
-1.210884441663173661e-03
5.901739436109387782e-05
-7.166133893159454260e-04
4.769861202715830473e-04
-2.993682254113227970e-04
-7.115808383888477806e-04
2.195571840513110828e-05
-1.712165389280873029e-03
-5.233385139373769590e-04
1.905932837062973562e-04
1.147758758111239175e-03
8.981984630584971541e-04
3.949552907136499869e-04
1.857373842617526805e-04
4.348389219854809085e-05
-1.525561560892674251e-03
-1.828182297699987302e-03
-1.288978620825886878e-04
4.755914340015543473e-04
1.346329720903760574e-03
1.778960689330588707e-03
-8.976395592983354987e-04
-3.807289143658021402e-04
2.471013451248449400e-04
-2.544493332030661747e-04
1.062094745213126856e-03
1.672409322073020732e-03
1.083419399967588959e-03
-7.959450349364072252e-04
1.094235417091748985e-03
-8.195900548164658517e-04
4.730823070544509790e-04
2.402357094699603124e-04
8.713252064558307808e-04
1.452249079720857594e-03
2.662880124515432101e-05
6.742848667458112288e-04
5.846589615876585100e-04
5.861218382583466280e-04
8.931121371635875050e-05
8.601727815396031929e-04
1.759236512941964037e-03
4.379790204587230562e-04
7.501553731319443585e-04
-1.596334678231725590e-03
2.407186166415442585e-04
1.024711290289470611e-04
1.594742541191074281e-04
-5.884516176801746212e-04
5.775338645337413368e-04
1.155873145764596543e-03
-6.546666995599359495e-05
3.803735564256172097e-04
-1.017641426140247773e-03
-1.403446336158298280e-03
-2.770956700417714913e-03
2.389234445868693157e-03
-1.661310537608873261e-03
1.372872205953612479e-04
-5.207828105242562344e-04
5.660808954424112471e-04
-4.591821617458968774e-04
-3.363327108292235579e-04
1.721807848895640092e-04
1.474384800627559500e-03
-4.272416788013710942e-04
-3.666204511769688423e-04
-2.817526627207023182e-03
7.745003892241086874e-04
4.470326268546376269e-04
-1.128461891672705164e-03
-1.173730162655317599e-03
1.705235656462411598e-03
-1.553163455944250870e-03
-2.371979731848439243e-03
6.179437817008803790e-04
-1.651691336199689886e-03
7.764345045342402329e-04
-5.489658649415751768e-05
1.371016648199274712e-03
1.427393308086610801e-04
-2.883889489502244885e-04
-4.977238195169597645e-04
-4.125966065458008813e-04
-1.591405479396401645e-03
-3.398311853719082620e-03
-3.265687848947873562e-04
1.650851885736326352e-03
-1.113497920003148067e-03
-5.726817114388715879e-04
3.511528817465858765e-04
-1.635408683167138832e-04
1.192271156635893448e-04
1.074602973331950651e-03
-2.295090651655895542e-03
-1.578583506240516243e-03
-8.390899317187727746e-04
1.906116532959023502e-03
-8.245012224981085325e-04
-2.015473891842534115e-03
3.812753432914650631e-04
-5.958366025446970582e-04
-1.808266532527635917e-03
-2.379447239207355125e-03
-6.342761402970964468e-04
1.989507843869198211e-05
-7.581160302121414674e-04
-3.105956823918898380e-04
8.846451317863213148e-04
2.020557817902446374e-03
-1.224048281594170007e-03
-1.397774512362115473e-03
-4.704818412195610478e-04
1.998274294141566543e-04
8.630876675095322526e-04
6.670242721760200055e-04
-7.469386427678692542e-04
-3.348592335044031643e-04
-4.746849313159717809e-04
8.024719279813297135e-04
2.232082411950386813e-04
-2.008138102958412219e-03
-2.851727753931942999e-04
-1.124116475188952080e-03
1.333800301938525834e-03
-1.870856704303092144e-03
-1.540850944593108451e-03
6.079967193173274609e-04
-2.052443952849092312e-04
-1.884588389920782703e-03
-5.191560214981016941e-04
-1.957273823040894811e-03
-9.003920972361356689e-05
-1.623918525277767699e-03
4.125123557155996323e-03
1.122911222637634765e-03
1.066842093238040690e-03
-1.258130615837682598e-03
-7.136511101133446999e-04
-2.126171655879138811e-03
5.921476750609944162e-04
1.209970112824310107e-03
-8.476394790775110266e-04
3.051648432144116185e-04
-1.504085767192187006e-04
-4.753793090424007772e-04
1.355955813538534116e-03
2.179472475635213513e-03
-1.738475586885224189e-03
-1.302679399271644556e-03
2.148157181858012521e-03
1.417096505737180934e-03
3.985778420250163379e-04
1.044281997571783194e-03
-1.351479084120033036e-03
-9.270431031753734175e-04
1.169639965263646886e-03
-9.839065141603597908e-05
6.194763187572505103e-04
1.735372115303501772e-04
4.062943930973617057e-04
-1.813310448585125911e-03
4.235886362538021643e-04
-2.004019947492441389e-04
1.713974662739481403e-03
1.720304940850958531e-04
-1.550331084251066471e-03
-1.229669167779334771e-03
-1.181586896786379626e-03
-2.685889832562571300e-03
-1.148036432662813411e-03
-1.336196318296511976e-03
9.781876765835306742e-05
-8.018484092191524581e-04
-4.000192406663494182e-04
2.004791257192550802e-03
1.201787580940028022e-05
9.170703148380088265e-04
1.357007006588917264e-03
6.001348703277287200e-05
7.851863708969730737e-04
-7.038988868584006298e-04
9.283893268647869235e-04
-3.727195135216909705e-04
3.549796747155387067e-04
-6.170483731107179182e-04
-1.698949687459538893e-03
-2.486722095456528336e-03
1.246737077236881319e-03
4.108325535345791479e-04
-7.883622595628025920e-06
-1.855993346864259763e-04
9.799701475032840392e-05
-2.174431273324284319e-03
-5.017658791135470864e-04
-3.930982770879110078e-03
9.398441613786001625e-04
6.842065801566654670e-04
-6.582945102160397965e-04
1.767020643402172908e-03
-5.007172145621296977e-05
-1.865001447796110767e-04
1.910040921091482602e-04
-5.516507332141706854e-04
-5.447660609738669280e-04
7.334562737533190102e-04
-6.856288761432072221e-04
-1.264345097413244190e-03
-8.822224674454037796e-04
-8.352261031820962245e-04
-1.006532822310557407e-03
-9.335620557018309285e-04
-9.906845379326068013e-04
-1.021897056198151077e-03
-3.694287004647467398e-04
-4.185554666733537488e-04
-2.206477553589714091e-03
-1.543073210961809494e-03
4.146406492204768313e-04
1.693175040620609195e-03
5.127483074569560983e-04
1.623153453649273104e-04
-1.862348133179203558e-04
8.935113034869157644e-04
-5.871202079525961182e-04
6.861700922604629937e-04
7.801878218101077067e-04
1.560338859976084791e-04
-6.286633106551420269e-04
3.751633433795031891e-04
2.640282511827685141e-04
-1.039645880702044778e-03
5.241716064170454104e-04
3.597818840308519839e-04
-4.135541282628274473e-04
-8.452034790331630631e-04
-4.767390485014288970e-04
-9.857602679463894901e-05
-9.081060151048259144e-04
6.802999860806568933e-04
8.584034094027970241e-04
-5.538401155333882997e-04
-7.725230242399128144e-04
-1.363268784672966305e-03
3.692581901482139273e-04
-4.413955515158995979e-04
2.374456763644561264e-03
-1.959643139959332814e-05
1.118134382281699146e-03
-1.158901142120916106e-03
-2.002289905743692700e-03
-1.386379340603483001e-03
-2.498026736352798594e-06
1.958909292112398504e-04
4.271226679155581962e-04
3.254165986541490696e-04
1.740412180306405432e-03
6.984701806118653877e-04
5.399161978405508933e-04
8.156477961538399768e-04
-1.963292075662481651e-03
8.317139638547299541e-04
1.030768786690838823e-03
-1.616920807600896737e-03
5.689271193265454940e-05
-9.722516667272085300e-04
-1.289596334796971888e-03
1.060528780924441250e-03
-8.115836667703657525e-04
-5.833991509052172120e-04
-1.817510955528289784e-03
-1.017908156287550270e-03
-1.315670510410926752e-03
8.503062459017662889e-04
4.225884816682068390e-04
-8.218868541609580802e-04
-2.397977613798119023e-03
2.803445281749361584e-04
-2.202055065208208262e-03
7.706268340199606826e-04
7.244852844578986151e-04
8.292430249672300135e-04
-3.394210885183657211e-04
-1.094876195200100710e-03
1.129105795137030910e-03
-4.935865366133551646e-04
5.473330760763506220e-04
-2.071168638532627782e-03
-7.384155290788285697e-04
2.207363610309265312e-04
-2.956505502189621382e-04
-1.193837708048040014e-03
1.342550074368009660e-04
-6.475244251067380219e-04
-1.762924353841510694e-03
2.667578984172802592e-03
1.285187760128092549e-03
-1.093090599326718149e-03
-5.875255817358038257e-04
-4.111565276339046449e-04
1.014339608094161349e-03
-4.599445037856142449e-05
7.811573404747917948e-05
3.321493201515757221e-04
1.182330759997407554e-03
-1.719469549976704315e-04
-1.888030948866692427e-04
2.505565243859919633e-04
2.076567889546243606e-03
4.154289824294110645e-04
1.322638985733259887e-03
-6.100128171018237566e-04
-8.505453303242482832e-04
9.106519724058070864e-04
-1.020176986416876375e-03
1.333866536546546300e-03
-1.346705391125579965e-03
-6.259159081158927052e-04
4.684889369552802663e-04
6.524617182539493854e-04
-1.176744874200608137e-04
9.141510847365807990e-05
-3.624334955416586013e-04
-4.750490758540504288e-04
1.665566148083330589e-03
-3.552226317196094385e-04
1.122049493967658407e-03
6.376854011616028828e-04
4.814486569002518479e-04
3.433235857299710148e-04
-5.738069469602979922e-04
6.664780939678038862e-04
-2.233591698548309523e-04
2.142832562010976716e-04
-8.873140129537215870e-04
3.015365554469129350e-03
3.965484380872297265e-04
2.611623421487685448e-03
8.233213763380042849e-04
2.368311854261673233e-04
1.147336204649684888e-03
2.310943255791730877e-03
1.104488541227466314e-03
1.587727012039241714e-03
1.046457344140216961e-03
6.036632751977855094e-04
2.391576210638346467e-03
1.346286899240656254e-03
-1.135355718251629398e-03
2.292084639998748230e-04
-4.985450106813615889e-04
1.337620879835466070e-04
7.502922430617786631e-04
2.309828518596290792e-04
1.337500831370741494e-03
-1.212578641798023327e-03
1.735044408384345260e-03
2.051082876441956415e-04
-1.910860895115273905e-03
9.547291653577705262e-04
2.842619583751648804e-04
7.441965775727421573e-04
1.845449245321928444e-03
1.156631884803527299e-03
1.426451041717458068e-03
6.772187813344210383e-04
1.245621646124961401e-03
-2.358212738502452055e-04
3.856284749281790880e-04
9.111869759541590952e-04
2.200216084619954771e-03
1.631029377226811405e-03
-1.454411552397338880e-04
-1.109765241106286382e-03
6.022645659971015419e-04
9.186404355308042113e-04
-8.616463312949296238e-04
1.528768582522710417e-03
-1.561970904313536579e-04
-3.899841022549921377e-04
9.257969962652712326e-04
1.806461705249118310e-03
2.549459189085556687e-03
1.762749346626346636e-03
-1.573419290866739928e-03
-1.874585734003231252e-03
4.056831415821804399e-04
-1.234233937338791165e-03
1.231493001627725903e-03
1.916132788897018102e-03
3.061022035388827334e-04
1.936975281712660646e-03
3.770388858872486537e-04
8.376682012145586498e-05
7.771387592048206727e-05
1.680814030591504249e-03
-1.012527204949265069e-03
1.291384408995011057e-03
1.279121006567018881e-03
9.296678674883818161e-04
1.984917640047711984e-03
-2.106783373296838846e-04
-9.128499896307040729e-04
6.179621732225193398e-04
1.767510630615198863e-03
1.944730949097195349e-04
7.153265344335135723e-04
-1.505548565784886605e-03
-5.895505192938799155e-04
1.096554668909011099e-04
-7.214993550623827190e-04
-7.848164115935585272e-04
-1.418782374557503445e-03
4.639893319311472197e-04
1.565414513897023241e-03
8.527350258000776506e-04
1.302084298014483110e-03
1.931269865997009560e-03
1.496586306466429761e-03
1.685402457127338494e-03
-5.902553851881986446e-04
-7.059687207562337363e-04
-1.508780645326668335e-03
-1.817349936819034895e-04
7.350468100075779887e-04
6.588025415323883749e-04
6.510598673918899237e-04
3.810007926852154725e-04
6.286583741799134373e-05
1.562027507273189286e-03
-7.668943828715857336e-04
-7.325933201141054951e-05
5.347910342206052547e-04
-1.271151010346027732e-03
-1.885939555050786254e-04
-1.600976331992187696e-03
-2.663223052993934914e-03
-9.786052058968763845e-05
-2.814646165971712577e-04
-1.617629147026011793e-04
1.596956021261419778e-03
-1.683956281641529884e-03
2.895417314847659185e-04
2.040957787547759139e-03
1.415926638927311743e-03
1.429220165571010170e-03
-1.109248484958413883e-04
8.462017681774014477e-04
2.655229212358278801e-04
2.463131900424242460e-03
1.230748304236861657e-03
-1.019507586736967397e-04
1.057356026027633789e-03
-3.842552281796418612e-04
-7.890873134859255345e-04
6.469059744758087760e-04
-6.284614344893579840e-04
1.362303966127909050e-03
-1.545444249606564568e-04
1.593011962121693159e-03
-2.802938832788814949e-04
6.489671625300452718e-04
-1.165036952621711919e-05
2.865978021735493542e-04
6.687756631633678950e-04
-4.353311195419706792e-04
-2.098800030677860917e-03
3.263884118209769980e-04
-1.742767052730354038e-04
2.042700884130610461e-05
-4.179453391042198263e-04
7.354855219379174969e-04
1.324020215087040597e-03
6.596132279119704123e-04
1.717096408194063173e-03
-6.387051557779077626e-04
1.679346817681226511e-03
-9.677960208402947018e-04
-1.322399771850335526e-04
-7.096360190295136761e-04
-6.496715686195031481e-04
1.424678296844339442e-03
2.285224310717648422e-03
-2.193299170722973201e-04
6.641203003974194274e-04
-3.498507829557961912e-04
-1.050462419740494369e-04
-1.753880949435515646e-04
6.149207169501291759e-04
-1.001940807712431436e-03
-5.251267807040438385e-04
9.420493078726721592e-06
1.473731220588136992e-03
4.467216235184423567e-04
-8.424579625332384580e-05
-8.540735898869833420e-04
6.901735980169299012e-05
-1.965092346189356576e-03
1.738770484929208493e-04
3.159655138145200937e-04
-2.319056012212161733e-04
-3.474493149007162884e-04
-5.419320628214929769e-04
-6.376435133255142773e-04
9.226192878875050241e-04
1.230957036191249188e-04
7.571166420385910811e-04
1.956622502333971170e-03
5.126939357804616293e-04
-5.634454968646007700e-04
-1.353212500484923808e-03
-1.076725676629752826e-04
-6.850124561055270789e-04
-2.618714041309200269e-04
-1.186134680599915114e-03
-2.211779299398086707e-03
-1.114984188396839215e-03
7.140942250445370121e-04
1.051403489687574577e-03
8.953534978068944383e-04
1.059305217380845932e-03
7.577604081512312462e-04
9.651530740970581945e-04
-1.187051170973729697e-03
-1.147142859938998782e-03
2.528888491759584412e-04
6.236320921630955638e-04
-2.882477391761062435e-03
2.740735498714785834e-03
8.616041707467658739e-04
-6.779203125817367948e-05
-2.072976026941120153e-04
-1.101320286661655601e-03
-5.286342887738104679e-04
1.663876389522922494e-03
-2.565612170402076231e-05
-7.221317243693015087e-04
-3.440036084894071422e-04
6.534785517287033940e-04
-2.555293383466050727e-05
1.270441279512368737e-03
6.775577271309618510e-04
-4.216365279769984653e-04
-8.729465005719028170e-05
1.212956390816977148e-03
1.149421245963067051e-03
1.157141061283395445e-03
-8.471200287396563056e-05
-1.215399700019936802e-03
-1.507471693283468639e-03
-7.674858078143831364e-04
-6.162844403649891944e-04
-1.803278917193340547e-03
7.281933156202402557e-04
9.401876032459899335e-04
-8.434761578146598993e-05
2.520526176667203799e-03
-1.288160116263536992e-03
7.434583140857320416e-04
2.861955171504781958e-04
-9.339172478244339715e-04
-2.088255166735164536e-03
1.676401929401549751e-03
-5.091328792945493120e-04
1.101892131943227326e-03
1.143688739838166768e-03
9.350818486335565893e-04
-1.021793738079201930e-03
1.872916724636963792e-03
1.422553373876089822e-03
-2.738030193476514995e-04
2.833042290766307758e-04
1.424041298728750959e-03
7.189039794530671657e-05
1.605723588201213303e-03
1.465595421890508732e-03
-8.368540351739728322e-04
-1.144727733942696446e-03
-8.151983615227731406e-04
1.252732133412148841e-03
-5.113872546316233780e-04
2.327297332997968482e-04
9.146262668595639411e-04
5.861896711039094043e-04
-8.249919301626107426e-04
-5.025793836241909673e-04
-1.360145613546803744e-03
7.755930880710693032e-04
1.116765210624537374e-03
-2.209831735988654344e-04
9.286647342818810102e-04
5.360952799260410018e-04
-1.150941462492838241e-03
6.880968843536727775e-04
5.106663089846641412e-04
1.427805565488160511e-04
1.861015797077092415e-03
6.626839994292588187e-04
-1.168356518151725254e-03
-8.438052666270845492e-04
-8.548808560138176915e-05
2.370869065357217309e-03
-1.570725770881242767e-03
-4.488100726769417292e-04
-3.283991363307592337e-04
9.186671994851902667e-04
-3.103709863092607435e-04
1.490330538018502793e-03
1.817030060797142355e-03
3.226966556744148562e-04
-3.543719774035114511e-04
9.337347707070176028e-04
-1.263416776817738452e-04
1.569696091726191511e-03
-1.224280714420267202e-04
2.561843412356434868e-04
-7.332190386508674607e-04
-1.634532056578041903e-04
-5.150401619431477229e-04
-2.277568598023638202e-04
1.631946012890406195e-03
-4.966205967531500676e-04
-2.647266505673151471e-04
-7.570006257469064082e-04
-2.420698660936082547e-03
8.430619299402142275e-04
6.204903006086226469e-04
-2.561789686744253558e-03
-2.992439527476076222e-04
-2.022062756092957159e-04
2.573817123945332241e-04
1.734443706109312089e-03
-2.720575688983650764e-04
-9.666246594783878265e-04
-1.434090203460636204e-03
-2.259534700138843277e-03
3.653521807454040982e-04
2.414877576291107886e-04
-2.581051874098072574e-03
2.259148505592278866e-04
1.869109086798381725e-04
1.485376948188399382e-03
4.412153175703537045e-04
-2.789672452174762896e-05
-1.463462790868286234e-03
1.756709995199834395e-04
-9.734732413226865333e-04
1.179365809576227164e-03
-1.170711539710156401e-03
1.036601906999168321e-03
-1.143986873781033253e-03
-6.192660746509037750e-04
-2.920471139189473320e-04
-1.603255304116757429e-04
2.538374869642812115e-03
-9.559438672315234697e-04
2.508059524642280991e-03
3.777918610341490790e-04
-6.515680673819801427e-04
3.020103856123945718e-04
-3.286479812103504372e-04
-2.727320349327211346e-04
-1.866510095628548527e-03
1.791710311780603249e-03
5.188971494085592440e-05
9.898170402911077304e-05
1.328676400381034739e-03
8.106227065263205134e-05
8.523339835424526001e-04
1.287930983754126402e-03
2.102040219166934065e-03
-5.565948709831403107e-04
7.433466203869976141e-04
6.490713884610421758e-05
-5.136667667759997613e-04
1.020979691437995385e-03
2.008611921840985914e-03
9.474252828289841943e-05
3.625245277568245328e-03
-4.154009275292303016e-05
3.065699920132836098e-04
-1.085899473353801881e-03
1.281508785516027871e-03
1.095768698528232221e-03
5.843479748521840378e-04
4.573079144969405263e-04
2.332085741785450139e-03
7.265488058112445913e-04
1.167201813878415706e-03
1.256491541525184275e-03
9.741447511877332488e-04
5.902909439341463838e-04
-7.871396329071078668e-04
1.269612275266451817e-03
-4.972896747159616382e-04
6.254264183833679880e-04
7.408935351695955518e-04
-2.761257603338673761e-04
7.585455774412608321e-04
1.361092333487246009e-03
1.301017668799753224e-03
2.032869739219345107e-03
4.061917219002619817e-04
1.701161885961033349e-03
1.542983684030163616e-03
-4.821121407110329216e-04
-6.291913850569041955e-04
7.946665100520000635e-04
1.915660835005272844e-03
-3.777539082625569478e-04
2.255648310933722200e-04
2.587357053780214855e-03
-1.819400901581502694e-04
-5.707391144373907821e-04
9.953825784627667872e-04
-3.242896973889575207e-04
-5.832458311139099294e-04
-7.138158408022121648e-04
-6.720688488044412878e-04
1.807709396373091693e-04
1.625213379288004134e-03
1.318788432218775952e-03
1.631391829990613829e-03
6.088162874731128937e-04
-1.652796474003181970e-04
1.988640362611260315e-04
4.590128329025056075e-04
1.976706922634186014e-03
3.623124184120030122e-04
8.791337654829867176e-04
6.593090627344810883e-04
-4.793700891680963139e-05
-9.305643891235337861e-04
7.657525615876181746e-04
3.978587313413495252e-04
2.508105133177895851e-03
2.903024500200190872e-03
1.663149915445139015e-04
2.007411148790660960e-03
-4.668907669806987570e-04
-9.229786523985428204e-04
8.065603770852636245e-04
1.093200043114084252e-04
1.160760390669812736e-03
2.180391807575787766e-03
-3.215645961698321287e-04
-7.670952317662127484e-04
-1.421049223648829241e-05
2.346304458230807910e-03
2.871315646117977849e-04
4.639016958327690787e-04
-9.812812046765539975e-04
-3.468510832893567652e-04
7.233222666753746921e-04
5.578107372983254209e-05
-4.142354537641779189e-04
3.204086403698624963e-04
-1.208295618922328174e-03
1.505262405723906127e-03
-1.148879675302305614e-03
1.122211171831200005e-04
1.548938463906468499e-03
1.722848770402407581e-05
2.767112628929702112e-04
-6.519593206801843621e-04
8.851526996513925383e-04
4.043002418534502596e-04
5.977667609067260912e-04
-2.587958495873454723e-03
1.884771870265256055e-03
1.189505729179973770e-03
-2.357783427024973122e-04
9.352019434898384276e-04
8.227054108462805715e-04
-2.247572327340741083e-04
-8.593931023916923095e-04
-6.477406627809489947e-04
2.275753234896704669e-03
-7.673534728067643584e-04
9.790401260239001147e-04
6.571632903653590319e-04
8.227189120693090274e-04
-1.545461671859094110e-04
1.415278595695346198e-03
-7.789472598638269574e-04
-6.843046269191521702e-04
1.413031394562169751e-03
5.068301726813828623e-04
2.327164921935853670e-04
-2.774438678418977844e-04
-9.588005906193686201e-04
1.581679782526990152e-03
-8.018058317593723672e-04
1.630335035236241126e-03
-2.356856117458061561e-03
1.245494733660645892e-03
-2.885260512619503004e-04
1.348668118651419334e-03
2.218452007796134495e-03
7.766416459007441375e-04
-1.623590759720627830e-04
6.688168171089525771e-04
1.293397366898485501e-03
2.835953311397521048e-04
-7.063011957599840684e-04
1.477471807004970827e-03
-1.341240980037072816e-03
4.125876719931476089e-04
2.730877152834709776e-03
-1.980090302597936613e-04
8.501268933489569690e-04
-8.913479527412615511e-04
-9.625372233346141115e-04
5.339046030283789435e-04
9.028369337160668806e-04
-1.009878969066901888e-03
6.240139628743701650e-04
1.642404751967418974e-03
7.336156632160584223e-04
8.117477188211985606e-04
1.376242787176407134e-03
6.172029727895544937e-04
2.496674170606727472e-04
1.412202731995604310e-03
4.676324255228347937e-04
9.860037613764749409e-04
6.467277715287433892e-04
-3.038393493726143646e-04
-6.361895958160168618e-04
1.066960496320046303e-03
1.829624399975360305e-03
1.857210322908642297e-04
-6.473477529180815537e-04
8.477638949109245203e-04
1.799331334093601242e-04
5.065154530159432511e-05
1.995404649670406982e-03
-1.344332930483860267e-03
-2.339373068425132374e-04
-1.113045239150567411e-03
7.767210632196874798e-04
1.692254237198653755e-03
-1.594625533264837358e-03
5.767696654523923883e-05
1.140532476841205067e-03
8.196353407226020238e-04
-1.718170910754768244e-03
1.229915019873795146e-03
-6.419056100677167365e-04
-4.789928493202921800e-04
-5.538773903930316322e-04
7.174884736071973634e-04
-2.641335879765005501e-04
-2.106636239897596852e-03
-1.856646964209840434e-03
2.358010567389268175e-04
1.169090526716320966e-03
1.404389038605957651e-03
2.846032173926538178e-04
3.694888962970654944e-04
5.477132755520308649e-04
8.930237932949225410e-04
6.084376162334148574e-04
1.987404306841966672e-03
1.288034435082074936e-03
9.105698335116763076e-04
2.538152404079285773e-03
7.260364515226935822e-04
1.064283042575553395e-03
3.390575405703977196e-04
1.131785430750209542e-04
2.672168483457193489e-03
1.209611369402230352e-03
-4.572603947228248700e-04
1.938453479506163646e-03
1.108529231349075772e-03
-6.245163911899886955e-04
-7.033447665050207576e-04
1.384000126098516859e-03
9.556300685331642342e-04
1.089453547643115527e-03
-9.358620161898922873e-04
1.576709390401109800e-03
7.600817623829581038e-04
1.195022503226450539e-03
1.722221496738507440e-03
-7.257171215901969674e-04
1.325353513603966249e-03
-3.182645335260136932e-04
7.112856572488723828e-04
3.176036491381317717e-05
1.393696874181893364e-03
-3.409660380260248758e-05
-4.423736703329517184e-05
1.270567901028751834e-03
1.397985869882045762e-03
-6.004769899692341539e-05
8.839059048453279388e-04
7.640780356028553655e-04
6.845278085632067189e-05
9.308704974742010307e-04
1.636373244653821502e-03
-3.101994307741495760e-04
1.370997373656646090e-03
9.202578960287866039e-05
8.552991193619963184e-04
-1.082333397724788426e-03
9.471253724591122136e-05
-1.547278117365324945e-03
2.832161321346671201e-04
8.605302929929337097e-04
-2.070927251198728669e-03
1.711308649922083092e-03
1.268402323824302513e-03
1.543346225513664294e-03
-3.965205414357964031e-04
-4.319010804216816268e-04
9.426196500037509196e-04
1.408658406480522984e-03
9.365172914810315774e-05
2.028312509881669001e-03
6.553809115050768241e-04
6.092583562544717779e-06
-7.373824088614533423e-04
-9.219682770795767368e-04
-1.030606929941058070e-03
1.981563350745174645e-03
7.661579243376515080e-04
7.920658272408953593e-04
1.807807453592324975e-03
3.152085373647750544e-04
7.653809618892726263e-04
1.260052902631869642e-04
8.011256522837406635e-04
1.060291181828487694e-03
1.578214542937050879e-03
7.083519802451032632e-04
-1.178389151584857686e-03
-2.460757194762575040e-03
-3.385762140957204736e-04
1.715644375650748898e-03
8.170693459452760266e-04
-1.895074202272528652e-03
-1.558338827889471645e-03
-6.795154628880251124e-04
-1.215006412977892580e-04
5.860656658778218286e-04
4.516347480256754920e-04
-7.938520630210721407e-04
-1.013541047252930483e-03
2.813252889715123217e-04
3.184938120563973740e-04
-1.820888983762314339e-03
3.564514584231126548e-04
-1.545961583870880673e-04
1.756513621370192624e-03
8.688724484542387216e-04
-1.585578383391794688e-04
2.112429869772114444e-03
6.684274954191771201e-04
8.328278366060981597e-04
3.221217071482929128e-04
-1.982255480428296579e-04
7.362728047428657163e-04
-3.348515737686685867e-04
-8.498423992786552361e-04
2.009621277691664432e-03
2.415377545919028535e-03
1.122996033529943816e-03
6.348402613109982440e-05
1.286380418335619780e-03
3.982642745459230582e-04
1.402108501728172030e-03
3.563972580273855328e-04
2.907313568282887672e-03
7.214523063099331779e-04
1.117086093590735629e-03
2.353249902306231434e-03
-1.058517756868271320e-03
-3.917614187265439085e-04
-4.759688340432166598e-04
-7.188893128764473062e-04
8.333486745197848933e-04
1.953517177314623154e-03
1.592148874407506298e-04
8.072225160022927781e-04
1.503410029072060894e-03
-3.849584260118277257e-04
3.906920661722601551e-04
-1.029389405480030106e-03
4.676081454864089437e-04
-9.408756095274917186e-04
3.046742908103805547e-04
3.784263604589277463e-05
4.265039777227030982e-04
1.803754011699520987e-03
-1.590710401089268089e-05
-4.944340343653319536e-04
-5.067262353988244428e-04
1.605530557740930675e-03
-7.706741737334432685e-05
4.053336506393279137e-05
1.860923299470407244e-03
6.982893032940751255e-04
-2.284047824017143569e-04
2.348365892734793903e-04
-1.144904086610276650e-03
-7.783439853923379559e-04
-9.282085340789336669e-04
8.380928394573494700e-04
1.785096424872900656e-03
-5.328723870867690948e-05
6.771217327179446244e-04
9.728728242019979433e-04
1.890037741987482534e-03
5.848593813611024927e-04
1.359119518795193216e-03
1.864924954705138305e-03
4.504573962447189217e-04
2.618299620803288263e-03
2.052687361956184731e-03
1.480584591144751272e-03
1.585470365598196096e-03
1.096421768794764162e-03
2.606682421890660351e-05
-5.913216078154981403e-04
8.345396499356283471e-04
-9.357093742039523931e-04
4.544262936823084686e-04
-6.591657478463019970e-04
6.422601292617180491e-04
4.413101684286324655e-05
1.262043260998879646e-04
-4.809211351646247579e-04
9.264755199780427830e-04
1.105944406540437797e-03
1.839746041076173455e-03
1.272994449666331462e-03
1.625935738013950527e-03
1.141462936604664691e-04
2.716272379147177674e-03
2.261892842933876935e-03
-1.380949151346122505e-04
1.355620411897628941e-03
1.003182202234498277e-03
3.793066092505625875e-04
3.121646684953960360e-03
3.679828440930066336e-04
5.206285616741190836e-04
1.301417195809673188e-03
1.899636544798966042e-03
2.129066687837077865e-04
1.849680902871408961e-03
6.729186612177695537e-04
1.035709496031600452e-03
2.205940632113767563e-03
8.330842179125053093e-04
9.138211835559850726e-04
3.772397012506978342e-04
5.518639487516185937e-04
1.049549513634673303e-03
-8.287004874059089587e-04
2.656758004963233333e-03
2.185652212466360211e-03
4.828704460861921177e-04
1.011835629077806331e-03
1.717338221978170765e-04
4.841293033885918362e-05
-8.159753284060489165e-04
2.301896825726013063e-03
7.827076356579087957e-04
6.136568910897199913e-04
1.309278181609085934e-03
-1.288012752162170926e-03
2.277828495059974756e-03
-2.810072050560830093e-04
2.940574637413373438e-04
1.166508142156352790e-04
1.047043333970876233e-03
7.020255384206919302e-04
2.648564439600598064e-03
2.875041732604000089e-04
-1.002403176813881913e-03
1.632373575377377151e-03
1.448810822421320310e-03
9.200711500121361297e-04
2.627360957440538769e-03
1.927863061606638340e-03
6.553393654828987280e-04
-2.766931177873299674e-04
-8.890077472945012715e-04
6.509328272099601520e-04
2.062462716194701784e-03
1.429352912444725732e-03
-6.423030247426630979e-05
-3.136366216744956859e-04
1.413924865589999413e-03
1.670239686331731477e-03
1.770409313550880270e-03
2.113240047060482851e-03
1.232163066853253497e-03
1.521848708023521013e-03
1.067121756871847182e-03
1.642215044630468412e-04
2.908610267522204751e-03
1.775804811843251230e-05
-1.431673734222371763e-04
3.355261929470776394e-03
-4.434057006696967562e-05
1.027450943701158081e-03
7.867098496152635789e-04
1.061300898059114317e-03
1.655859516341395832e-03
1.147372475560404226e-03
1.191546751152960937e-03
1.436412969556766228e-03
1.859966772974841476e-03
1.592415381692635634e-04
-1.502170117652967818e-03
3.384899788723805258e-03
8.524890931829176566e-04
2.080837860300999154e-04
1.684948502109984148e-03
-6.456756545181185913e-05
9.133812341064473372e-04
-1.429426833912339490e-03
1.846910715953553606e-03
1.348529307211743244e-03
2.855949567347915163e-03
6.833446487564120986e-04
2.332012058179566694e-03
5.293388699578738255e-04
-1.504421652689602595e-03
1.350108533431093605e-04
4.857183139175269559e-04
8.802044562283839468e-05
-2.831450029694426718e-04
-1.901747834864853104e-04
8.391864180317121225e-04
3.576998748362480995e-04
8.981902960663035174e-04
4.273887559429478955e-04
5.259687918823807706e-04
1.258937098804313592e-03
-1.202568653013713629e-05
5.377237279358126898e-04
1.527323718806261610e-04
2.310231170699506009e-03
1.109660726175132339e-04
7.532075229352841461e-04
7.292573045083461381e-04
2.778991051879398100e-04
1.524739287251497544e-03
-1.122671414681253310e-03
3.294513114258101893e-04
1.483186969904126684e-03
1.663619916887126848e-03
1.973284391354468426e-05
1.025152318030908560e-03
-2.183889631264257503e-04
5.068629879447783537e-04
9.484214863977324939e-04
3.614096526172172474e-04
1.652029732369442172e-03
7.889822077566943648e-04
1.881363655239942645e-03
1.073650981027407525e-03
-5.230623823122559912e-04
-1.854885809753348269e-04
1.142204851009909206e-03
1.595677793272631817e-03
1.514744370569864884e-03
-8.759145024805903290e-04
-3.435885361793289405e-04
2.115566575100480406e-04
2.826703735069546752e-03
-6.905385107078831908e-04
1.975506819713368500e-03
7.002476534923030016e-04
1.513490263569172711e-03
3.119528244965419361e-03
9.458528105319441437e-04
1.783574800844345276e-04
-4.911187646152725961e-04
-9.702351657676633323e-04
3.376159033949832633e-04
-1.521695458455152306e-04
9.867400983551988247e-04
4.072719785900957845e-03
2.281332429037163934e-04
5.722907514078556801e-04
1.640941634377002245e-03
9.489798502677615488e-04
2.766685967192650253e-05
7.540841153030886090e-04
6.317596469243014212e-04
-1.244388198016199709e-04
1.954870164001532018e-03
1.176650442302751287e-03
-9.073370756609300258e-04
-6.240006745226178708e-04
5.532009322795072848e-04
4.103669798674047797e-04
1.489758359139781163e-03
1.252600427629868562e-03
-2.552823983821284060e-04
-5.567911585468987568e-04
-3.286467446717011853e-05
2.532443090970559751e-03
2.472431532386298869e-03
1.953158995240178442e-03
-1.407711537803280066e-03
1.946599326727804780e-03
2.064516550055683908e-03
-6.417322690441817912e-04
6.139639993463230638e-04
2.038785796828923580e-03
3.711116763007726860e-04
1.424206125954841085e-03
-1.275905957241807442e-03
-1.193478157315297494e-03
1.264211494481859432e-03
6.235189851795386318e-04
1.935482338349503451e-03
1.738535494826276562e-04
-2.738393778269676559e-03
6.307288087792350950e-05
1.322875300051595815e-04
3.600416614417678574e-04
1.504836383994678783e-03
-3.786360190018989158e-04
3.789311566757547212e-04
1.586344125412475492e-03
2.145414439084003533e-03
9.436925864223510985e-04
-9.269729749805666330e-04
-3.832550641418297488e-04
1.982798919184958208e-03
1.240925841760054382e-03
2.399596977691320632e-04
1.703682102792258846e-03
-9.377436651103465692e-05
2.234413343207286573e-03
1.525615670723512451e-03
5.946243850272203701e-04
-4.285093462079725413e-04
3.755354920240705496e-04
1.366638696465027891e-03
1.346878030360043610e-03
-6.516512206806712726e-04
-7.866214716045760724e-05
-1.357010712372597183e-03
-2.083257482672351557e-04
1.183119376669150569e-03
1.258898494687743508e-03
2.549220333218915613e-04
8.860091060969299548e-04
-3.429557144523087686e-04
5.474427987994801015e-04
-1.252659949229961711e-03
8.239013687914020778e-04
-5.802335013982418133e-04
7.377132658223928274e-04
1.570503731260775027e-03
1.871957062211881961e-03
7.850030267322338773e-04
-1.283572615977446318e-03
-5.146617615283677338e-04
3.477937154059418390e-04
-1.143184161571664248e-04
1.030159175886113943e-03
-1.547921365569804308e-03
2.475770377803332423e-04
2.495775989661108696e-03
1.201800472745429005e-03
7.651912766226676155e-04
-9.901414113819839713e-04
4.450567244009828727e-04
2.891738481343830713e-03
-4.352311843418554815e-04
6.833291996319879047e-04
2.998651036931754277e-04
1.251506836460469785e-03
4.904996924375293332e-04
2.270507881017458374e-03
-1.166434086607992526e-04
-6.311932406160014608e-04
-3.451650188823762733e-04
2.145010285592885424e-03
-9.545731155142789248e-04
-1.050676365454972228e-04
-3.702741015747523790e-04
8.949456061841942756e-04
1.827937104921684153e-03
1.109022805066084416e-03
4.936562219541862362e-04
-6.940289153742895678e-04
-2.128718318905598039e-04
5.630813264654310757e-04
-1.408954266113315867e-04
-1.172196232839262109e-04
3.365619630890659408e-04
-8.039917598046120162e-04
1.725283879089323236e-03
4.239926952804839999e-04
9.729277373544675811e-04
2.822486210464880685e-03
7.736144637087161158e-04
-1.839278344952788302e-04
1.005219430156190086e-03
1.001832847582040387e-03
-5.658916069255504055e-04
8.260913863273877666e-04
1.123925126737423952e-03
-2.623471493823359424e-06
7.126209967813768031e-04
6.265910430691690181e-05
-1.808637922946498833e-04
2.987505359515196801e-04
3.043033435310649182e-03
-1.567298863075494708e-03
-1.415162800464830894e-03
-4.158173787671692878e-04
5.957065640511682858e-04
1.048169117909836245e-04
-6.847199112909319041e-04
1.184008015724158369e-03
5.020896897560689354e-04
-2.124528470337727626e-03
-9.585866176415880346e-04
-5.933633622672296326e-04
1.141766485877715454e-03
2.291843211564836835e-03
1.199464121230953140e-03
8.879161798340806655e-04
1.753497856493702045e-05
1.076708378424218182e-03
7.035139840534387901e-04
1.834004007042144835e-03
2.269013250120410774e-03
5.607942238281538039e-04
8.730943322261541795e-04
1.457837575009612863e-03
-9.874428550458169696e-04
3.463779277796952272e-04
2.075516785588593649e-03
-9.892190423490543338e-04
7.936331200502078076e-04
-9.212152764894732115e-04
-9.874251433217295926e-04
5.085303199057200629e-04
-6.313243612121599568e-04
4.983302950203327697e-04
7.631833335635107574e-04
2.947697874089438841e-04
1.581355578346155255e-04
-2.628199055565438869e-05
9.703246764238837585e-04
3.353363517288876494e-05
6.500410938790057713e-04
9.938806594378402082e-04
-7.626784134395769854e-05
1.193058144719483238e-04
-6.223090741426240413e-04
-4.460997751827289193e-04
7.616855868322058853e-04
1.329590347637576997e-03
1.646021329379188103e-03
1.013739680549408106e-03
1.821504884968128124e-03
-3.301184275841251292e-04
-1.941817914802301814e-03
2.036618174102944323e-03
1.395174144665167759e-03
1.924289671900059062e-03
1.140607676567650941e-03
1.129393416023916075e-04
6.724646118838606412e-06
1.571595652751778260e-04
7.002190499842964044e-04
-1.555352747923954837e-04
1.861483729599378023e-04
1.561961006435241828e-03
1.377788131349255707e-03
2.370316586982390561e-03
1.518553636320252309e-03
1.275047538414453285e-03
3.244002446975979836e-04
1.574111426667634817e-04
-1.010381754603884019e-03
2.368207647361453283e-03
-1.610613389968262865e-03
-6.797442301456069202e-04
-7.032758822256290898e-05
-9.541163612769576474e-04
2.943908991974719669e-04
-1.433627669542580918e-04
8.283063887304376038e-04
1.927163650385477212e-03
1.985301087439328427e-03
-1.694584739309057397e-04
3.635153491892140210e-04
-2.994044694351050140e-04
4.126178360737142725e-04
3.771435379105181340e-04
6.953977937225186423e-04
8.839690160349356063e-04
-4.779301250557033143e-04
-1.401441407319792276e-03
2.174928420353827718e-03
1.436922281936814372e-03
1.608006419065555193e-03
1.372358496117831450e-03
5.100335529262256529e-04
1.063288195208622611e-03
8.940087312800937269e-04
2.178160715389898527e-03
1.158403699351051586e-03
-3.917113130671445731e-04
1.874961831457300221e-03
1.313625817031649490e-03
-1.181825109917156169e-04
8.027638591820984715e-04
1.689834801092970906e-03
1.384883724687924200e-03
1.329511297563978900e-03
1.637134296848419268e-03
-1.946409486082156803e-04
7.373013663651839522e-04
-6.778610551982922061e-05
1.920957575015203034e-03
1.412097941696721648e-03
1.288432364909830596e-04
1.243697723167569436e-03
9.269771692401729268e-04
-4.962205417802234564e-04
8.139735318024587940e-04
1.130738624946170390e-03
1.390067886875234748e-03
-1.835082317424463483e-03
1.200308121512616566e-03
1.919980887410632775e-03
-4.352292275038305291e-04
-9.776528925036220841e-04
1.729732129566174947e-03
-3.732791428445736415e-05
-1.776981720533754583e-04
1.718935983671787682e-03
-5.741515386179507630e-04
2.848529522978759942e-03
-4.025526825710556977e-04
1.086941145577835499e-03
-8.423697219139825165e-05
-5.333272233429831033e-04
3.463054630734596628e-04
1.039000507366161230e-03
1.191355974377472648e-03
-4.943224173883375983e-04
1.622775640520268681e-03
7.513350838217469629e-05
1.706507188693917598e-03
-5.163301165522771186e-04
1.816958998983597695e-04
5.477126116861796845e-04
2.271514311678490827e-03
4.491297524469306524e-04
2.759289803850872858e-03
-8.984635589426304136e-04
7.523669792093290454e-04
-4.870465241246790811e-05
-2.444861826846889130e-04
-4.010522288371287658e-04
1.673870281924783043e-03
-1.291213804790469766e-04
1.212018807234205298e-03
1.812065689520414580e-03
-2.039201028700698970e-04
7.958486634054295905e-04
4.458542755181316153e-04
1.073901220224993125e-03
5.231733247557102118e-04
1.504615055174962635e-03
3.207266215134341181e-03
1.052603729076340144e-03
2.059588908679854669e-03
1.427054863471166612e-03
1.849309766322360105e-03
-1.449114163514231279e-04
4.525855251664712142e-04
7.695266597784744533e-05
1.016269375231360073e-03
2.967745712585179163e-03
2.591473430493929087e-03
1.636581590050756319e-03
2.213021975109974449e-03
4.426365160581369196e-05
3.436368117329724470e-03
-3.965923474946730920e-04
1.601465445219441008e-03
4.916583723035827802e-05
-1.001653762519261193e-03
9.201085057908287013e-04
4.684015123339602127e-04
4.426416737246530175e-04
2.238076108137754261e-03
8.694411761736020594e-04
4.477241466256387525e-04
1.218774322301330315e-03
-3.637774222851053452e-04
5.800840898222414665e-04
-1.882725089383807671e-04
-8.312074249234857604e-04
-1.141464716085227593e-03
1.131461795684796101e-04
3.986153395030278546e-05
-6.904236367171190381e-04
8.447802284745620227e-04
7.387912527805351459e-04
8.718049606777356075e-04
2.277260521923007985e-03
1.157791715884481931e-04
-2.172034226324282002e-03
8.390955610531047881e-04
2.352530645369110829e-03
-1.517762652660348266e-03
1.556057637507102243e-03
9.771511049845305052e-04
1.734023406243956344e-03
2.785601012889049599e-03
8.904481442095768529e-04
5.924097093978897277e-04
9.120852768216280992e-04
-4.867074998129439223e-04
1.194321159021516365e-04
-2.134303373146906324e-05
-9.131028959430409486e-04
1.539480050408714717e-03
-1.349641011749724839e-05
-9.044339256487621270e-04
8.443371586799308659e-04
1.928480385840813938e-03
1.254792147314498507e-03
1.199669571368300325e-03
1.959122815273994789e-03
1.124672806128268476e-03
1.714633015814648331e-05
1.056150485301277087e-03
8.360876942525852229e-04
1.104944981707767226e-03
3.878693953137890560e-03
-8.107846899070292324e-04
7.678897982419385926e-04
2.354713058056345787e-03
3.049734826694461276e-04
-6.158779221179244701e-04
1.438543176244033717e-03
2.230065677019554826e-03
-3.717213824507847875e-04
1.408588757090489807e-03
7.049784606074638305e-04
8.029968714251545236e-05
6.003985445233173124e-04
-7.451911608513661633e-05
1.278807332083520265e-04
1.282491415504516397e-03
7.026362491195925486e-04
2.523674193388059095e-03
-2.551043371004091398e-04
-5.487076938954782435e-04
1.917238791870889969e-04
1.900240703494260330e-03
1.488596950415033149e-03
1.096554290993312364e-03
1.182856404686738472e-04
1.459726035960340340e-03
3.156683531268189569e-03
1.795615819087936771e-03
5.421211074578824451e-04
1.642651814536710830e-03
9.691913686802333672e-04
2.036417540725032893e-04
2.107436711449306443e-04
1.926307723423503759e-03
7.841898954974446667e-04
-8.655598983899892573e-04
1.514080747470947230e-03
4.815880778219483460e-04
2.480775458051365234e-04
3.680611241594355931e-04
-1.135509965390912868e-04
1.637692234949250647e-03
-2.632649048677437875e-03
2.322177149060911105e-03
1.505731806334731360e-03
3.938815132862316659e-04
2.021523344764020180e-04
5.337534877554173107e-04
1.036081571523128630e-03
3.010464974220194989e-04
9.115313851815187718e-05
-5.426535690016276448e-04
1.917129151508767393e-03
6.951757582052131568e-05
-1.069329048212441791e-03
8.086542240874905474e-04
-1.313382079759506382e-06
6.205802558356676712e-04
1.738846956944373190e-03
1.228760539396356322e-03
1.243604888262694885e-03
2.496849813011792207e-03
1.354547860734189868e-03
8.155365965540894990e-04
1.123263725694823023e-03
1.526668443192491509e-04
-9.141964697905180515e-04
6.009673707008111876e-05
9.712561708030698071e-05
1.990812462393964921e-03
1.646647935564349297e-03
2.014548664012627555e-03
1.158687634144062173e-03
2.469084961853607041e-04
2.134972740166274363e-03
1.443386436120963623e-03
3.149041118684081653e-04
1.186974973635734898e-03
1.970501969176030599e-03
8.898141755535604602e-04
-7.851126185620671549e-06
1.190867762317582290e-03
1.610659060205410498e-03
-5.086866723320593309e-04
1.918728243661238508e-03
5.920346035899193282e-04
2.570699428585676571e-04
-7.262340764992991637e-04
3.162189070369469945e-03
-3.528386463085286806e-04
5.220319676260132269e-04
1.236117845273998483e-03
-2.475474156562462724e-04
-3.754515643195066588e-04
7.011794722084907505e-04
6.211019598576505985e-04
1.203387711381731506e-03
6.855306991053744525e-04
1.640529828815573410e-03
6.551220621409115097e-05
8.286498907004169467e-04
-1.938766155038518235e-04
2.121103751753006250e-03
2.632013658505627518e-04
-1.670333200758378212e-04
-7.398076094662364710e-04
1.541633408215004053e-03
1.077320017622618309e-03
3.309035146472627531e-04
-1.491356193271453634e-03
2.115487560698126046e-03
7.032848095027688373e-04
2.161948942839497789e-03
-5.809891255852406289e-04
-9.908763823882615895e-04
2.096255377237454809e-05
7.410979802222605883e-04
7.417931097768448723e-04
5.761051597112931688e-04
1.750428266828585322e-03
2.277553192071346544e-03
2.366230457706341994e-03
1.735910802343143544e-03
-7.597395856606681264e-04
7.622099198321130586e-04
3.519858446983104017e-04
-1.488645155331980163e-04
-1.731868176739759235e-04
9.608892280670300323e-04
1.410017445476974274e-03
1.473309348926754581e-03
-4.948281192009851281e-04
9.856217694892421832e-05
-6.176672842388430951e-04
-4.767779111070069575e-06
1.326472401359746200e-03
7.118578252773843928e-05
4.898567252398233762e-04
-2.725050315190991057e-04
8.627878108469211327e-04
8.824043844706253026e-04
2.372918267113055535e-03
7.014004217318348111e-04
5.955573852587381367e-04
1.513248533324684786e-04
6.581153683391516296e-04
1.659182789830904170e-03
1.073248258096182184e-03
8.758885706130481452e-04
1.213177681557153775e-03
-2.635907192605202454e-04
8.780606975744564835e-04
6.703856290044551969e-04
9.750228697606999617e-04
1.648182058652691850e-03
6.016552964238641721e-04
-4.446454720494763535e-04
1.316964563213840478e-03
1.852495981431889760e-03
6.980654466099966982e-04
1.445596699519713368e-03
-3.567491692630930800e-04
2.989759097834499002e-03
2.560452755914877088e-03
1.053628782601512270e-03
-1.220803285197025190e-03
-5.969036663755478145e-04
8.779558868952097583e-04
1.700874005093222507e-03
-3.502313999272921308e-04
2.429698471191343856e-04
9.368609680611150736e-04
-1.128098950653466659e-04
-8.170757448842103088e-04
1.088697333232024889e-03
8.369995155244058793e-04
1.470101754807773276e-03
1.923896732142882371e-03
-8.646615905738563868e-05
5.165249976935015752e-05
-4.096917864351290461e-04
2.133853738155444546e-03
1.757282173450835927e-03
2.312502030981100631e-04
1.180548763573652238e-03
2.236418289641273205e-03
1.299797852627460060e-03
-1.826843167427316672e-04
-9.951364168125920173e-05
-7.224735000357362935e-04
2.628215954255663789e-03
3.794979296556366677e-04
1.112565411160115758e-03
-7.781853980142194871e-04
4.029065069184323278e-04
-5.926566060763249766e-04
-1.184899151316365362e-04
-5.569455403076073452e-04
6.638627974260291609e-04
3.300642102208595219e-04
-2.022066353482010470e-04
1.351411998894436195e-03
4.813389047475524762e-04
-4.803939906035115115e-04
8.254087252530517560e-04
7.569437810481804974e-04
-1.139174590963021316e-03
2.791276051880453579e-03
7.180003095919040845e-04
-3.254098270650818137e-04
8.326183701456990605e-05
-9.688599958925792066e-04
-2.410070413439768799e-03
9.200674039004930194e-04
-5.426083462443109795e-04
-6.518115262332813131e-04
5.122289486192421748e-04
3.764251322533329613e-04
1.107283389076174629e-03
-4.005439296752566491e-04
3.183369565682436786e-04
-9.658759462169985710e-04
-1.052526477080428791e-03
-1.179587778444179946e-03
-5.041943168273554932e-04
5.508299293488505555e-04
7.429879193616706345e-04
1.716881327243235944e-03
7.858792794952496052e-04
1.280669735186146241e-03
6.494122499931531678e-04
1.571265556335577074e-03
1.041633586470469552e-03
1.371632988798499042e-03
6.182405704564519766e-04
1.909386200229512554e-04
1.183890173105828225e-03
-2.619765696223463891e-04
9.149175983138579937e-04
1.215432532767790619e-03
1.146669449566761756e-03
-5.478599276178552913e-04
-4.622704972505609078e-04
1.091879298071196658e-03
-2.045570075008829036e-04
3.995758381711844720e-04
1.592954719290995413e-03
8.762934610007100389e-04
-3.051354481744539271e-04
2.040996496426528140e-03
-1.148380145078231607e-03
3.195898655536932864e-04
6.342969338810622304e-04
-1.751734134919136210e-03
-6.041176676894188802e-04
2.493201783433374175e-03
-1.072798094666982394e-03
2.032709546994082572e-03
1.566319797862814056e-03
-2.128247084571821546e-04
9.388635755176455433e-04
1.141986926261440161e-03
4.017022443176809787e-04
1.876555216331343701e-04
-1.400120538042060048e-04
-3.266908133281454241e-04
1.742318689314625857e-03
1.543697601020799226e-04
-1.251022456443262598e-03
-2.051913313372288883e-05
1.093797572636834303e-03
-1.306571277622348148e-03
2.401963526104111679e-04
4.084659577474614167e-04
1.841396300416464626e-03
8.521789744904140207e-04
-1.870217317948563718e-03
2.572931677820466945e-03
3.475565595376650663e-04
-1.107205104826647357e-04
1.252492134130589463e-03
-1.722467346707556857e-03
4.842048817497168756e-04
-5.354528819387915917e-04
3.319856811987431655e-04
-1.541275710637224350e-03
6.472022826213841284e-04
3.349990988144035953e-05
-4.781191232408055214e-04
-3.158570360985990533e-04
-2.421897522943972092e-04
2.497271875021578325e-04
1.581760214292016187e-03
-1.014080671842387815e-03
-2.572218070928666833e-04
1.018737524985935394e-03
1.733982495774721855e-03
6.431067826095926421e-04
8.045477944094159284e-04
1.291801350453258834e-03
9.455815982839510525e-05
1.641820491890211287e-03
5.441377986661333210e-04
1.258434037477940137e-03
1.955196141574466751e-03
1.877996256260949792e-04
1.788553963628647381e-04
-1.757672718130098843e-04
-1.779122847818781494e-03
4.712145326328798234e-04
1.333579839728704641e-03
8.114206105442889339e-04
1.264779709516661299e-03
7.553196759433333796e-04
9.437357729229489678e-04
-5.224069900848782311e-04
9.340146157157391826e-04
2.690860095966307597e-04
1.289730932226174076e-03
1.714530425884763787e-04
-8.607118269015057166e-04
-1.438211719051452064e-06
1.413067967350745135e-04
1.071023716913366286e-03
-1.076375108215454901e-04
2.015467775595691791e-04
4.820656430259973035e-05
5.371107195508706411e-04
1.236773750881825507e-03
1.404147347694673087e-03
1.809235655494401129e-04
1.055700518523439158e-03
1.322262632308168762e-03
9.449905466674124455e-04
-1.583824757192653365e-03
-3.147880901104294082e-04
1.803021957549333365e-03
-1.217010246427507880e-03
2.097344531337697049e-05
-4.601279302827165907e-04
-3.039973737459789049e-04
1.677036048544078284e-03
2.232572484768713394e-03
-4.215673664347274752e-04
9.535889719478607418e-04
2.183373542171462844e-03
-6.661076486231820581e-04
1.649178480456425788e-03
-7.362366924845709093e-05
-5.775247745478662154e-04
2.463148598074171858e-03
4.325885586604627520e-04
1.786584419982917282e-03
1.516061517547351301e-03
3.289429693820844491e-03
-1.498718869654691588e-04
9.756906783657814941e-04
9.182578559940868246e-04
4.285149786054098797e-04
-3.527630645938639731e-04
4.842633606818580461e-04
3.154596408612153624e-04
1.363648077981505224e-03
2.467846706449616789e-03
-1.005875079088669466e-03
8.266138914119203207e-04
-2.277213585255566386e-04
9.454146574050525942e-06
1.135125247834212203e-03
-1.147389223952188786e-04
4.895715360431207586e-04
6.158082005773835022e-04
2.171940929918347862e-03
1.798039213050106611e-03
1.878561520192834067e-03
8.550892593026659938e-04
9.892291544721931729e-04
4.358701921036711724e-05
3.429221774582380533e-04
1.233589610879048948e-03
2.395255573084842382e-03
7.503365009022822107e-04
-5.735115287044401100e-04
1.910500143348370372e-03
-2.494248814126631686e-04
1.210220789180427303e-03
-1.111521958299110935e-04
7.003493151753747981e-04
-5.910399353250550547e-04
2.620039016043795854e-03
3.215841080632664273e-04
1.378777912601991673e-03
-9.296889999830248996e-04
1.429671720879710506e-03
-3.523245440093525360e-04
1.110697874397992280e-03
1.725851137897471688e-03
1.896920089450304658e-06
6.169473006356618328e-04
9.027394630864993275e-04
-2.731320090925137833e-04
-1.452378221602712571e-03
1.017953241297719913e-03
-1.783425505799574040e-03
2.533333272238813549e-04
8.058401003641080251e-05
1.466120034123941096e-03
-1.392532344929531263e-03
1.369164918755050309e-03
1.015518247966529231e-04
-7.188691244788270041e-04
3.449978098766237622e-04
3.305173947236728083e-04
9.928409887576261639e-04
6.698565177285509264e-04
2.212013130233891900e-04
1.208656547769582090e-03
-7.086316005344706070e-05
8.067803402722617534e-04
3.635179103655961086e-04
5.952121969476920071e-04
1.615442391566412894e-03
1.324682290972933885e-03
5.095863025750269060e-04
-8.128862898242328328e-04
-3.187888219859935646e-04
9.658441737900869128e-04
-1.620722269684016226e-03
1.063567944203924753e-03
-1.814487723921009987e-03
-1.148385824474296157e-04
-1.080697982342782026e-03
-1.619271629381247024e-03
1.315618445942856596e-04
7.103393965834925439e-05
6.764956545945999267e-04
8.684615422165364862e-04
1.382625716131569149e-03
-2.018843539357551009e-04
-8.249898942760403031e-04
8.938390521067152150e-04
1.309382147938187302e-04
-1.113982166029314769e-03
-1.255735117676515245e-03
-2.967588494804385135e-04
3.575057568392381313e-04
-6.646102505931672511e-04
-2.525231435108743483e-04
-3.371984082942702798e-04
-9.908163385503598874e-04
-1.034440145573523040e-03
-4.669520637317070566e-04
3.546354602435020098e-04
-8.002503735051735845e-04
-1.084953349147710355e-03
-8.891461435658332135e-04
-1.159122163978620890e-03
-1.917746272174669642e-03
-1.148420785933357280e-03
-8.828745671374260695e-04
-1.357207268276816592e-03
4.669499512373054273e-04
-1.471186079505582001e-03
3.127702539518217861e-05
-1.039169870527656414e-03
-3.701499214985304320e-04
-1.028469794938313697e-03
-7.957277530845630054e-04
-1.444239595677299093e-03
-6.663616256448179342e-04
-2.083699138109018634e-03
-1.490906517545020904e-04
-1.122797509858441956e-03
-1.437380651222452954e-03
-1.719151750114278343e-03
-1.565074803735022613e-03
-1.392977812475493238e-04
-2.152001298826311526e-03
-1.242204207533514904e-03
-1.316151165670298440e-03
-1.723225837414688044e-03
8.747471523957717210e-04
-2.499990998795720287e-03
-1.606087354868002137e-03
-2.077758203226087730e-03
-1.012543441478719330e-03
-2.053109958597865159e-03
-2.124372717465572435e-03
-1.819751409348535631e-03
-1.397716609124577403e-03
-1.589836912742281783e-03
-2.032147366504588604e-03
-4.898822607046771083e-04
-1.190954519026510283e-03
-1.842110752590109257e-04
-2.547097513503571165e-03
-2.985089623046777163e-03
-1.952369362309580580e-03
-7.349745268956375810e-04
4.872209562460927401e-04
-1.337090897418180546e-03
-5.472642840165242717e-05
-9.798753247360902918e-04
-3.438772085405217283e-03
-5.202183716155328597e-04
-1.772447574377444823e-03
7.199477287762601208e-04
1.359840821250291043e-03
-1.584922467792182488e-03
-6.331768844094476378e-04
-1.716019427997705904e-03
-1.734551805148143444e-04
-5.200426082925257987e-04
-8.514245915820506383e-04
-2.797241209260281636e-04
-3.412368877353522123e-05
-3.951111920397210042e-05
2.910525353791992842e-04
-5.796360729071192708e-04
-9.188649786033842304e-04
-1.277508242248481807e-03
-1.335563868121170117e-03
3.549991235192173633e-04
-7.625821844339242261e-04
-1.864579263475274473e-03
9.766431531321728698e-05
-2.492703072554114385e-04
-2.278599076854792571e-04
2.250945770654322331e-04
-2.473573534808259922e-03
4.776396900247892319e-04
-7.350323759338639462e-04
2.834612409643444408e-04
-7.028138080134027632e-05
-8.656094792174329200e-04
2.248864160079300234e-04
-2.904720685408257452e-04
1.888996197418890688e-04
-7.736942459835027819e-05
6.436174025106211616e-04
-6.596652985424444893e-04
-1.613445817005620953e-03
-2.089872094133804481e-03
1.373216870115712140e-03
-3.973407322943600661e-04
2.213827275304502962e-03
-1.051726786023499116e-03
1.032395859248858017e-03
-2.663965667082379696e-04
9.690695965642870391e-04
-2.259105225381752291e-04
1.991425023822435136e-03
-3.273309551077296931e-04
-8.884723395301552529e-04
-1.200273207431878930e-03
1.376718498933948709e-03
-1.011420519358097181e-03
9.315285669755368758e-04
2.062854096425592587e-03
1.363254799234603354e-03
1.563519109390121287e-03
7.847898240962436489e-04
-6.989130422492273453e-04
1.834618054018299915e-03
9.173301496006036615e-04
2.168404546035729297e-03
4.720085781018124038e-04
1.132086209210569905e-03
-2.016828965276884489e-03
-1.987695796645816415e-04
-2.496427791711663957e-04
5.599836552903081355e-04
-6.743150546955067881e-04
2.375519925670310784e-04
1.430102782413067430e-03
2.013641137568189521e-03
4.298929014419083927e-04
8.500246685074763775e-04
8.762724768749396986e-04
1.165159004310467594e-03
3.749395885253026250e-04
2.030617197745998581e-03
1.373344000851428603e-03
-6.242871574315689287e-04
1.980676197228747881e-03
1.141265602149665881e-03
5.516610361224749681e-04
-1.266919689400181070e-03
-2.087563656169688642e-03
-1.923718587560685478e-03
8.323798278939698037e-04
4.422900433298515566e-04
1.446331064954398116e-03
-1.734961180610561371e-05
-5.938281378863319304e-04
-4.598478337651812353e-04
3.043556311530526415e-04
-3.253268156044875070e-05
-6.174061854804513416e-04
-5.386737547017350636e-04
8.206554199503557356e-04
1.173869944222971640e-03
-2.490919678914682578e-04
1.218843389747759076e-03
1.206242353600783801e-03
-1.695164534736282036e-04
6.550360536976551629e-04
1.232602924605918915e-03
3.763597179853306329e-04
-6.585558792333578992e-04
-1.105041868149303497e-03
1.422060820587933705e-03
-3.793851908311385301e-04
3.272261933318088012e-04
-5.445246722226571023e-04
6.654420050686837840e-04
-3.640861928577709961e-04
1.125446379382166739e-03
-1.258493748838018789e-03
-1.263852262063158705e-03
-2.136720983278994623e-04
1.376584831495719641e-03
3.767778613261718590e-05
4.933224159022753241e-04
6.436696174514366930e-04
-8.015148428104357237e-04
4.730256086613593425e-04
2.538269753113997496e-04
-8.325516943568089800e-04
-6.658760346940351127e-04
-1.347555815407242008e-03
6.718340159150848478e-05
-1.353038586125121512e-03
5.011753551515951699e-04
1.039400248912691893e-03
-8.537547122400290789e-05
7.670328680242644026e-04
-1.503630184955806470e-04
-1.651869519141424547e-04
3.355507616908948165e-04
5.075051003800012950e-04
8.138869711435958720e-04
2.853952227410694320e-04
3.593290843042495908e-04
1.224004256309196847e-03
1.443854435906111178e-03
1.507498335707513348e-03
2.256045302933440411e-03
-2.410970239385967773e-05
1.912041875585579476e-03
-5.143138873631158958e-05
1.498250329238448586e-03
2.082490861381458558e-04
2.259290377511380399e-03
-6.955918827031837282e-04
1.995526005976966388e-03
3.686047673232550892e-04
-4.159980119007311572e-04
5.392871051279612971e-04
-9.779094049322534232e-04
3.835550077102567457e-05
-1.393867570770757069e-03
1.047336492062234115e-03
-4.391143349398163309e-04
-1.681919860512692821e-03
8.945818915799819138e-04
1.322435856081494165e-04
1.805793508928843494e-04
-4.088916382067875332e-04
-9.969005681413900533e-04
-9.790462436465308116e-04
1.716838490683381124e-03
7.482449207545371905e-04
-8.356103513904589164e-04
-1.670333957777270228e-04
1.132781515349456924e-03
-1.519943426631087391e-04
-4.069629983771694270e-04
6.605589961359292772e-04
2.531786840416883066e-03
-2.763726084737960775e-04
3.985112452959960194e-04
1.111801735790285406e-03
2.384400286301602279e-04
1.658543354432495676e-06
-2.623930947156516424e-04
-4.825134540435982444e-04
4.537105254676099264e-05
-4.942174527724496613e-04
-7.894587975625366738e-04
2.240016447422110701e-03
-2.801300701479769728e-03
-1.362048493776413238e-03
-1.241335331783499640e-03
2.393754136196246662e-04
3.638928437001975880e-04
-1.025661749330719630e-03
1.489272279480591266e-03
-8.055361247480963272e-04
2.251671215858008779e-03
4.363919125451865000e-04
-1.265479829491544805e-03
4.834092612886475848e-04
1.236731252081346710e-03
6.643628231517428873e-04
3.900262341200999572e-04
-1.906629250356672856e-04
1.086482450702419555e-03
-1.906915683455689958e-03
2.112735357592931962e-03
5.268052770985853783e-04
1.529000552057180329e-03
2.674103668482974427e-04
2.381993297821294320e-03
-7.488525362375764161e-04
-1.503588047793824600e-03
-2.716076055060412386e-04
-2.731502788042572405e-04
1.378791478159779871e-03
1.502908915506528942e-03
-6.767150846023195498e-04
1.103191157417304780e-03
-2.366343111937174726e-03
-1.005326509069259799e-04
-1.260016979312661434e-03
-7.158010624475075190e-05
-1.501373079112466868e-03
-1.453485052795189247e-03
3.341067678237497063e-04
-2.191778245608677622e-03
-2.493990828915659819e-04
1.155133610653003018e-03
-9.347383523687913254e-04
2.262489807974166212e-03
-5.586330282227880417e-04
1.385383115385163677e-03
7.250800004476865013e-04
-9.018264432372191663e-04
-3.975377466036711382e-04
-1.056059952365018262e-03
-1.094539221047075017e-04
5.186016357270339938e-04
-1.018219676495402126e-03
-3.159037980255963163e-04
3.665267423025309057e-04
-2.103479045179268425e-03
-9.251924884330353649e-04
-1.469749075015513995e-03
-7.738128270970978662e-04
-3.504130872902244676e-04
2.488251141330444227e-04
-9.947568488937186260e-04
1.144836442972252399e-03
1.076324877278489467e-03
3.862783785133494519e-04
-1.255105864519379111e-03
5.509948829300892470e-04
-3.842100015560845350e-05
-8.249469413579291199e-06
5.621739725649721464e-04
2.892715193536510299e-04
4.537940923314831565e-04
-7.940628712344022233e-05
-3.311707850088829730e-04
-1.188610320470795401e-03
-1.723145947916115972e-04
1.081124575844194524e-03
-1.208606689382385468e-04
7.312602299192061395e-04
1.139541717258607534e-03
1.187124953212936873e-03
9.406134858802595033e-04
1.932998819004438928e-03
9.217098556169034396e-06
-1.017849040207741140e-03
1.123069638174545304e-03
-1.393051726367611209e-03
1.698996875880265378e-03
3.164492606566593480e-04
-1.424059679087985586e-03
-1.533843766619913396e-03
-1.658508719304174761e-03
-7.206513360424882109e-04
-2.486590870351967908e-04
1.570749953646588537e-03
-1.234995853829135015e-03
-1.122860132645620013e-03
-3.495183758293052279e-04
5.691301535704074155e-04
-5.976795628714892672e-04
-1.157108381698579436e-03
1.446759543770603784e-04
-8.732398844015776262e-04
1.378507748430735091e-04
3.111001894802178924e-04
-1.144310418672800367e-03
-2.058052817961009140e-03
-2.764155127186418426e-03
1.508393840245147999e-03
2.572534874496490431e-04
-6.817394330331794094e-04
-4.586825702221908330e-04
8.853624920079905536e-04
6.295461763452525616e-04
-1.477830844167193902e-03
-6.411186138008950763e-04
-2.968523462592020934e-04
-8.794825541655892920e-04
1.916823710650827906e-03
-3.949528992099882174e-04
-3.672357092061595552e-04
-1.658388005211453020e-03
9.757013051929774861e-04
-6.883896237084297098e-04
8.496762786183165161e-04
-2.194217190060188116e-03
-1.649754782902412842e-03
-6.465260184953525169e-04
-2.841422595230014281e-04
-1.608835123574348103e-04
-6.139834111720254839e-04
-3.228221839310929653e-04
-2.089343196920445678e-04
3.479190179709323871e-04
6.190332556299527056e-04
-6.162379825291885993e-04
-2.524577245797354763e-03
-1.038258999888519440e-03
1.974390083518962058e-04
6.411575401557012555e-04
-1.091335817226868343e-03
-2.073271708163071381e-03
3.132400538286006508e-06
2.082269898751043513e-05
-2.469370919633284700e-04
-4.388217181032771919e-04
-3.773007288447871588e-04
4.084010272282778686e-04
1.618909574911953086e-04
-1.186693812636585577e-03
-1.044573687531968886e-04
6.270551696090365112e-04
-4.056521158226633617e-04
1.716489338255966501e-03
-8.687690016959681572e-04
1.778536340397041116e-03
5.043980605397013761e-04
-5.183878583316925415e-04
-8.465525640066751123e-05
-3.055802485358860565e-04
-4.923056787167201520e-04
-1.257072290101746148e-04
1.814138914860929930e-03
6.017156545676805024e-04
-2.250248110420294267e-04
-1.410153172141104250e-03
6.403595248789528682e-04
6.468601895206482766e-04
-2.718450275129846716e-05
4.549290250954740600e-05
1.563768903382056763e-03
1.651311897659324401e-03
1.405854389886052047e-03
-2.410411182229843519e-05
-6.319726806869319091e-05
1.864839541376284160e-03
-4.860178775651924354e-04
1.846434975133703915e-03
-5.557921957868305896e-04
1.253965387814082177e-03
1.071396313127470634e-03
4.438104601895975776e-04
1.350087276705824735e-04
1.186463123630243643e-03
-4.267754744313734250e-04
-7.730452036309731767e-04
1.881751195169645285e-03
-6.692531111960331458e-04
7.335888545068058875e-06
-1.202545884998684755e-03
1.058106602751962555e-03
-1.329200692004040008e-04
1.041633149736487240e-04
1.721018646652527906e-03
2.263965447192983760e-03
-1.589654856504196800e-05
8.081537561701601646e-04
-1.929325353533517529e-04
2.265219057820733184e-03
-8.170383788552726401e-05
-1.333931934655696594e-03
9.929764970679766378e-04
1.268253955009068790e-04
-6.335830945105591638e-04
8.517546193782532526e-04
-4.007794708127399019e-04
1.647819962757646195e-03
-3.628245723898970709e-04
1.455334955495546367e-03
-9.291064615501998247e-04
7.809561206983950399e-05
4.537694798563141063e-04
1.617714689422733443e-03
1.135829470074956049e-03
5.124654302868236755e-04
-1.826977131242912833e-04
-1.306533359694661556e-03
-3.832994408785594942e-04
6.470252799846143432e-04
1.839718213805019431e-03
1.814892231371878495e-03
9.583068216076906509e-04
7.226659902357379650e-04
1.713497787173334785e-03
1.067504005148878221e-03
6.390948712573507606e-04
-7.896270339449174003e-04
1.407091366443014024e-03
2.270086735938425804e-03
1.143160291724676370e-03
6.603089999928091203e-04
-5.474926531523482964e-04
-2.637323459415696902e-04
9.235552348652031895e-04
1.915205087210658519e-05
-2.216808678467740990e-03
7.637850656019296025e-04
-1.227868441058266313e-04
1.440840775010165942e-03
1.725576038801968082e-03
2.399229082197473772e-03
-1.660325952867136579e-03
5.675199037891154319e-04
1.053971604359382752e-03
1.873901475540673545e-03
-1.592668785063144909e-03
1.719177147539774353e-03
1.625608908082387671e-04
-4.300680309998750062e-04
6.411897989622161731e-05
1.123510740980382394e-03
1.015631078958634248e-03
-7.312966300481171800e-04
1.159703143872148345e-03
-2.840215932014000799e-04
6.710938866338889142e-04
1.461102489900723000e-03
-1.733337797252154644e-03
5.505148917017699262e-05
8.078646200049277581e-04
-4.758415622831968506e-04
-5.688109135770780256e-04
-4.526198375378598371e-04
1.103831578710412487e-04
9.449623872617163300e-04
8.894996188826276295e-04
9.651124093510432544e-04
2.065169232689623158e-03
1.404275527154164038e-03
-9.974654235007651693e-04
-1.816683095937188241e-03
6.587823854531382750e-04
4.172737691432448770e-04
2.389416753281192740e-04
1.110627926854457215e-03
-1.111863500805831961e-03
6.790717975202475998e-05
6.616062322548632579e-04
-2.238352378112207219e-04
-6.835898081527513881e-04
1.393034677907856178e-04
-7.786277300450006322e-04
-2.054759082497081835e-04
1.171240941895135279e-04
-4.624314362766668296e-04
3.642477558882806221e-04
-4.017222000232134604e-04
-8.856299880086737630e-04
-1.191977041189007380e-03
-1.474824088794735033e-03
9.212736661412535000e-04
1.708495013907906923e-06
-3.437909671868411010e-04
1.621799224381659243e-03
-5.446369407859918965e-04
-2.546304725086212528e-04
3.369311434378019499e-04
-3.876576995696101591e-04
-9.661441342052601300e-04
1.612495585756823502e-03
9.212658914066196303e-04
6.801034573400421834e-05
9.247618224161868739e-04
-3.399195588336123564e-04
-1.510045611060606419e-03
-1.303297851782403427e-04
6.442256708549809474e-04
-1.107018787593894160e-04
-2.344068901721563236e-03
-1.132203779228069251e-03
-1.812571070950008689e-03
-1.542837706878019688e-03
9.899169747942249131e-04
-3.057069885037400070e-05
4.196708645369806590e-04
2.104171904298013374e-04
-1.020435094685856470e-03
-1.550065382214249610e-03
-1.793449605901997757e-03
-1.391438408678613570e-03
4.503089687175609868e-04
2.759180965745677838e-04
5.000898132656583783e-04
-2.604872051906514940e-03
-3.773557131929727859e-04
1.096453352436022044e-03
-3.139486349517106589e-04
9.449455495080805179e-04
-9.501637013342723037e-04
-2.505946397852731877e-04
-4.556591039719393166e-04
-1.085782714382643732e-03
4.839347004432781318e-04
-1.690259137931970912e-04
-3.467586129370925363e-04
-3.228361191836004451e-04
-1.237631472147837641e-03
-7.870271267857997799e-04
5.373456369401896637e-04
-1.150385556924371500e-03
-7.626526433732738752e-04
-4.251839171551807794e-04
-4.012823056878112027e-04
-2.215497509678865384e-04
8.429355449433018066e-04
1.208815933969153988e-03
1.657107445029559756e-03
2.223126149418774844e-04
2.535447734561824262e-04
-2.445362092353686734e-04
5.165539963438714466e-04
7.816663013693325723e-04
7.178938876892804188e-04
-3.517986302474795934e-04
-1.031843540472587861e-03
7.196993080682556609e-04
1.968151328443079606e-03
-1.251789415219750623e-04
-1.056999782222955986e-04
1.607555412949990270e-03
1.447088062334733749e-03
1.213455745414426801e-03
1.121144225100456637e-03
2.709242176624160336e-03
-3.499423541541979432e-05
4.442182873274358457e-04
1.063960747934133977e-03
-4.586345833532678995e-04
1.171634111049479898e-03
-3.920867107831682574e-05
-9.723951527806917738e-05
-8.103755329607054136e-04
-7.343877563448231172e-05
9.118561532917013324e-04
1.596274259947350060e-04
2.442394730446606488e-03
7.158612576192435739e-04
1.543508425914108528e-04
-2.568295146085475267e-03
-2.094533929747566248e-03
2.258287352717935903e-03
1.807924261086446549e-03
5.476096923362483437e-04
1.039100417217220240e-04
-5.133836030555283259e-04
-1.765018506998394798e-03
-2.791100589907280494e-04
-1.080960180222412248e-03
-1.694854987415173042e-04
-2.553245715586349718e-04
-8.921828797265884958e-04
-1.560348091889762756e-03
-4.120850055633340503e-06
-6.661291282412662440e-04
-3.709720850619824262e-04
-1.046919398261403344e-03
-1.811266659390575740e-04
-1.405912456510893804e-03
2.108847316948381234e-04
-1.285523145550415691e-03
5.657830494540938560e-04
-1.914381126062458804e-04
7.010261317936805625e-04
-7.551818776050378546e-04
5.089373743210057199e-04
1.575368955083922273e-03
-1.076217606467588794e-03
-5.572309840806699555e-04
1.208863013915095763e-04
1.173167927451812531e-03
-4.652177426822667883e-05
-2.500382882237861537e-04
-6.641650671270760142e-04
1.608511415711610937e-04
-1.096172634148517844e-03
-9.923363267789753195e-04
-1.239210766577292233e-03
-1.236285241401180457e-03
-1.673262479735981856e-03
1.391791280269893960e-03
-2.819158444271607777e-04
5.923998299044441751e-04
-1.286394954254532763e-03
-1.564427509268995209e-03
1.180434648125006092e-03
-1.870260290801617487e-04
-8.391696238532198038e-04
-6.917795182341812676e-04
1.332279548031944927e-04
-3.391874811238260179e-04
1.369543787136606738e-03
6.596598602208736395e-04
-1.981473812622258635e-04
3.014025726444380382e-05
-2.693596140749265899e-03
1.002648131875449877e-03
-1.614231653425779456e-03
9.032921070433186372e-04
-1.602333078174034142e-03
1.949668934217996252e-03
1.080298964065473655e-03
-5.876620785816299986e-05
1.845362022816487979e-04
-1.367356381926754239e-03
-5.330718692924119040e-04
1.226277032591038818e-04
-1.698486394172693537e-04
1.525197002467226781e-03
-6.964520159986609116e-04
-4.604617074854822079e-05
-2.141687774653622256e-03
-2.938862579666690067e-04
-2.135378336531879029e-05
1.415187487302738134e-03
-1.035618164815454989e-03
-1.563399379507224296e-03
4.682899068801926745e-04
4.358583894616963050e-04
-2.239613798220574381e-04
-1.751857856172156502e-03
1.591199364567863483e-04
-2.354178385863825440e-03
-1.266606983740814485e-05
-1.183354758979016097e-03
-1.456364663045883745e-03
-1.908145106459535612e-03
-2.475201898268775125e-03
-1.627851323111384474e-03
2.429975750157797876e-04
-8.237680728195861946e-04
6.507626710690050942e-04
1.129094482686054945e-03
-1.377503839846916378e-03
4.964884167806271620e-04
-2.017988732118336515e-03
-7.794202375863701349e-04
1.277310140876952715e-04
-5.193949697812616506e-04
-2.213387706905045604e-03
3.293892041458246212e-04
-8.341543669094786395e-04
-1.083842302812776381e-03
-1.165650702084075618e-03
-1.718271251276437539e-03
-1.019256576102023359e-03
-2.133950062936484926e-03
-3.994548734820302371e-04
-2.237548945740464035e-03
-1.401505413754167151e-03
-1.348028505816500910e-04
-4.453433160340747321e-04
-1.410884983569005158e-03
-2.112750741406266286e-03
-1.781368028882734933e-03
-2.287129039343582804e-03
-2.180419045102466313e-03
-7.847100672437878899e-04
-9.671274418949771245e-04
8.306325830478300531e-04
-4.164318801556099459e-04
5.175834362296516389e-04
6.611819329260804068e-05
-1.676114372985981760e-03
-1.141137255199042855e-03
-2.150862018713395329e-03
2.095499982215365264e-04
-2.304515043218824388e-04
-8.052213602702806838e-04
-6.653652618684446907e-04
9.086656848362739680e-04
2.297639890247449301e-04
-1.810038842270156323e-03
-1.968698442233796086e-03
-1.575361926868135143e-03
-8.942050664444423091e-04
-2.290686555213694575e-03
-1.562262271918246626e-03
-1.224974207666651438e-03
-1.113560631343935015e-03
-1.168834719966316271e-03
-2.321871894939153691e-04
6.633048456605727949e-05
-2.295167730925751215e-04
-4.398111264138915288e-04
-6.057761137001627105e-05
-3.577179801435015349e-04
1.140444217387903691e-03
-2.465241856748345839e-03
5.319480867387316181e-04
-1.862672017854283268e-03
-1.455937496308123968e-03
-1.929933742061962221e-03
-4.500764800317025305e-04
-1.470644418121169750e-03
-1.702907588764901448e-03
-1.489342560064166321e-03
-1.632968198312489960e-03
-1.190544997790921045e-03
-1.023586723655434128e-03
-1.978133703608220273e-03
-9.547718897184864772e-04
-3.766689653214028155e-03
-7.821707641282316104e-04
-3.223261530484133885e-03
-2.581939875533123541e-03
-1.548116319536330110e-03
-3.376235627350343549e-03
-1.311348241063603481e-03
-2.176592258303911009e-03
1.485575588404675074e-04
1.030413400242569111e-04
-9.537985964238604453e-04
-2.332393336307303500e-03
-2.445606353490337170e-03
-2.160740037039365902e-03
-1.222927021116149149e-03
3.894894212375099585e-04
-3.704931678182754595e-03
-1.250935407814068867e-03
-8.649041536972212896e-04
-2.020894076971258002e-03
-1.659776328718498561e-03
-1.462991244478573094e-03
-1.054086079509408691e-03
-2.635021232466394636e-03
-1.522390132890905079e-03
-8.489606263459847924e-04
-2.822740714417903973e-03
-4.013591329088406212e-05
-1.633940964648417093e-03
-2.694674404205787965e-03
-1.649584824748862033e-03
-2.097822852631381352e-04
-7.150169364500413849e-05
1.174119498644099480e-03
-8.289602279436536492e-04
-1.736858325397827585e-03
-1.052212233966454136e-03
9.178988600588855462e-04
-1.462487263398370985e-03
-1.553002530850555729e-03
3.406461335182520145e-04
-8.721174863908220942e-04
-1.127608181471950743e-03
1.311948687249264722e-03
-8.505688228341856671e-04
-5.821706037356655372e-05
3.122683214971111454e-04
-9.467669710943038552e-04
9.982934782708507981e-04
-8.367409823779592415e-04
1.419952476335639702e-03
5.128845966140271884e-04
-1.285967868475346165e-03
1.079782231883097410e-03
3.747648999312680473e-04
-3.382430867857610934e-04
-6.455707449091185879e-04
-9.792682648916972710e-04
-1.541864616855681547e-03
2.387347718022736487e-03
-8.154591519098364216e-04
4.758514758425036462e-04
1.332012164583007419e-03
-9.464916852710558715e-04
6.397109754270324800e-04
1.055933869923419977e-03
9.091105200396132346e-04
2.958181141932136882e-05
1.089817503863832471e-03
4.085238686404313313e-04
-4.902888303450758656e-04
1.846704219656380985e-03
4.147914702907762319e-04
-1.571732549037641036e-03
1.782862798111572999e-03
9.047683692275931833e-05
1.647554345942658927e-04
1.829183704025849622e-03
-1.421609658081690597e-03
5.464817323996840059e-06
-4.415058123192761030e-04
2.430911254922785147e-03
-1.758776055106991976e-03
6.815613635662298719e-04
-1.194920470414917446e-03
-1.362754928340148552e-04
1.956619891725353000e-04
7.029351833029995333e-04
1.938828759434185756e-03
-7.093021455850667678e-05
4.513604497000667237e-04
4.823305858285831249e-04
-1.687987146703484598e-05
-8.255762303699398785e-05
-1.504962136277487872e-03
2.364179930938181684e-04
1.998287921654240407e-03
-5.160342459047395636e-04
-2.692622998761162734e-04
-4.615226044073494904e-04
1.446057402261446967e-03
1.386732936203172173e-03
1.782733446904494201e-04
5.057397800058982540e-04
-2.890373877066920727e-04
-6.638608997457939864e-04
-2.259467890632915754e-04
1.259992992346026242e-03
2.974414992442664385e-04
8.998305919505344974e-04
9.400613184311623627e-04
-3.857399169244768444e-04
1.488119805095555748e-03
1.184916354671106120e-03
-7.264064889778154566e-05
2.237583260616071712e-03
8.157583601224871472e-04
-6.003124819033978099e-04
2.103767864306993474e-03
3.414355460249485219e-04
-9.915594622242895895e-04
5.597876870317985976e-04
1.186415059511780612e-03
3.933942653182587179e-04
1.188111543916736679e-03
1.334047910197533326e-04
-1.370701228295079233e-03
7.623936256666574707e-04
-1.031716484638511844e-04
-6.171343308969401420e-04
9.988427354714612960e-04
-5.171136787118779665e-04
9.322676271885654842e-04
-1.161308590180043510e-03
2.450381151773095567e-03
7.516159256291121693e-04
3.328340020487763340e-03
1.377356933349060952e-03
3.003836109011448485e-03
1.136693938362132172e-03
6.228681948330372364e-04
1.640332933650512359e-03
-1.463759450363699699e-03
9.926575544514371074e-04
-2.346092146279232793e-04
3.285991116317443783e-04
1.126911108915829018e-03
1.734343619727241048e-03
-7.937874553471946371e-04
1.902952569860394405e-03
8.013610222588063436e-04
9.775726821419361556e-04
2.535087289332160765e-03
-5.471405122901007445e-04
6.064683943256543586e-04
1.528320310498543222e-03
5.503810953444432386e-04
-1.282601272774019918e-04
6.112776743962822223e-04
-6.014995779648479868e-04
1.680823211891890878e-03
6.050018501144727168e-04
1.287723946097996119e-03
4.428711108752647618e-04
-1.002109674492546176e-03
1.065326972104818637e-03
-1.288991000414352328e-04
2.496956823347940002e-04
1.138884959837049848e-04
9.290052035493268079e-04
-1.946932821361935240e-03
-7.405160980773484170e-04
1.096669521144288950e-03
-5.472452417056850038e-04
1.118482502268092205e-03
-6.529595076671945719e-04
-1.408021560322936239e-05
3.050663647869988893e-04
9.286640601380291571e-05
2.390609486186967558e-04
9.754903808993908854e-04
1.400627293818068608e-03
-5.572581831663203644e-04
-1.443645758447686944e-04
7.303949327739367448e-04
2.297447170715560816e-03
1.723186685610000879e-03
-1.869419951217921039e-03
-4.075548958411001621e-04
1.162343693952960777e-03
3.278004097220232893e-04
-8.202660535479022741e-04
1.355362041817187446e-04
-6.180974110543413502e-04
1.702677397809493343e-03
2.367604719113236555e-03
1.712807470477528682e-04
2.989234779009475318e-04
-1.486144194379201977e-03
3.712651532117305919e-05
-9.878212336003056038e-04
1.430050308666608316e-03
9.959505233700927107e-04
-1.571513508236144219e-05
1.214119998271812051e-05
-7.376087601498326762e-04
9.733077359754815916e-04
1.390067331406008577e-04
6.616606343030628778e-04
-1.796668059473649492e-03
7.955388633793525344e-04
1.420470804399442954e-03
1.403409641967501287e-03
1.587372039342227481e-03
7.209845119637847688e-05
1.860782597540744376e-03
-4.835742474778026434e-04
1.851820306990603626e-04
-9.691300358185550579e-04
9.596860696481357422e-05
1.319856840187094704e-03
1.350739367124376145e-03
3.759348777225834937e-04
1.946261466614362945e-04
-1.910070608461156283e-03
-1.528068810905169883e-03
-4.335720307957480202e-05
6.625606000132400197e-04
8.979156836601553948e-04
-1.415067240285061700e-03
-1.206614767609526240e-03
-1.006822061298207061e-03
9.231425340061605311e-05
1.019533027427410588e-03
-1.033998277434777791e-03
-7.202266061174800171e-04
1.231957710021491792e-03
1.118553060452942560e-04
5.498591396808638621e-04
-2.436400502210389618e-04
-1.678282684513199285e-03
8.734500487683760639e-05
-2.005819868715397192e-03
-2.887964662034114838e-03
-8.057202630451509862e-04
-3.510685856706885488e-04
-5.137275851039291297e-04
1.600351284942513885e-03
-2.562976669602257118e-04
7.935546960664563443e-04
-9.635063303119473233e-04
8.458424144013321211e-04
-3.582476092214292862e-04
-1.269488963637988022e-03
1.840906150341936609e-03
-6.900992335823197266e-04
-1.239531821824346736e-03
-1.097330713561550652e-03
7.027212889749723246e-04
-2.750767866421810481e-05
4.919803364793473577e-04
1.152614562414555621e-03
1.551838704075381159e-03
-1.239373542122335081e-03
4.932271516360220431e-04
9.811231192053959660e-04
7.303239270728401067e-04
-1.378549672434781215e-03
-1.931654702271412560e-03
8.480341538925628697e-04
1.322837914483177002e-03
-1.179816378821918477e-03
1.631379895869589092e-03
1.827764940762754975e-03
-4.097922555059696492e-04
3.237051153459624686e-05
-5.625667045405791100e-05
-4.219792221999973947e-04
4.853627674525906599e-04
-1.357783889277541789e-04
-2.017272453022966872e-03
-8.130968099679947159e-04
1.399950828094187472e-03
5.889105007441663986e-04
7.737507530183318494e-04
-2.900853888669896463e-04
-1.101784635228808540e-03
-3.499008473646370021e-04
-1.244838048322094437e-04
1.722449469396813981e-03
-6.472180955674478042e-04
1.807214512030697051e-04
8.051429546747090882e-04
5.533864448810099645e-04
-1.826499439600670627e-03
-1.574986720509041760e-03
1.710530232720497423e-03
1.017202792566784808e-03
2.051875614190068475e-03
-5.451411192529675986e-04
-7.238390778245840096e-04
9.585832307530406382e-04
-2.538410834849180731e-04
-4.044762357466868963e-04
8.037649611924990722e-05
1.200175337512376927e-04
-3.022634359426401574e-04
-2.190994122476253025e-03
4.899691138049444561e-04
2.367758104466766156e-04
-5.496768884996061644e-04
2.673693440289337531e-04
-1.079621321469881323e-03
-1.558671949780654487e-03
-7.057603904845333176e-04
-1.292404128250934647e-03
-1.261110094218587108e-03
3.341126917981718236e-04
6.531583490330117314e-04
-1.170895941855931710e-03
-2.843021054910188639e-04
9.512154820168206015e-04
-4.263928903947000748e-04
3.855557429883749165e-04
4.169102469897545404e-04
-1.939450060086667094e-04
4.798457450625459586e-04
-4.188962254612071945e-04
2.415226286353711060e-03
1.313273709309559223e-03
-2.091034516695566836e-03
1.304755899883547343e-03
1.816664783835353347e-03
1.406493853444823472e-03
3.270468001979054407e-04
2.017310347954603955e-03
-5.762712764494359874e-04
-8.754986048487012340e-04
9.075953229178423953e-04
-9.257812190788250462e-05
-1.429684004381259754e-03
7.076805453647416755e-04
-1.683666193801336419e-04
-6.328321824431437648e-04
-6.662630806000269246e-04
-5.668234107480962791e-05
4.931265353851355115e-04
-3.216316479239811343e-04
1.701809422510525138e-03
-4.589638669547646543e-04
-3.041703346573498834e-04
-1.989259530172926560e-04
7.423460826112560085e-04
1.495919238193366141e-03
9.943574290458556675e-04
-9.349967005478632132e-05
-1.314038326908129051e-03
-6.612543025963368848e-05
2.867329654265837746e-05
-6.528743713396512049e-04
8.729799429958440271e-04
1.987963597463560106e-03
1.247432981636320548e-03
-6.953936721649789376e-04
9.888251510083989615e-04
-4.418521247193663015e-04
-7.588177843136367784e-04
2.787938202791995224e-03
5.158512752601041029e-05
-1.196513984637936900e-03
-1.814453289128437063e-04
7.534506844386612556e-04
4.903497369543874385e-04
-2.154961135905075764e-04
-5.967902644015143920e-04
-1.577693884249997680e-03
9.572583385555333280e-04
8.016298085942175078e-04
1.551361864711831018e-03
1.295587625280036903e-03
-7.852633101752548583e-04
4.526181134119067195e-04
9.526118508074166158e-04
1.098695259547088909e-03
-2.298467333448073191e-04
-1.264184233160658977e-03
1.300794253032533376e-03
-1.911825171625469721e-04
8.566475169258236377e-04
1.520700593073742724e-03
-2.901281449951831348e-04
5.705207001893697338e-05
-1.300698370186648134e-03
1.771066330784831777e-03
-8.770125077244284029e-04
1.224152918135157364e-03
2.260770787340993238e-03
1.955220219826747652e-03
1.486191678201853605e-03
1.755991840849624452e-03
2.565775269611769716e-04
9.839367263488885129e-04
7.738327402935230026e-04
1.452223107388572743e-03
1.103742183897304940e-03
1.511499252213166500e-03
1.179383406482159558e-04
1.589682197009834042e-03
1.125503952028594767e-03
1.527829584199391633e-03
8.052121871082729143e-04
-8.713832713855840240e-04
1.422157387516387317e-03
6.871468320159834775e-04
8.393559490056379246e-04
6.409909114957201837e-04
9.249473290164900163e-04
-7.495536293888882540e-05
2.666931286387841382e-03
-4.192296226301905904e-04
2.042775578050548546e-03
9.218374418968888762e-04
1.513847997797412859e-03
4.716759791556501824e-04
7.061246720909686303e-04
1.148172119034729377e-03
3.993703897553491089e-04
6.949825952742294533e-04
1.641047884961555070e-04
4.901837446293910716e-04
2.505154029727840737e-03
1.950563382927539280e-03
5.608053182686312255e-04
4.664131051630437952e-04
3.595820193116328056e-04
1.210896592670707150e-03
6.151208180609213372e-04
1.045849013009636508e-03
1.589729035190057260e-03
2.040051113386898152e-03
-9.784882845753628544e-05
1.638528935415939358e-03
8.011951988011745129e-04
2.358061466038563481e-03
6.504727191265491371e-04
3.698912766008088937e-04
1.536147145593247387e-03
9.013699384994300345e-04
7.148125200080457375e-04
1.021960584269177019e-03
2.410846990437143234e-03
9.592652925840550182e-04
1.304059501161303203e-03
1.098476147971982897e-03
6.371789382493275866e-04
1.160492426314219117e-03
2.007373291864622544e-03
1.086122547474976940e-03
3.072883718756580507e-03
3.424922699188481801e-03
2.465614596426801697e-03
1.964923826722975164e-03
1.358174187822136503e-03
1.417273883052905248e-03
2.519361634972128172e-03
3.135961972884127036e-03
1.099231752773599524e-03
1.057876885801389832e-03
1.602978225032636317e-04
9.150069983732134205e-04
5.006357595787047643e-04
2.964878616982247195e-04
9.866578335160358648e-04
-4.029385859363188160e-04
2.433531558108548154e-03
1.708281543842726791e-03
1.872551633949282035e-03
2.468628545694739884e-03
1.011753869410991769e-04
1.952702079028867388e-03
-7.487606989964312731e-05
5.032468905064035880e-04
1.431306157642309174e-03
1.834999999847930496e-03
2.267205100787483829e-03
-1.162322614297162104e-03
2.418616014563168548e-03
2.062218226265066789e-03
4.326431078873760327e-04
9.068594274717067805e-04
7.356938340981056257e-04
-6.649837784022949450e-04
2.004573238793883050e-03
2.438971010562784869e-03
1.161438424846839013e-03
5.768166797956997272e-04
7.432071335513601440e-04
2.542054814347105562e-03
2.787253051292015726e-03
2.625064810604094134e-04
1.850326524005740936e-03
2.319801841210056281e-03
1.438108599693954659e-03
1.452846196287493896e-03
-8.573624810090940684e-04
7.355588893103170989e-04
7.268991627247256559e-04
1.619202345564785261e-03
1.136294255679182186e-04
4.720757577594270060e-04
-1.068921488456497926e-03
-1.470591001040411072e-05
1.172400719652300083e-03
6.196099027453438879e-04
2.925792330926269003e-03
5.346125021841174885e-04
-1.921493245737870836e-04
1.566860004131642725e-03
8.175319806769110187e-04
6.459740954252168876e-04
8.372332850739017118e-04
2.939404086335528632e-03
2.282397432735727705e-04
7.038163018080467737e-04
-1.104915693342478633e-03
2.736125927090826693e-03
1.074809129879783498e-03
1.286505540257332214e-03
-1.140310859625515150e-03
-1.360053574595010417e-04
2.361886802776380634e-03
2.288721106854296750e-03
1.797291572179560148e-03
1.108696830604438688e-03
2.997324484116381527e-03
5.815966020485952015e-04
9.422678477488677373e-04
1.479200334788322024e-03
1.265945556992997822e-03
1.748908423249595501e-03
6.026463935591142018e-04
-6.655891610889419496e-04
1.491320152341879535e-03
-1.942218770896175783e-04
6.961592358423196458e-04
-7.692173151159220623e-04
-1.295176733177694217e-03
1.553956177438475805e-03
5.688124201375099886e-04
-8.860906938414903067e-04
1.384701337326710302e-03
-1.273886592571438214e-03
9.809869508086155321e-04
-5.685177906624705457e-04
-4.984131862060259266e-04
-3.470380053549604327e-05
-9.539082194118808644e-04
-2.444292816383475397e-03
1.153322444703563932e-03
8.298988508512739060e-04
2.949736267059410721e-04
1.157512552377060189e-03
-5.848661862351001162e-05
1.126309094559019286e-04
7.203655089818017387e-04
-3.716199306500467259e-04
1.072156770066667875e-03
5.730149405998030687e-04
1.672481360403654804e-03
1.103300614500035692e-04
1.741537346484856030e-03
-2.615583258398501698e-04
3.164565073763281333e-04
2.755064451753774790e-05
4.425200165676379527e-04
-2.092800274722250720e-04
3.360716888258785673e-04
-1.035917629549354402e-03
1.217591525364269955e-04
-2.446288118778561227e-03
-3.166004327865845625e-04
-1.500056892934198416e-03
7.156100526493069935e-04
-6.357043526945549416e-04
2.963931857133950132e-04
-1.373348741355195912e-03
-9.119591187363162987e-04
-1.034239353901345027e-03
-5.065813577536104617e-04
-4.162645696830225006e-04
1.142790101833934813e-03
1.135629589603226464e-03
1.337970139623001486e-03
8.743581952235235377e-04
1.682633032704661247e-03
1.200894802542817885e-03
1.067478665779608704e-03
1.006157640074167858e-03
-5.368515811001728366e-04
-1.665835041546603890e-04
-2.114988266632700231e-04
-1.435166404708976273e-03
-9.566840804131615528e-05
2.127469349417543398e-03
9.451923783878601881e-04
7.446078582731274764e-04
-2.912497262113067364e-04
-1.242499066047120237e-03
-2.033094596296525225e-04
1.434802480983821127e-03
9.402359018473305241e-05
2.780846667338465750e-04
-8.497805906910738116e-04
3.233297720841576961e-04
6.089980153214380465e-04
-2.366719703476682923e-03
1.450952007214789674e-03
5.532106783492363178e-04
1.899629486647347321e-03
-5.574795246205965782e-04
1.068020675084380144e-03
2.786162864978347642e-04
8.201965438692226940e-05
2.089362810929529246e-03
9.247475715006281405e-04
1.694311424627947815e-03
-1.172186070967917715e-04
2.208458449521000233e-03
-3.179644571047468560e-04
9.092753697239608357e-04
-6.087338279310294809e-04
4.398509491116975312e-04
7.465205352956694185e-04
1.877797151635940409e-03
-1.109156852864279230e-03
-6.355999738545392574e-04
5.788785411580121831e-04
1.517740330503336565e-05
-2.994125047548479301e-04
-5.368595015513566437e-04
-1.391783441924587805e-03
-1.527708616456457946e-03
4.080374137898079567e-04
-1.090697435880194632e-03
7.719100932290778871e-04
2.434916872901871088e-03
-4.093172723229621113e-05
-6.786592024945470314e-04
1.811489344212269259e-03
1.390038579823338338e-03
-8.311979687736226197e-05
9.866247186496313049e-04
8.583660943168869295e-04
-2.085672551750183956e-03
-1.138353171288075671e-03
-2.805192741155426717e-04
-4.837440374181323222e-04
-7.969392209994374809e-05
-1.945246306732428820e-03
8.562187110581209737e-04
-1.963115489660438584e-03
4.576002559857350604e-04
-6.381558367867246062e-04
-4.002830996692186005e-04
-7.243418841988980006e-04
1.299242332486461038e-04
2.485261509610481312e-04
-4.125992165899816655e-04
-7.872064458744887361e-04
4.970779634831945515e-04
1.339682367823558096e-03
-1.082876433278423534e-03
8.659102549213315569e-05
1.574363114113186413e-03
7.508300587977245755e-05
4.214635904808972100e-04
1.003529816461901092e-03
1.353920822133591884e-04
-1.817224028310970851e-04
-2.586184753636810996e-04
3.138790577190686548e-04
-1.024827951492834899e-03
1.026999756524871188e-03
1.294069224443639143e-03
1.822377611381709173e-03
3.425191838384300524e-04
-3.181786354455873322e-04
1.139017250803453507e-03
-1.211847013315781041e-03
-2.468552823005065733e-04
-1.063342913332210316e-04
4.447426869049753151e-04
2.736633383888076310e-03
8.553082563991232234e-04
1.089037693230654469e-03
8.372964659455472969e-04
8.724334031235958520e-04
7.345922704606877573e-04
-1.926783698218414997e-04
-2.844027744617338982e-04
-1.613797120271431851e-03
-1.635117743505221100e-03
3.564138064302557751e-04
-2.088036108069957208e-04
-5.697270664684062069e-04
-1.349565719763745619e-03
-1.596309628000280867e-04
-8.379629757373496801e-04
-5.970908393213569809e-04
-1.148938041835023682e-03
5.804881725770538736e-04
-5.665688698597293183e-04
3.248494336336449351e-04
3.227751902321607247e-04
1.639326384228700917e-03
-6.634276902985902780e-04
-8.643177382277045240e-04
-6.366109889630600094e-04
-7.019110177692855501e-04
8.133705941126834205e-05
-1.903530456495161616e-04
-6.856656040743480673e-05
3.780422411787665027e-04
5.811087166376349700e-04
-1.181240746738865255e-03
-5.655034182403539944e-04
8.465197247975453365e-05
-3.957885135539296328e-04
-6.468972095985403570e-04
5.500334117696237257e-04
9.120670074276304717e-04
-9.013483526469912022e-04
-1.453315801453136658e-03
6.491903624050721078e-05
1.618843306761874601e-03
-2.517821544438803016e-04
-1.174635192298101316e-04
6.565356873995398246e-04
-7.687830771752057757e-04
-1.142489793854561952e-03
1.713316241595430611e-03
7.142819674350597836e-04
1.310817138770126178e-03
3.552224396534686690e-04
1.150038869344616188e-03
-1.797614239796851976e-03
2.729961264957836420e-05
-1.813100023557945306e-03
-4.574127527567917184e-05
1.447990548307798164e-03
1.106275427102954012e-03
-2.737061014626007704e-04
2.630981794018438791e-04
1.108758493907346931e-03
-1.743580355787699432e-03
3.242097865017168346e-04
-6.136012220192554878e-04
-3.403582373204816491e-04
-7.695693812161952252e-04
5.846882770128569717e-04
-1.147662747129629679e-04
1.631241060913835028e-03
4.063515425967167971e-05
7.373490339057653387e-05
-1.271102936093226887e-03
9.363732481959541332e-04
-9.315598864161334092e-04
-1.127838335513997592e-03
-2.155098689291534697e-04
1.571578947966889572e-03
-9.913176114093591451e-04
7.834131229045304678e-04
-2.310601706192461080e-04
-1.188019043393717666e-03
1.283698855623294222e-03
4.699047750440499271e-04
1.931318647869106897e-03
-1.209267728420782007e-03
-1.887592572402674307e-05
-1.545199565374799633e-03
1.078327204288909158e-03
7.439399282325176443e-04
5.228781076687116780e-04
5.412362807912796114e-04
2.045767454326830048e-03
2.083891537114634929e-04
1.627065941943728333e-03
2.721920370762465069e-03
5.523006707124356041e-04
-2.817986160441598997e-05
-4.404301619240769128e-04
1.148484766464008544e-03
1.652270925782683975e-04
-5.630662726470170298e-04
1.406461105482703644e-03
1.245379338060681462e-03
-1.896881525655258471e-03
2.730391449003999327e-04
-5.508171492192293073e-04
-2.678984354620439490e-05
-2.064795450177792091e-03
4.539701034205201324e-04
4.134240450535120459e-04
-2.749803783137494406e-04
-7.401532293971335719e-05
1.000230612496544325e-03
1.259702622038449960e-03
6.464830043297897788e-04
6.461399056401084806e-04
-2.049622857784871854e-04
-2.018254939011310256e-04
-1.788313154791332238e-03
-9.703773393556769378e-04
-1.831849367328608480e-05
-9.865010638510085528e-05
3.184558631708078735e-04
-7.555100061729103089e-04
1.125474265641024374e-03
1.110678243632534645e-03
3.015119408216859753e-03
-2.311102182346980172e-03
-1.321082537254048006e-03
4.186214929666753903e-04
-7.685594606401391360e-04
1.680499590131612209e-03
-1.702201312739237693e-03
-1.295176021480770601e-03
2.684563430126463146e-04
1.007154903398532753e-04
2.458016002884200191e-04
-1.180420150277861069e-03
5.995301926686735783e-05
6.082860638065845649e-04
5.860264207611098897e-04
2.552748703525953289e-04
-5.723576401965857485e-04
-5.164377131694486422e-05
1.060295934503852067e-03
-1.319148175182194294e-03
7.797121301631460000e-04
5.450522480896502486e-04
9.833498372004978449e-04
-7.998602050172110012e-04
6.221049674723921896e-04
6.023936265768803366e-04
1.505662006245467310e-03
7.878576180873064772e-04
2.915383559904283217e-03
3.171376345001419850e-04
-4.815292369546586571e-04
1.268302073964555632e-04
2.184874443872830696e-03
6.196048926312425209e-04
-2.164982883361421528e-04
4.522204560672982154e-04
3.262634321026247619e-04
-8.588691140567483728e-04
4.676339701241705171e-04
-5.234462782319759810e-04
-7.285260969580598100e-04
-1.321502988733680439e-04
5.462022711628655713e-04
5.017968756761970184e-04
-5.959586688986107106e-05
-1.041673703059187162e-03
1.610617219664600697e-03
3.178384328237360279e-04
7.988932254419101042e-04
1.717970324264239679e-04
4.346074500818364328e-04
-8.780348744297228336e-05
1.568023574230137385e-03
-5.166788687984702477e-04
1.313356945723764824e-03
1.995735991443536861e-03
1.448836433211031505e-04
-2.271216492888417093e-04
-3.786366456817180648e-04
-3.065165750195664174e-04
8.996567611696537625e-04
-4.777397903557023540e-04
1.693858167804540571e-03
-1.727051025173231835e-04
4.286112617053472462e-04
2.168977175981190442e-03
1.621225465970432822e-03
7.693296997435261630e-05
1.088187034021803612e-03
-7.488681638299077292e-04
1.388241767308562302e-03
-7.951826272059037137e-04
2.487819493044440833e-04
9.732327779132798895e-04
-2.118432104485368228e-03
-1.059727554772571523e-03
1.785740036317706725e-03
1.972944476972049443e-03
-8.100882395172259720e-04
2.066892801591002637e-04
-1.444517874564565929e-03
-4.874539877668393473e-04
2.201560399330615425e-03
-8.827523326555564154e-04
-1.359993260159564343e-03
2.547917594974968836e-04
1.914366669759637318e-03
-1.311602494736607838e-03
8.645299954546104004e-05
-2.802389415454520361e-03
6.922647423814876078e-04
9.444202074415652959e-04
-3.766479012075052424e-04
3.691926693765168466e-04
2.210021204038792320e-04
7.003056544081509571e-04
-7.605827570102974278e-04
-6.484617383106794364e-04
3.941186916218697434e-04
1.623598191095254606e-03
3.059457089466866009e-03
-3.858233979794345458e-04
-2.706729125705464867e-04
1.349027348193310161e-03
1.203564129934608928e-04
-3.577092672490955749e-05
-5.740283152966263458e-04
1.978568667468039166e-03
4.837376822730554693e-05
7.370716824315337590e-04
1.588398777008448448e-03
2.818556991859288985e-04
2.798935993681972434e-04
9.150603585079686297e-04
1.612423464500745141e-03
3.736505541624968174e-04
8.638505031899335052e-04
-8.482613819813522582e-04
-7.192634221415694640e-04
-4.557338261630405896e-04
3.456826816266023172e-04
8.820915306275711743e-04
1.341201741054121044e-04
-1.573947678288334373e-04
2.775990182715126764e-04
1.232607061353307998e-03
-1.171683412491075771e-03
-4.739602040864099308e-04
-1.064084175427248979e-03
9.066213336672568346e-05
-1.767497354796532250e-04
1.149681525410617411e-03
5.119233978820858511e-04
-2.637680504606887411e-04
4.560668858566430117e-05
4.147368723752542508e-04
-4.649679318771138270e-04
2.457065442338368655e-04
-1.912935231445089812e-04
-1.329790703593181078e-03
6.019367507672512829e-04
-6.570838721005056726e-04
-9.735688843470757803e-04
3.430339088106304501e-04
-4.711429906254505084e-04
1.428521857381515048e-03
-5.130683184895179494e-04
1.945430684259008558e-03
1.440707999120993676e-03
-1.569498462782314974e-03
3.240608221155572011e-04
1.454025851864049201e-03
1.110344226925352729e-03
1.506171411699286367e-03
5.526158802624525634e-04
7.868894445808294336e-04
1.188162090504985002e-03
1.371622130915461923e-03
1.245480515575492220e-03
-4.777053605842240813e-04
-2.109392503302442989e-03
4.103128329528971108e-04
1.241244275455466450e-03
-4.963035873410959198e-04
5.387871542148481296e-04
8.334427970591029577e-05
-7.981414500681793811e-04
1.012914504189721399e-03
-9.109434570611085746e-04
1.007627818240708351e-03
-1.837256124950226166e-04
1.562240380312829302e-04
1.167981961627262422e-03
3.619374017418408584e-04
3.803430125093321124e-05
8.353892613226499009e-04
7.731646053827923026e-04
-8.110944178607581989e-04
-7.489925195971469662e-04
8.255818920011037676e-04
3.939107524935092641e-04
1.235868643245208176e-03
-1.233794972761215192e-03
3.748311964595352208e-04
1.888045911424551804e-04
5.145305889044937686e-04
6.513151393428007196e-04
-4.205499734271089807e-04
1.260769674282791186e-04
-1.636287035015282498e-03
6.998061548479928007e-04
-4.924519692401929660e-04
-4.778080868828027405e-05
3.010952361206520322e-03
5.400138699183099078e-04
2.570732359050698079e-04
-6.233789236120834687e-04
1.973617572477159854e-03
6.694775235962513449e-04
2.188209574389476941e-03
5.308545563735833639e-04
-6.277243996177794827e-04
2.509992057168508595e-03
1.078231947035934724e-03
-5.752197081410059809e-04
1.410038486888254283e-03
2.674008222961710146e-03
1.379312207688165870e-03
-5.736002366469872271e-04
8.480899923060114531e-04
8.954970259951178235e-04
3.047736669941070176e-04
4.086521406401200096e-04
-1.204824653535219170e-03
-1.015594418517284936e-03
4.022811577046869758e-04
-3.386369297984082039e-04
2.092842609064948789e-04
9.656446742667412764e-04
1.537589184330556691e-05
-3.534637144220198479e-05
8.437402140670791084e-04
-1.809460704265131170e-04
-1.987986276744457825e-03
5.132516256556307610e-04
4.006408172594344563e-04
-7.238606754336185389e-04
6.642133337375621949e-04
3.529750707160772549e-04
2.005164980025009314e-03
-2.803331164540345810e-04
1.069347976039525250e-03
-4.810637217944613298e-04
3.817452650334285380e-04
2.866514998896230182e-03
1.891665347472093472e-03
1.132024480431814695e-03
-2.606961449935774056e-05
3.958286509682107379e-04
8.637826705988338460e-04
2.421311198920639285e-03
-3.487690777470575654e-04
-4.095444636145195716e-04
-8.790165995014032063e-04
-1.920146814262668755e-04
-1.085170217465902809e-03
8.108212293125305337e-04
1.200558681732522004e-03
-1.349413518699105197e-03
1.455475774578607329e-03
-4.156183515877653889e-04
4.458249523651147683e-04
1.800572587819182502e-03
1.537419439762377493e-03
1.107585363483432062e-03
8.936627349596104608e-04
2.240825644931776495e-03
1.020061657465820559e-03
-1.641222266102859706e-03
3.215317710123510864e-04
-9.689474776195527994e-04
7.875015563154619258e-04
4.342753086774564508e-04
7.453946884541373663e-04
6.365182554444182017e-04
5.806751327859238643e-04
3.273184251675331780e-04
-2.249974581993718914e-04
1.234785431634133346e-03
1.356493075566733708e-03
1.242451663685528729e-03
-5.957982031901121189e-04
9.358590388486298650e-04
1.424480437346220540e-03
7.556485547022262494e-05
1.136120909122517730e-03
4.995748683072065432e-04
2.122351550453593916e-03
9.376539740928446776e-04
7.310829676101526786e-04
-1.082433980935659790e-03
-3.616460870914384174e-04
-2.435185893848945682e-03
-2.890448417418589599e-04
3.507296255191860723e-04
-6.377137326607495993e-04
4.536590641317506112e-04
2.395884228302058716e-03
2.305415320893455799e-04
1.528875153684827737e-03
-1.435849748691264693e-03
1.279195291905788068e-03
2.337826988030311526e-04
6.309787044271875089e-04
1.755767418718079398e-03
1.910913711380635149e-03
3.461189550872934007e-04
3.115304030876231423e-04
1.813036612560603444e-03
7.988816796313802371e-04
-8.639239390406672214e-05
7.886553718525757262e-04
-1.958386422977742569e-04
6.835217547165317598e-04
3.113288241363587616e-03
1.193924413658287165e-04
1.821947864280026863e-03
-2.245005823264811795e-05
8.383526591042578247e-04
5.133690895142706268e-05
-1.764262089440915560e-04
-3.145258720014254550e-04
7.794131107394797198e-04
-4.343270040680913269e-04
1.051965634592422205e-03
-4.631561603933853632e-04
1.331025172219613140e-03
1.567281104735140929e-03
1.208640690353757208e-03
1.003729399557951041e-03
-1.529225982813242624e-03
-6.340010578276267239e-04
2.051480135616401412e-04
-3.949710233497327749e-05
-5.777881278561380896e-04
1.371163873891134699e-04
-2.400769789387968700e-04
-6.213422078631403167e-04
2.471822274812129905e-04
-7.699634360092133534e-05
-5.718930154257062526e-04
1.790603842428684089e-04
8.159512888510356277e-04
-2.019063450837688123e-03
1.070546374118075406e-03
-6.025308232435744316e-04
1.275862667477589696e-03
1.057181269082496655e-03
5.361384427129411989e-04
9.579026361912212906e-04
9.634819219850321304e-04
-5.467682646107530076e-04
1.781093752866169666e-04
-1.586575434696868570e-03
-1.195727193746387584e-03
1.129537342766884223e-03
-1.205887604058597518e-03
2.027611147155106153e-04
-6.113809888579346818e-04
1.280454180745849158e-03
1.986527416634631393e-03
4.406945675174966937e-04
-1.082377774474174714e-03
9.132986656610331266e-04
1.048549446924784689e-03
1.092246316141798346e-03
1.966193863395471197e-03
2.603313583187327751e-03
1.625773543445507840e-04
-5.567618054471701328e-04
3.372768068454767842e-05
3.261100712514952704e-04
-8.942847695811995123e-04
4.842330252623483489e-04
2.144305801601076311e-03
3.374808397167194940e-03
-6.415959956247441198e-04
3.223518080894827165e-04
1.621155360331805184e-04
-2.484492327009535373e-03
4.182319824084235194e-04
-6.835016142134886508e-04
4.598338054584427681e-04
-1.719093712599928381e-04
-2.264414907116041320e-04
-7.212754964824874548e-05
-1.864782577649881645e-03
2.781951542374372366e-04
-1.791853131526854881e-03
3.567656038814259745e-04
-6.401915904918897837e-04
-5.789867171761553521e-04
6.406337417064200679e-05
3.971975439305275302e-04
-1.294729158775043132e-03
-1.382823082789919056e-03
-1.758339372459616357e-03
-1.448868609975395572e-03
4.648551513322107809e-04
3.511763288792657534e-04
-2.765712727179625574e-04
6.563475978962340918e-04
1.260370003222321955e-03
2.710059108792517435e-04
-1.421123309730321083e-03
3.899147471453368041e-05
-2.753938273367673162e-04
-1.711754721283265113e-03
1.429625034266024386e-04
-1.727843586514454799e-03
-3.543330389929710833e-03
-1.640427703603286602e-03
1.662854568933891386e-03
-4.632740650634126212e-05
-5.917195342242109746e-05
1.022221241154364080e-03
-4.945128727735781382e-04
-2.003937724967652656e-03
-1.029119288137536614e-03
-1.162558961400605995e-03
-3.577111703509938678e-04
-1.273968289476901106e-04
7.558258304372067471e-04
-2.723697342528197396e-04
2.536441805118805348e-04
5.400187977697701314e-04
-1.270005859012268701e-03
-8.799652010444969363e-04
7.094667772555851570e-05
-7.046102258094766313e-04
1.056982648197868357e-03
-1.785921278556257263e-03
-1.765483411492407839e-03
3.733155268337284838e-04
9.453196228903504306e-04
1.743560115433862023e-03
-2.081261531874378790e-04
1.138242725873261918e-03
-1.239625208017125502e-03
-1.182520078081061854e-03
-2.178731845681181056e-04
-7.165977329266493001e-04
-7.991248181677956808e-04
5.115510164703795937e-04
2.994897226573645099e-04
1.736216387218769697e-03
-6.065827749912600098e-04
-6.043950699168298968e-04
-1.177580932372856992e-03
-6.160634670646647493e-04
6.167153735761043976e-04
1.070918072951565492e-03
-7.911172807875122004e-04
-2.193958002841167598e-03
-1.508074083693911049e-03
2.892105036589320832e-04
-1.686124876121741778e-03
-1.053572707097050198e-04
2.797782267949244783e-04
-3.449279587846021400e-04
-1.045057589974529577e-03
-1.814586279322183415e-03
-3.274115866371829497e-04
-6.666451458030575594e-04
2.742198128014017300e-05
2.589679924092980201e-03
-2.784335496477385874e-04
-1.327819580726030679e-03
-5.646502127609753785e-04
-1.136312995657196012e-03
7.920996160009075027e-04
-1.535197511439712059e-04
2.207964759279201772e-03
-4.372016143965318236e-04
1.091124648305630274e-03
-6.664987781359599239e-04
1.396764277965534262e-03
-2.297144157813679755e-03
8.429126328168834448e-05
2.984624018291803793e-04
-1.457146138245768441e-03
2.607960468734571435e-04
1.681989864810162771e-04
1.960030851144711761e-04
3.242135795393785713e-04
-7.062862395257329950e-04
1.147973674747504447e-03
-1.054467641898648722e-03
-2.379060694872592308e-04
1.359047501416466019e-03
7.361765203155457016e-04
-4.360178113227419772e-05
-2.581252149296719978e-03
-2.191862027618451947e-04
-1.318395425384144559e-03
-2.172861384330815326e-05
4.001013082932658449e-05
-1.454218931495887546e-04
1.433413679746031733e-03
-5.907696873033163598e-04
1.159823703026363617e-03
3.555995109867371440e-04
-6.932766714016214138e-04
4.266842768039236233e-04
-2.131159196300691505e-03
-3.605051461263997226e-04
-1.276788008892859594e-03
-3.266349616100061581e-04
-1.953302032469350635e-03
-5.547106817795910416e-04
1.961217213246158053e-03
1.524561798942114521e-03
6.392502531560317891e-05
-1.193211988359976772e-03
-4.916775596086608857e-05
-1.806702612370258976e-04
-1.139766393420948987e-04
-2.231801300493385654e-03
1.195169143693330938e-03
-2.590915163362961238e-04
-1.073320131567356839e-03
-1.900911893071288716e-05
-9.047955044516609036e-04
-6.587683213796768911e-04
5.344520968462163069e-04
3.688517002649049914e-04
-1.002252802133618559e-04
-5.166698631959842913e-04
-6.847959503364364764e-05
-1.570109526250140775e-03
-2.660154738532982677e-03
-8.800896038454464332e-04
-9.039565638992996810e-04
-8.545017561729650879e-04
-1.529017660238496390e-03
6.463806959589035728e-04
-5.779705531521184270e-04
-8.391142271522156193e-04
7.721677288325956567e-04
9.200899781403037991e-05
9.288943868157595318e-05
2.742260320443001831e-04
6.057089037738716542e-04
1.238865827083879267e-03
1.892916961667712172e-04
9.596229773325415380e-04
-4.479480011987391208e-05
5.598282141223709374e-04
-1.974760871401581852e-04
-4.864883080690773909e-04
1.040195419061973325e-04
4.287689472919353761e-04
1.632048784820039344e-03
-1.130784772412685157e-03
-2.911115206618575257e-04
-4.677704701727680714e-04
1.392829736166500965e-03
3.599608044126956230e-04
1.634632542740988015e-03
1.147494386082525963e-03
-3.755701185585991198e-04
-8.394249418057775358e-04
1.288302320825440717e-04
-5.078840563568221000e-04
8.035170713505124240e-05
1.560308340259997095e-03
7.853701072479957190e-04
-1.827961012352607995e-03
7.493054414500210925e-04
-4.815660576575897522e-04
-8.183362888773970667e-04
9.307945729537525636e-04
9.590950211548765481e-04
-3.737148376414811679e-04
-2.001196470657218285e-03
-1.558094689032563096e-03
-9.634520455101824865e-04
-9.665313244393569647e-04
5.503858344222400945e-04
-1.913731705039722897e-03
-2.479925854992348633e-04
2.036067931464602410e-03
-1.340141403623373861e-03
-2.037102163908732777e-03
-1.126146150575157989e-03
-8.833195874877741716e-04
1.956984907935943596e-04
-9.290293246657643778e-04
-1.603557928693932766e-03
6.322938110443487858e-04
-8.837831242802796083e-04
-8.804527808121687116e-04
3.493683593791541142e-04
-6.895229660963675400e-04
4.993694489363598166e-05
-1.757272971028456254e-03
-3.560630126977493148e-04
1.296327261706586853e-03
1.309288622469484409e-03
-1.096320815962004147e-03
9.675392217369793713e-04
1.637405729849383818e-03
-1.678546121329116403e-03
-1.195497153133606716e-03
1.129804301994941085e-03
-1.365369924030579440e-03
3.107284144459043773e-04
-1.613549806708247658e-03
-2.485871304986897457e-04
-8.605497796791983234e-04
4.926878035702575431e-04
-6.870337874924636878e-04
-6.733324262822026895e-04
-1.039619343354392100e-03
-2.709798261095741623e-04
-2.275189345652961492e-03
2.640284217125810073e-04
5.520398075733456977e-04
-2.212198549100818923e-04
-1.021167379577470058e-03
-3.746004502620525756e-04
-6.675063899488353769e-04
-1.749909173752506319e-03
-1.353662411939460242e-03
-1.356311425297684892e-03
-6.875084582644852560e-04
6.059671841041058826e-04
-1.248622833866841475e-03
-3.344764617430051601e-05
1.069601717764712134e-04
1.783264460766043058e-03
7.665414129445213831e-04
-2.194436210428696299e-03
-9.629724964013153254e-04
-1.406956221213784275e-03
-1.442260497349856507e-03
-1.955447649733876858e-03
-2.036581503002787841e-03
-1.523486911693350265e-03
-9.441253370778834864e-04
-4.380906537626572117e-04
-7.302992996722768027e-04
-8.244907400229983807e-04
-1.076005853613004604e-03
-1.972237587982927920e-03
-1.517303907259348605e-03
-1.669380963127853335e-03
-1.068923865142679119e-03
-2.551556491158235573e-03
-2.181480554454662268e-03
-2.393706257615590971e-03
-6.250812640264946651e-04
-1.330152951086738256e-04
2.169309563042620681e-04
-1.266941720240888358e-03
5.893057895061115659e-04
2.359566905918430990e-04
-1.838055250597436796e-03
-9.273985866078415796e-04
-1.561191468464340204e-04
-2.059513205272534009e-03
-9.611651615557548212e-04
-8.652031467484277982e-04
-1.267982991773441981e-03
-2.663138612983839693e-04
-4.563098076193483621e-05
-1.141837408905610474e-03
-1.920104861688143316e-03
-5.132200936688313675e-04
-3.846113809629070346e-04
-1.821942805652732034e-03
-5.338949679964954953e-04
-2.940465897691257879e-03
-4.342089407019411595e-03
2.941686304354096393e-04
-4.600867944140052401e-04
1.109259145140928382e-03
2.522113915188750610e-04
-1.164059602762446133e-03
1.368925133384824022e-03
2.632500767929535357e-05
-6.314071112962782450e-04
-8.157043411438635871e-04
-7.492442278387301258e-04
-2.045020215046156054e-03
-2.176593998296061372e-03
-2.202497688750026938e-03
-2.958144857587718946e-04
4.606792759731526132e-05
-1.195875617588493256e-03
-1.613884523182118613e-03
-1.178437772444418385e-04
-1.790893686065331281e-03
-2.338972199300792809e-03
-1.265521328623897546e-04
-5.726893895752205310e-05
-1.014836527889029227e-03
-1.526911441395606417e-03
-6.387432574463947077e-04
-5.554487331338453515e-04
-7.356782762779623397e-04
-2.993026230112549868e-03
6.764449940173111742e-04
-1.563782467484120531e-04
-2.007577280194183800e-03
-2.319945116520116812e-04
-1.162939288237962998e-03
-1.982843353584229362e-03
-7.078354784106899444e-04
-2.131116283351497387e-03
-1.013268607648720732e-03
-1.045254428595487894e-03
-8.552986256515904273e-04
5.444279865340906355e-04
-2.236544153173758431e-03
-1.275809965192609141e-03
-1.313706750450061023e-03
-1.141511077145329622e-03
-1.668890766026054351e-03
-2.356472710804746740e-03
-7.161436317226765880e-05
6.034205038241147179e-05
3.474241284824319820e-04
-1.479742397021865941e-03
-2.107864564925066020e-03
-1.150892654844248852e-04
5.039458864697365925e-05
-9.797743864399244273e-04
-1.100958032565158007e-03
-3.592233663252120124e-04
-1.875874424087653480e-03
-3.011456060117989608e-04
-1.451681391666292953e-03
-1.586671023379615519e-03
-6.214742972499021079e-04
-1.401786944090988030e-03
-1.071283644448195460e-03
-2.271578737287116567e-03
-8.914206246117828414e-04
-2.737107293227847293e-03
1.098165898844039035e-03
-5.502251421618531424e-04
5.344021678175270296e-04
-4.938937441245627724e-05
-7.070559909272411403e-04
-5.190187606378682261e-04
-5.614549791161937975e-04
-6.937071254371485196e-04
-1.553940691306987532e-03
-5.047572564884639235e-04
-4.039260546460088364e-04
-8.786274601355614777e-04
-1.805381183611176610e-03
1.640943242358083864e-04
-1.653970276663141448e-03
-7.071852960049973547e-04
1.853519454226848495e-04
6.797215231912900890e-05
-1.171757723754884850e-03
-1.210026639418604333e-03
-2.572267035544584246e-03
4.258369937248929205e-05
-4.567423264179026887e-04
-1.636230571644636811e-03
-2.728457547191975863e-04
-2.618039668843108458e-03
1.123664273351865361e-03
3.914868017502737274e-04
8.574766900093511168e-04
-1.169391946414410910e-03
-2.208473204075467322e-03
-2.212295715730450141e-03
-8.650271497234740536e-04
-1.278534049775403858e-03
-1.259421085682888020e-03
-1.547299309120564459e-03
-8.534328983667016644e-04
3.963293644098087043e-04
-1.407036007432527214e-04
-3.068224489250592768e-03
-8.637169885981066386e-04
-1.771758526438294012e-03
-8.708698082648957950e-05
-1.791846970462529498e-04
-2.991340450359425418e-03
-7.379030127951935469e-04
-8.377778990495965417e-04
2.342496605638455520e-04
2.076565770183780302e-04
-9.650557341251975174e-04
-5.766636807895686445e-04
-1.091519396492213190e-03
7.346689129619221603e-04
-1.258223956754012107e-03
-1.134417482333782701e-03
-7.519460483900175518e-04
-1.857855888591775084e-04
9.314130341147031089e-04
-1.441199318651609218e-03
1.183148776996656437e-03
3.927248891508750006e-04
-2.229739136841324409e-03
-1.546364083559792491e-03
-1.705438329933306463e-03
-1.422627993017400172e-03
5.699044166873612483e-05
-2.089975127990140180e-04
-7.053156142515781823e-04
-9.865795534893528895e-04
1.870292542356377652e-04
1.480348146713605928e-03
9.200397709003826918e-04
-6.316652457560856249e-05
-1.218468819568663264e-03
-5.088515381761471446e-04
-6.285592846713150550e-04
-1.633736033344490579e-03
-1.537418934401069137e-03
-2.956636129343159780e-04
-1.329255437699128350e-03
1.523745268733778246e-03
-1.056128639049358497e-03
-1.729293349144844782e-03
1.871572051670655767e-03
-1.731733429065185348e-03
-1.920799434391717853e-04
-1.121172342350984508e-03
-2.901581724346069535e-04
5.140993554615391758e-04
7.674681225864343759e-04
-1.100043874740164185e-03
-2.691309129809971168e-03
-8.216178155047160203e-04
-1.167641480873671256e-03
1.033164467298064437e-03
9.734117301110067899e-04
1.944941220655138636e-04
5.243566652486375546e-04
-5.964416857584531328e-04
1.393897516462461184e-03
-4.332245395866074489e-04
-1.236068156690972586e-03
-1.824560203491643051e-04
-9.369185942267321821e-04
-4.914121898140777489e-04
-2.607685378042123858e-04
4.885934052445417564e-04
-4.447402164526881307e-04
-1.822719189543686724e-03
8.101876728614509915e-04
-8.982296356749852606e-04
-8.031764074636349449e-04
2.406024165286124727e-03
-1.130484698586231573e-03
-3.845402180224777311e-04
-4.478907197202897095e-04
2.670207656185530354e-03
-2.321397295295124508e-04
-4.775389104281213548e-04
2.744738009714531302e-04
-1.145485787945821343e-03
-1.630723147832968678e-03
-2.016589669500135074e-04
8.965261317244177519e-04
2.035757565219675769e-04
1.532806535258224301e-04
-1.905656991900706032e-04
-8.865631173682331223e-04
4.789164947058832666e-04
-3.251146529010817687e-04
-3.380997968744914317e-04
-2.131580781216557696e-03
-1.062706030189097817e-03
9.712793786342821534e-05
-7.028343535719905333e-05
-4.607564381831075195e-04
-5.426312933223265134e-04
-9.905512053476339673e-04
-1.384558417722780987e-03
-1.341237653410320974e-03
8.233095255505418208e-05
-1.698541773168749103e-03
2.397362522121859740e-05
-3.187099645285407234e-04
8.304310749194243613e-04
-4.738977982281511458e-04
1.033739423048407602e-03
1.288689055153113827e-03
8.601094441074152996e-05
-9.304725452101703098e-04
-7.669945528658850264e-04
-7.968160500499976706e-04
-1.659310918354695019e-03
-1.322545538923192154e-03
-2.213049911044429052e-03
-1.554874828353813854e-03
1.080956399867272211e-03
-1.235822950942377929e-03
9.795266888021902929e-04
-1.289372973533486899e-03
-3.860396936003596124e-03
-5.959978035308122202e-04
-9.043238261239316955e-04
-9.859007664809738003e-04
-9.601356798125681991e-04
-1.559050470409939493e-04
1.622467273676431176e-04
2.506408409688187788e-04
1.863154915857645477e-04
-1.235753320584898063e-03
-1.035476887427666526e-04
-1.812564421272977455e-04
-2.513433202837589420e-04
2.601973251283862254e-04
4.110463133453201579e-04
-1.311837209181376807e-04
-5.190192789497061199e-04
9.569743390018814466e-04
1.212055886291807383e-03
8.950415089949981251e-04
9.655432183550693992e-04
-7.799048604748559654e-04
-5.706529373334934263e-04
-1.712373432527503070e-04
-6.682593723326135660e-04
-2.931204772238515943e-04
1.326379848467951206e-03
1.073324787121743285e-03
2.270215478004100618e-04
-1.737927885559598096e-03
-1.310029658915246031e-03
6.056841611341567955e-04
8.903646885591864901e-04
-7.835378921603464164e-04
5.938693761153857054e-04
3.329182565026123086e-05
4.515464641234867571e-04
5.613080064859055085e-04
7.667124469257213804e-04
-5.211110578147160055e-04
-7.355386872904823292e-04
6.161042270709238267e-04
-2.641952347777198895e-04
1.596576744798960945e-03
-5.807685048786481730e-04
-7.998302698986048398e-04
-2.049235163254170544e-03
-5.252720429489432519e-04
-6.973591516048482930e-04
8.140174772606201259e-04
-6.447623931338242187e-05
-1.148685256523673814e-03
1.304149353714700865e-03
1.736584559104414893e-03
-2.108842824981582709e-04
-2.317996576153280586e-04
-4.805870857218508263e-04
4.643959745620485080e-05
-6.082312604658302035e-04
1.213982203638330759e-04
-1.466818166941941115e-04
1.215415923674356691e-04
5.754785166387499373e-04
3.126156477610830819e-04
-5.598165790503539796e-04
1.605323860399243685e-03
-8.243795512896667788e-05
6.598656128313784563e-04
1.102414275145235933e-03
2.093403497780421674e-04
1.513495703635570067e-04
2.446054532727615083e-04
7.927858126908216008e-04
-2.159911764252564481e-03
-1.165227959392112211e-04
5.179474435563768964e-04
7.799483038370969012e-04
-7.731060735345351986e-04
-1.691429656649479085e-04
9.383584306861258995e-04
1.258432000288411956e-03
6.170947195207610037e-04
-2.744686857769629285e-04
-3.233174984116349293e-04
1.360358871477451714e-03
5.130561483712714477e-04
1.923385081288309095e-04
-1.084043817273228072e-03
-1.217288994687537595e-03
1.077564901872385406e-03
5.332202925569795582e-04
-1.921572851251163172e-04
-8.699340842088787440e-04
-7.605740913965153283e-04
7.778478370694674737e-04
-8.092512964019693555e-04
3.328396626101071121e-04
-8.801005671394968033e-04
-5.045660841047627798e-04
-9.465234903962560509e-04
-8.201170707780036651e-04
-1.023413590657051842e-03
-1.034637299176743852e-03
9.761402137042907157e-06
-1.139054213965984275e-03
8.384348821621756542e-05
-6.689073028631753459e-05
-1.400231086327252683e-03
-1.372233348007068088e-03
6.711054352124268263e-04
-1.307027939554394891e-03
-3.202211390553877379e-04
3.960866981642663376e-04
-2.009427039746825017e-03
-1.744283289897730072e-03
-5.833387352063290621e-04
-1.435702731805044152e-03
-1.960733901482214492e-03
-1.220363541854174727e-03
-1.609467595043767574e-03
-3.931785613588978379e-04
-4.650419860980914422e-04
-2.262644899582388902e-03
1.287081835392722695e-03
4.707634806231375535e-04
-1.573914061522296848e-03
-1.546357799563136126e-03
-5.385315819725899900e-04
1.217428837181344647e-04
-9.020829715198352972e-04
1.633239093650207252e-04
-1.036702590224036769e-03
-1.717094784598138801e-03
7.402695237246348370e-05
1.116122216723081095e-03
2.167830940049686461e-04
-1.731474356807538584e-04
2.606122629988938399e-04
-1.995551718478427716e-03
-2.119797241220133799e-04
-9.310857963620300382e-04
-5.560680104579329708e-04
-9.311251785888430277e-04
4.075245427246354524e-04
-4.232173347467060864e-04
1.247160091178534103e-03
-3.033972495964931682e-04
-2.051283341566234597e-03
1.066961077632599952e-03
1.529833387170276282e-03
-1.012737204682645498e-03
7.496334306620333621e-04
2.019539485078603036e-04
-4.143062801988950383e-04
1.179584766484609304e-03
-7.419496223588506467e-04
-5.477709363923555230e-04
2.985570799986403401e-03
-1.611778804007091281e-04
-7.036638140831552590e-04
2.213635099244548599e-03
4.633300719862898376e-04
6.688216892734022423e-04
1.041640291510992355e-03
8.326688023034822805e-04
-5.184064126948495499e-04
-2.781566244448363534e-03
3.862135957932721908e-06
5.928569821900264714e-04
-1.043055141206838954e-03
-1.493727048860638007e-03
5.528679976878336788e-04
3.510547244736095251e-04
-5.358876346917007538e-05
1.642366514459592253e-03
1.156107787934068654e-04
-6.533150765177797581e-04
1.453051105845704072e-03
5.561641874276546105e-04
-8.232104726197952971e-04
-8.055077957391798549e-04
2.423773671881512826e-03
-6.657269376086905055e-04
7.480938453521268627e-04
-1.287534973071213784e-04
-8.455459876266502306e-06
4.355569386493840511e-06
-1.664803715430984710e-04
1.406807134732179776e-03
-1.661841105697003940e-03
3.915268936505178488e-04
-2.306293643412615779e-04
6.526420621857376148e-04
1.640414281594448909e-03
1.178804030357749610e-03
-1.075600849640201417e-03
-1.324877167666826949e-03
-3.647623647313746886e-04
7.053414925635159705e-04
1.685149470750602063e-03
-4.861741190163026971e-04
5.680395098395241149e-04
3.029491106559811797e-03
7.719183188563683018e-04
4.597105776653620524e-04
1.968179511493417522e-04
-5.214917080329506405e-04
9.461177289873390350e-04
-9.873914728495414295e-04
4.593567623474292816e-04
7.033438855759133190e-04
-6.943654410265232002e-04
-3.614418583215428527e-04
9.285698004766196334e-04
-1.905283577958716279e-03
1.617626590821874544e-04
-1.574585223576230320e-03
-8.770350729769837983e-05
2.262580926721824426e-04
-2.593217365227662441e-04
4.931110250943060436e-04
-2.219855442416429625e-03
6.970274540041287992e-04
3.113147353943634954e-04
2.272600749499975592e-04
2.304329083695488833e-04
2.043628367018879288e-04
7.574522522642013200e-04
8.091185641283527019e-04
-2.365989477322694157e-03
-6.185919462173838923e-04
5.522260908112919253e-04
-3.770311892576927448e-04
-4.601731609026327163e-04
6.261656956156880227e-04
-1.762045193429262468e-03
4.638115528139419297e-04
-8.190119853839217257e-04
-1.095954381855612780e-03
-5.716432451838837636e-04
1.147305177686908095e-03
-6.099634215697147255e-04
7.205721274248233499e-04
-4.220975366624468705e-04
6.122192146662541745e-05
9.283866379565797189e-04
-1.411134513338963004e-03
5.181698280423141512e-04
-1.318262276561288360e-03
4.756593160382127650e-04
7.420439387231247963e-04
9.998380069908829881e-04
9.103534757888276374e-04
-3.610478666173921880e-04
-7.503322111857002596e-06
2.289880861318760452e-03
-2.027649935550934757e-03
-1.922827293342477262e-03
1.379257496136876426e-04
1.265018457492494974e-03
-5.978116150524570571e-04
-1.350058901659956234e-03
-9.326883724019019439e-04
-1.352929811365921609e-03
-5.006971681422722753e-04
2.174030899907197778e-03
9.403337100755138067e-06
1.492529428600786190e-03
5.944794312153778293e-04
7.409190798914888632e-04
2.009334315024036144e-03
4.441301439062073086e-04
-7.971541220770372860e-04
-5.917471451486466805e-04
9.211813272069768743e-04
-8.554777937974655799e-05
1.967850857622410743e-03
-1.139376567675931540e-03
8.115721074271053936e-04
-2.803766488645997867e-04
1.066360600575411155e-03
2.441354378440063755e-03
1.908077253487405756e-04
-6.554793180477691550e-04
8.747490513969502501e-04
6.198849173035814175e-04
-6.044713537007861959e-04
-1.297601968101025349e-03
8.291536429314572132e-04
-7.217156837246996304e-04
1.088105220555357633e-03
2.373103207242710511e-03
-6.774656004773227380e-04
-1.419345962084817003e-03
5.904907745404308628e-04
6.732710226062810221e-04
-1.045844199983214651e-03
1.636393232586463853e-03
1.082538985232250894e-03
-1.037918542074800499e-03
-1.749156150254727038e-04
9.429610325040194141e-04
-6.507561178865639562e-04
-7.961924329775715847e-04
1.622714271802827568e-04
9.811673833510781151e-04
-1.111490699190698095e-03
-1.498052096713831105e-03
-6.759417997843630843e-04
-1.227239995037265885e-03
4.580767815509645402e-06
-1.246251195445857718e-04
1.125552408793195625e-03
-9.646255876083476011e-04
-1.302147312267187829e-03
1.056254975944526109e-03
-2.212522059177324252e-04
-1.273251741307213081e-03
6.608662332994175159e-04
4.721690819264878769e-05
-5.960399588618159328e-04
1.205461932401119540e-03
2.043703300995458605e-03
1.984337471130803721e-03
2.064239556229807704e-04
1.882763518847863082e-04
5.577926366568952687e-04
8.005070379120127200e-04
-2.149608025696636560e-04
1.190657105927694914e-03
8.104289703083633611e-04
1.615742129681407846e-04
-6.275103869790576994e-05
6.354912291506309430e-04
-8.024741596179829628e-04
-7.549768038188631181e-04
4.307101362486243090e-04
-1.144492464832946865e-04
3.768858775452521570e-04
5.338177638347652021e-05
1.006142191244396855e-04
9.548733614552773474e-04
1.777541834523832520e-03
1.744628617630361589e-04
2.033620346908460164e-04
-1.009992006514082163e-03
6.038865351754019173e-05
2.971749455102923321e-04
3.545308273649183661e-04
-1.869740610664916147e-04
3.713818563146897844e-04
-1.691203298936905242e-05
2.741267713388673144e-04
-1.894150035375297136e-05
-2.526646419391820331e-04
-6.430074279704101059e-04
-3.772748289299077129e-04
1.589265427555108801e-03
1.001554264527859672e-03
2.047914214867052607e-03
-3.312629511327269682e-04
-2.008396316870442178e-04
-3.728081131109117763e-04
1.371655407651495295e-04
-2.800464959316073532e-04
1.474641169088020121e-04
8.996626304227373083e-04
-1.386760813908205492e-03
8.277614399829769098e-04
-5.946024892133916495e-04
-1.025374802101630678e-04
1.671767052853212476e-04
-1.469176252126835891e-04
4.156878843275535473e-04
1.936618026797898295e-03
2.189974040327280491e-03
-1.822550467951433717e-04
5.434328930322696039e-04
-8.194326689259234797e-05
4.139824968696359520e-04
1.020804761682203576e-04
1.434491697724915582e-04
4.348238707423401905e-04
5.780274808515617480e-04
1.215090411120556269e-03
-1.701496868930396644e-03
1.798365247399402733e-03
-1.442352675931068973e-04
-7.956272008602383039e-05
1.445050212760978781e-03
2.807038722063559533e-04
1.924968753716393977e-03
1.598263938946908880e-03
1.490397206431293142e-03
-2.975463671497369234e-04
8.643376856194429081e-04
8.532220859702732696e-04
-1.754142556101401240e-03
4.692095188150169349e-04
-3.725567099359672341e-04
-6.229363301806234432e-04
-1.114632550290206581e-03
7.009251300051921874e-04
7.511164356692745514e-04
3.235239572802361963e-03
1.207635763142089758e-03
1.343343629869320210e-04
5.593438736253286692e-04
1.486109305911531564e-03
8.262861350887273915e-04
1.537527098364410705e-03
1.592817757570141879e-03
1.864256622958526677e-03
1.567947879229425467e-03
5.592241267953212969e-04
-1.056284452574773880e-03
1.636941225671151301e-04
-1.272369323283006892e-03
-4.357386029174570297e-04
3.211148048893885942e-04
5.721480218368046877e-04
-7.117661951057119296e-04
-6.563301462556569987e-04
6.893148996505171766e-04
7.632371235688495403e-06
3.831116051717931015e-04
-1.328551679039113864e-03
-1.822625086153939478e-03
-2.084006607315780357e-03
-2.789100463675975305e-04
-1.293517414502343144e-04
-7.908035538854996105e-04
1.082943178372985926e-03
9.695769696893563605e-06
1.337126633973007017e-03
1.594575654692009792e-03
1.514101096319331319e-03
-7.681488510580258833e-05
-2.374697058200592181e-04
1.218822501711125383e-03
7.716069000924807852e-04
-1.495824192485395443e-03
-2.970039619423214816e-04
-6.782967012759488767e-04
8.570185768761451328e-04
-2.355160420179913672e-04
-1.808570008414722707e-04
2.843308212936435098e-04
-2.259098366996781238e-04
5.411268119264178722e-04
8.425678515457946105e-04
-7.205118441599989154e-04
-6.259287709253769094e-04
1.669601635914785831e-03
4.854479308311621111e-04
-3.240070620811330571e-04
-7.160020432488423126e-04
-8.699840236534583937e-04
-1.570280306995019970e-04
-8.793552547929905927e-04
-1.290771244100596959e-03
4.818730351072719742e-04
6.168752123618670424e-04
3.695304539463872828e-04
-4.313595215930110527e-04
2.410181751255624505e-04
-2.045007039888080413e-04
-4.943268683264001595e-04
1.654912892221194198e-03
7.723409560913552241e-04
-7.581606695670206619e-04
7.443379728080401492e-04
-7.866069526485386376e-04
-1.502221900530065213e-03
-4.981841071376447161e-04
-4.264591446669907526e-04
-1.539491770194079123e-03
6.973224626549701100e-05
1.004439116736310922e-04
-1.909651435979764500e-03
-1.655355134866587363e-03
-1.469658488294500742e-03
7.956025443074388193e-04
4.221059222628831265e-04
-1.003524024790758418e-03
-5.667350343903088117e-04
7.402685361812544329e-05
-3.930602784194547894e-04
7.936871795835021004e-04
1.010487936056403413e-03
1.401057856340592878e-04
1.578789151051251949e-03
-1.578298868556426982e-04
-1.340657983909254725e-03
1.155607619404142028e-03
2.145412517697620203e-03
2.148922924999796535e-03
-1.752352203618912085e-04
-1.671832400232053928e-03
-6.702468689732121732e-04
1.708765050079996684e-03
1.071526085594021183e-03
1.714914800116984495e-03
-2.867909591182105089e-04
-7.151548557726705724e-04
-1.250453571861598334e-04
1.625451758586748952e-04
1.125078202998341936e-03
1.174322644458491993e-03
-4.842923621806161094e-04
5.463712293796163522e-05
-2.164664519756165362e-03
-3.305013603893680596e-04
-9.260942988715825663e-04
-1.812135907147016667e-03
1.723541079467594273e-03
-3.387413411986006651e-04
6.776172362157328877e-04
2.201074373899825076e-04
-6.835502079907129769e-04
-1.778493902435673846e-04
1.256271944178877220e-04
-3.034714827672146953e-04
1.545293440760708847e-03
-8.282057719775082205e-04
-8.142265703203754867e-04
7.787273435155839252e-04
-1.108685691042055055e-03
-1.902813901466515745e-05
2.200783951282758721e-04
-3.442735647480876793e-04
-5.140808722794432128e-04
1.132721776585299267e-03
-1.187928274091865077e-03
-4.667353263827500598e-04
1.865023347362715356e-04
2.295993332178447588e-03
-1.246772917177896289e-03
-1.235514530351089491e-05
-6.128517786205822659e-04
-8.184878400285811040e-05
-1.590332753993450865e-04
5.810129467171964990e-04
1.292036099737936539e-03
-4.122304560940648344e-04
-9.135632560794970658e-04
1.098606015497161081e-03
1.840553723849058798e-03
-6.007493388853202276e-04
-3.915610661082702393e-04
4.340908126971854131e-04
3.511229241375257715e-04
3.308393544359633509e-03
4.638440099797858096e-04
-2.620832258757310740e-04
1.251924945875781958e-03
1.656617371175173048e-04
-1.101982689823977068e-04
5.681913710668951012e-04
4.032025317473042492e-04
-4.254139932131639767e-04
-2.431330076619886427e-04
-7.097851277149125337e-04
-8.398855518167991363e-04
1.442198709427300329e-03
-4.282783656077704393e-04
2.532857268715993371e-03
3.781301134455627988e-04
-3.959087781508774384e-04
1.070058531200679397e-03
4.538050714011365727e-04
5.749023211858439453e-04
-1.833951852082460476e-03
-1.416955307378175988e-03
-5.936842377756157418e-04
4.507906891437762908e-04
2.381692651028943786e-03
-4.539137438483997755e-04
-5.338525606395361223e-04
1.310065771246593513e-03
1.625359391851599611e-03
3.305412228762349969e-04
-1.043789153938323722e-03
-4.523512073462132577e-04
-8.328036044817910266e-04
1.655890969443074567e-04
2.245323265463783358e-03
-8.825277542923171126e-04
2.413693655680670958e-04
1.098132971445231476e-03
-5.580697078890750618e-04
7.664157079063649292e-04
1.354995795283864268e-03
1.063159116823975125e-03
-1.382066662404701773e-03
1.813896751482024783e-03
-3.237525610189084802e-04
-2.350265732513623362e-04
1.465266872930026665e-03
-1.217008843428235565e-03
-1.328246210614780765e-03
5.171319730903345402e-04
-2.764113735438389341e-04
-1.458724349565843070e-03
-1.746974511833476740e-03
3.152198131073369325e-04
1.582230355071434502e-03
1.057260540333393450e-03
9.468635736296082683e-04
1.014198821132072936e-03
8.094806468306181557e-05
1.059625930632579482e-03
6.275619459872316952e-06
-1.595822686358827625e-03
-1.805832941750296072e-04
3.259936264277119022e-04
-1.273884327687380136e-03
-5.780739159135794836e-04
2.170572007467175268e-04
-8.085479645019155726e-04
3.002035465247132606e-04
-1.189043498557307288e-04
-1.676542161831440225e-03
4.885545296346993638e-04
2.836967594096240219e-03
-2.182262498469311751e-03
-1.890132517366804876e-03
1.551572567013215220e-03
2.933535222839900314e-04
-7.812398384579033461e-04
-6.275763521721433591e-04
9.938395333324301362e-04
-1.493803900805001916e-03
1.873007381798297288e-03
6.571261254364468840e-04
-9.738906759166887639e-04
-6.499628094238651954e-04
6.445997308364148637e-04
7.033102368352306399e-04
7.017481152946647427e-04
-1.500020355502229563e-03
-4.461652793756876179e-04
3.246019281128997847e-04
9.680532200468938697e-04
6.984267288825396491e-04
2.187552579696383503e-03
6.037340868123575177e-04
-1.197983859468676471e-03
8.392602077744726330e-07
8.412798940615751064e-04
9.590155855880855285e-04
-7.886592507653222839e-04
3.730858891655142173e-04
7.050683796323564678e-04
-8.364326221947937512e-04
6.879232923617806250e-05
-1.804130359466249445e-04
-1.933695811600077974e-03
5.372199784510200971e-04
-1.890176778660546120e-04
3.329523332327166685e-04
8.157012515124240082e-04
1.496598798116588469e-03
1.095517708078030950e-03
2.390502816096429228e-05
-7.870404828378418927e-04
6.703456039465205407e-04
-4.012386504335108128e-04
2.160444894601099008e-04
8.225611119578868369e-04
4.601167592135357864e-04
2.428906346515491421e-03
3.053076212540251078e-04
-5.872818866190510079e-04
7.497724131388938673e-04
-2.363433155707639344e-03
-9.600033905399207868e-04
-1.613178162660489079e-04
-3.227371928038458293e-04
8.132915100982351930e-04
8.573817396584360040e-05
-6.480362106668913214e-04
3.294993589764150244e-04
4.838759965797301277e-05
4.289852792571657858e-04
-4.260113825735878379e-04
4.690984729935898656e-04
-6.778783904448637543e-05
3.543341678684530649e-04
2.034142009783579397e-03
-3.747586816265080500e-04
1.196297078009944670e-04
-7.223758275787250938e-04
8.882770229767800174e-05
-1.818036458916205689e-03
-3.502614439085949272e-04
-7.771797501923138896e-04
-3.593121195599735529e-04
3.581346325705059286e-04
7.005800727533095795e-04
4.842878648474435721e-04
1.286765887740237702e-04
6.382047315134364851e-05
1.484898292582359502e-03
-7.180720593760181458e-04
-1.592946652781979111e-04
1.186466141077868741e-03
-1.116627393327851436e-03
1.191289846341980763e-03
9.919830065623358450e-04
5.165594013145646812e-04
2.819664692963463892e-03
9.137427126653108189e-04
-1.493703779388066977e-03
2.464919838283119446e-04
9.916929731128565351e-04
1.105337612832046901e-03
1.775117705213880015e-04
2.477986728433023700e-04
1.827907710574283584e-04
8.529233747303077706e-04
1.704574701564265382e-04
6.572461250777816844e-04
2.750345574398238568e-06
8.185083507159518490e-04
-6.399503830640806967e-04
2.972641760792926746e-03
5.238358858650205008e-04
1.021510104501466287e-03
-5.116456590303908314e-04
-8.460694426868364815e-04
2.969534138226093134e-03
7.798511822194598153e-04
-8.664253561843082707e-04
1.060231031935865431e-03
8.829352516717126065e-04
-3.611843841100359498e-05
-7.367144452856688730e-04
1.264600734170784335e-03
-7.141965683663542563e-04
-1.866665621894636473e-04
1.709734962764608568e-03
1.641815530384338473e-04
1.075063803324560752e-03
1.237468548505038513e-04
-5.890397918153489343e-04
1.237824746757931749e-03
-1.103573956037884329e-03
3.598305923422362440e-04
1.083261266138002554e-03
-3.450881680275852403e-04
5.473895073535572919e-04
-1.735100004169876087e-04
-9.771972623351388165e-05
4.259110961841727772e-04
4.254307002506951818e-04
-4.877439975772279723e-04
2.086450774944292874e-03
-3.176810259042373019e-04
1.576835284859079422e-03
6.318730526133631287e-04
1.003030114294478636e-03
9.038438614639154878e-05
-1.691082861151826933e-03
5.580308942578771081e-04
-7.700648655821762389e-04
-1.246333786767639396e-03
1.030742858678879159e-03
7.874228575595054735e-04
-1.266072739873003172e-03
-8.147445388178020664e-04
-1.480329371349453638e-03
-1.608706632905132494e-05
1.913824366127192533e-03
-9.585274919610142774e-05
-1.173726799720276048e-03
-9.878740711064537550e-04
-4.204905482207976775e-05
-6.968561679270290909e-04
-1.349616278023546556e-03
2.071944549070003916e-03
6.173836587142211840e-05
7.658389953417721330e-04
7.473341021553281394e-04
-3.445986903554132397e-04
2.394539296739495171e-04
1.272960478508444737e-03
1.189550145388462710e-04
-9.678919701272548082e-04
1.956212726124340051e-03
-8.737745639475491544e-04
1.060278312125406686e-03
4.445093137461775257e-04
-9.406386636119368205e-04
1.552681160801094862e-03
2.534824451538852941e-05
3.755210370555150945e-04
-2.547469776565947086e-04
-3.142026415603460521e-04
-8.318455980405037309e-04
-1.577258755976362892e-03
-5.398840484729383604e-04
2.471092575551114834e-04
-1.255375894947619031e-03
-1.000028746362957577e-04
1.275708987446000364e-03
-4.047296275975220681e-04
3.825674374926535393e-04
3.385163788793832396e-04
5.353879583764875605e-04
1.903298994587743209e-04
4.036273101268861296e-04
-1.170929023864841767e-03
-3.145963791363115547e-03
9.823358015168537349e-04
-8.981019121854227905e-04
-7.803145313203252442e-04
-7.581404117664725106e-04
-3.110559371410914764e-06
1.182668767923500397e-03
1.329030485742954681e-03
6.373119388780601469e-05
-4.823535779197030138e-04
-4.463799430589610040e-04
-3.374246563601079885e-04
-7.151641430378496977e-04
-1.443298020250782798e-03
-8.780335661211502440e-04
-3.536459180519813117e-04
1.291854251399549014e-04
-7.193772409670451395e-04
8.324052956418803717e-04
-1.809934323721007488e-03
5.909949839082440093e-04
4.848435489550606547e-04
-7.071244550533872797e-04
6.585324333496789251e-04
1.139489817168604091e-03
2.292271248073518564e-03
2.822187201338977047e-04
-1.182229657417099844e-04
-1.488881005679676406e-03
-1.224135533179238067e-03
-1.112304487447479673e-03
1.135704951142235686e-03
-3.902750979316582658e-04
4.799425305801463537e-05
-5.578618261101730980e-04
-1.771992710585923447e-03
-1.513552742469226331e-04
1.679778780891982848e-04
4.224885729751104435e-04
-1.092256461096230424e-03
1.763594934134360415e-04
-5.230674044176542026e-04
-5.803060069689003342e-04
1.018077303752695784e-03
-1.224130543270529614e-03
-3.531028092582655376e-04
-1.629791361553278861e-03
5.135583559114920149e-04
1.082284563981072978e-03
3.683054298438070973e-03
1.840025189903116143e-04
6.644485985578540976e-04
1.488963648869079393e-03
-9.201228480155698719e-04
-8.080332884718988140e-04
4.825913405164250491e-04
-6.490877747593604141e-04
3.461981092718335873e-04
6.624647274935391295e-04
-5.712532391366487161e-05
-4.179100654218004252e-04
9.522379863236007935e-04
-3.817670408452489283e-04
7.820648053686873880e-04
-6.208803051013234153e-04
-1.601348087133303011e-03
-1.393466805807985764e-03
7.366513133866270380e-04
1.681273615772305163e-05
-2.657980864253506326e-04
-2.869806544234521084e-03
-5.240410278140039679e-04
1.048247719306782955e-03
-8.393502254382401162e-04
-5.964727438714234609e-04
-9.872322744837180863e-04
-2.421463423305514340e-04
-2.949574511847963265e-04
7.652357937883991212e-04
-1.291326783690927016e-03
5.704684341127919112e-04
4.232225790736787729e-04
1.006032528704015050e-03
-5.308305485713926686e-04
-9.614397238431049431e-04
-8.427463790530165255e-04
6.861724535178748141e-04
-5.926766146877593400e-04
3.938629392601367130e-04
1.137504419232993058e-04
1.652977982888881314e-04
7.741458611565388281e-04
5.664762204791173872e-04
9.196985308130845027e-04
1.436289322968242743e-03
-2.009251135903111773e-03
-2.447086746260040968e-03
-1.813097248017703222e-03
1.451651355662830767e-03
-7.874412740072056494e-04
-4.925728888287572715e-04
-2.443131944352083806e-03
-2.307744054805827005e-04
4.407813507636415551e-04
-7.145996122417397345e-04
-1.139990997365725178e-03
3.654118824467644799e-04
8.471278439805551841e-04
1.828705070249903031e-03
5.956823153703272311e-04
-5.297902998186998502e-04
2.254878064777976476e-05
6.523315143993624332e-04
-1.070069258244377153e-04
-3.823497035910783381e-04
-7.424887519531520041e-04
-1.419422581594442789e-03
-2.478419642976126269e-03
3.730893058646600480e-04
3.281568606958717993e-04
-2.689036122633936543e-04
2.672574269817484804e-04
3.382498271087275299e-04
-1.047079561965480465e-03
-1.677976571574646414e-03
2.142910833629052547e-04
1.395160374374926349e-03
2.108197641195186378e-04
2.479986658509014674e-03
1.497611780816310301e-04
8.100683368652550342e-04
6.318608517357215959e-04
1.037421272769512015e-03
9.884433524538493998e-04
5.242151571143160993e-04
-1.164489832640169809e-03
7.353956961471119769e-04
-1.210950622044126845e-03
5.833148522587094931e-04
-5.967198616125823918e-04
-7.633283684322922369e-04
7.456346073957398346e-04
1.280668008596386187e-05
-1.440099465011224211e-03
4.239130928038736812e-04
5.555003549646553296e-04
-2.640449094419849985e-04
1.797262713876257578e-04
-9.636658065768077819e-04
9.323280446174031511e-04
1.107331062983218928e-03
3.904768392053448167e-04
9.135452072572824989e-05
-2.695051914927137915e-04
1.871384628716166176e-03
-5.018809865784401580e-04
-6.083620877073148137e-04
-1.097309448854222325e-04
-1.488433509491571272e-03
-8.597739413156446631e-04
9.975352810234205947e-04
-2.171765123267332953e-03
-5.800778947278040221e-04
1.619545941466515870e-03
-9.220069718485213173e-04
-6.472934434145205529e-04
-6.424339633115394577e-04
-2.998510762976414057e-03
-6.584800383997446716e-04
-1.176276232108364184e-03
1.817039027562916687e-04
7.140116780153249465e-04
-1.613967274004535213e-03
-9.557777376862919283e-04
1.461891039429730199e-03
9.647915206836277235e-04
-1.561729436454051267e-03
-4.754871031782403890e-04
1.889024179957399241e-04
-1.042504073895278438e-03
-3.185253133612953036e-04
5.125876343106128274e-04
-4.229620176978698964e-04
6.916717246234771466e-04
2.906891492924223996e-04
-1.982802264988148266e-04
8.091798152232154706e-04
-1.433277522787657077e-03
1.674747751664318329e-03
1.152782281530484454e-04
-1.640533596492632640e-03
-4.388788669928977981e-04
5.309372933708367270e-04
8.707647047756505998e-04
-4.942845629072323277e-04
2.816030372400746273e-03
8.421312677859837947e-04
8.253299657776658194e-04
1.467420779915906692e-03
3.992184179693047952e-04
-1.023050955780480109e-03
1.078849071902254764e-03
-4.591105893529956461e-04
1.002176099462959158e-03
-1.154975046672390704e-03
-1.578927372910321481e-03
1.705033975844871819e-03
9.966105599767960399e-04
1.074343050510240261e-03
1.245542567673174617e-03
1.192169141863708148e-04
6.213606936373849976e-04
1.591957784464970160e-03
1.871264927920224252e-03
-5.119103891395582195e-04
-9.192595273477266460e-05
-2.538437909149982019e-03
9.303995288854061130e-04
1.537060041596927107e-03
1.865306926913667951e-04
-2.361555089123168472e-04
2.138552388271097726e-04
4.520105414462793902e-04
8.908626086847615255e-04
-4.169379283713858797e-05
-1.333592421706164544e-04
-1.635601268288322530e-04
-3.981336082741204763e-04
-9.517676620127701881e-04
4.068272895885183260e-04
1.932473428795100645e-03
7.249279880214842819e-04
-2.950377977146700914e-04
-1.408102373549269259e-03
-1.548225114247347989e-04
-5.106012188467179413e-04
-3.208028442656107870e-04
-1.390669875262151578e-03
1.895188816920523323e-04
1.017076028002605881e-04
-5.670200184564322399e-04
-6.761377177877392342e-04
3.539737119884200922e-04
-1.068110921364162635e-03
-1.159949240041147078e-03
1.603497199523129524e-03
-2.169602449966223645e-04
2.593570366227204715e-04
1.310553001854231070e-04
-8.700905426608507298e-04
9.212627182044741403e-04
-1.434374769385682313e-03
2.900796149792883583e-03
1.161125292524767261e-03
1.850734497204076234e-04
2.843761552184798092e-04
1.217185736170245391e-03
1.429515059376829100e-04
1.047921454956801668e-03
1.196895221403426746e-03
3.010279263180315468e-04
1.356392729893851623e-03
9.755141684897328247e-04
1.058551788739148236e-03
-7.502915322257219799e-04
-3.041293947583234569e-04
-1.523703005906762442e-03
-6.569134177012436737e-04
-9.783736361912431789e-04
5.237955790722281790e-04
6.697326330797892524e-04
4.046974417912796440e-04
5.143661594613213595e-04
7.528568863179874171e-04
-3.756690944407559130e-04
-5.490435570145724142e-04
1.170128221493760279e-03
3.290103293862589595e-04
4.041706973767489330e-06
-2.852513298745584791e-05
1.081741914085165845e-03
5.866986602711676824e-04
1.939813883510721482e-03
1.188832066554290634e-04
6.492239607076566443e-04
1.255963234491064284e-03
1.162705880805692260e-03
-2.135950746793291444e-04
3.705337078629966641e-05
-1.745577517024976544e-04
1.282513714500499447e-03
-1.475850288912061714e-03
-1.170705999666621366e-03
1.614007402514383571e-03
4.716560545310333197e-04
-8.101595112288695333e-04
3.015339932408434009e-04
-1.218692884386030073e-03
-8.746949382267832362e-04
7.106759050747868400e-04
-6.335512095345663397e-05
2.408083706650909761e-04
8.864841535096701364e-04
-1.283486510954556792e-04
-6.150521907681838485e-04
-1.532413609268035160e-03
8.756226975397130019e-04
1.710177144633728830e-04
-2.199861336856567817e-03
2.103599005356393548e-03
-4.145816837681781664e-04
-1.037590802839494231e-03
8.830755377642329762e-04
1.254890959782262172e-03
-2.020184312865325182e-04
9.796761158480382647e-04
-1.765544798308482655e-03
9.108242986985981560e-04
1.611566609142522921e-03
-4.543859154648721699e-05
3.574533346777375442e-04
-1.424401744970937855e-03
8.077362723670766798e-04
-1.978333558407152637e-03
-5.667793600101500573e-04
9.565004234717289222e-04
-2.770365465185609111e-04
-1.136731794786349781e-04
-1.141298044854854865e-03
1.844120959964445916e-03
1.624812724664748131e-03
-9.736403285949268849e-04
-5.535704764976223657e-04
-9.679246432392485389e-04
1.469200310701967993e-04
-1.451151234728387251e-03
-3.272969089052057967e-04
3.843313252596125551e-04
3.145651805692706304e-03
2.550962899436681752e-03
-2.297756559244135133e-05
1.711293829646409748e-03
9.401508778628109297e-04
1.234337876121260891e-03
9.956839989917476430e-04
4.230919302927738102e-05
-1.856288097465963460e-04
-3.522721050397414899e-05
2.999787455941760328e-04
6.078920631957807075e-04
-3.024699826568166827e-04
9.138127638568249722e-04
-1.216332596175373482e-03
1.050864003311779982e-03
-3.587423573205850147e-04
6.774078705087394070e-04
8.357047787663773875e-04
1.525739263574799054e-03
-3.360611963547643910e-04
7.352266862765688415e-04
6.754063297900181340e-04
-1.144054402505867429e-03
1.673749393042989198e-04
1.206383874623462304e-03
-1.027102165771509590e-04
1.088743861101360011e-03
1.687656559034023118e-03
-2.393981325832239548e-04
9.199095077581098678e-04
-2.462972168326693634e-04
2.191827072872687410e-04
1.555537740307810779e-03
1.814283877044298166e-03
-1.308258765699843451e-04
-2.032848317116586756e-03
6.515364889907448998e-04
-1.261349787937238176e-03
-1.517956856203817040e-03
5.517810259623168179e-04
2.933250349469673779e-03
1.758998127326716343e-03
1.337568855858339845e-03
1.210940203489219158e-03
5.467940282752881132e-04
3.279227718544497350e-04
6.309271999553889287e-04
7.123712291483563774e-04
4.773210718655995777e-04
1.393570809671063060e-03
1.920951599740927662e-03
1.004423330941639492e-03
-2.456324665116582651e-04
1.640625683860363893e-03
1.202017817960809865e-03
1.813365423392054865e-03
-1.554821684088825151e-03
1.644112705370126548e-04
1.755232278249474476e-03
2.395695366552486050e-03
1.321982147017841669e-05
-2.501142019450952603e-04
-1.575344670476264142e-03
-4.531431156766796420e-04
-1.171756716265015541e-04
-1.761016619714617093e-04
1.286366858344267783e-03
5.445243707893343554e-04
-1.326450390094935372e-03
7.481398290862806277e-04
1.252416757140828452e-03
1.261392378477221854e-03
1.559201205742821728e-03
3.207898566490730019e-04
1.938660777539791269e-03
1.350264244749599385e-03
1.575133434514874864e-04
-1.357357790935598274e-03
-8.993023654291221192e-05
3.356678550674452310e-04
-1.025569959873795511e-04
3.562753509629423831e-04
-3.897185463221930490e-04
2.577175356461847144e-04
-2.359568487905194800e-03
4.430726924620209672e-05
9.857357241087605360e-04
1.865212445039565736e-03
-1.469450045112452585e-03
-1.084385576215041169e-03
-2.531311399555091768e-03
-5.156717314951375641e-04
7.659886303594820589e-04
1.758160842814771030e-03
6.156590317178967098e-04
-2.613729914020535006e-04
2.942210130456590633e-04
-4.520286432323494807e-04
-1.217806649522756857e-04
-9.864462971624909926e-04
-8.091856809628872327e-04
-1.991854471490306366e-04
1.082598410466539818e-03
-9.201431654479730327e-04
3.580642810274703436e-04
-2.397730740106851499e-04
-6.228622444364173560e-04
9.697388432992060103e-04
1.205411505683429141e-03
3.994215632778796987e-04
5.239208241625270546e-05
1.242809486141416286e-03
2.863015248344424890e-05
-1.212556612730564254e-03
-1.986533136411061662e-04
2.319756894152424920e-03
3.615649139703247528e-04
3.225926489129893326e-04
-9.980986488928866862e-04
6.523813273486833708e-04
-2.904135861447887379e-03
-5.096371019650547396e-04
3.983939680560766305e-04
2.970105557964508591e-05
-2.347516832419627164e-03
8.112587037394369816e-04
-2.131836256544783481e-04
-3.087990015915309527e-04
5.989569488602519698e-04
-1.244756359875420770e-03
6.639715684597646828e-04
-3.453837272102244782e-03
-4.475944695692124498e-04
-2.575121314052131183e-03
-8.412141736628964139e-04
3.514368352603991497e-04
-1.090444188238670620e-04
1.338534237480537570e-03
-5.145860068833663092e-04
-1.003714381269116274e-03
-5.660356898526952563e-04
1.094044752007805599e-03
1.357867835117376742e-03
2.196809754916762003e-03
1.032840663575562701e-03
2.976750294050312107e-04
1.990432549304532728e-03
-1.138758065954093013e-03
-2.785850845822057664e-03
-1.293720977133760996e-03
2.361616445312186841e-05
-3.834944483724900266e-04
-8.032124312806754318e-04
5.930714069548592704e-04
1.821319986203828734e-04
-3.984852192331356235e-04
1.263253466623703858e-03
1.210043395345694606e-03
1.235929064585805648e-03
-2.021866769774671724e-04
7.792898353287114332e-05
-8.935670383607430267e-04
-5.347404688751389301e-04
5.677441432161423052e-05
1.104659805193364264e-04
1.218664817073555895e-03
-1.029913655102632219e-03
1.742952725045654461e-03
4.617407403171291946e-04
1.209867598575664616e-03
-1.439400410325752944e-04
2.471880611834009756e-04
-1.090495789931145154e-03
9.820737945580582107e-04
1.668082019717020970e-03
5.127912573035242616e-04
4.022213489249804041e-04
7.548452981520625826e-05
-7.430873060585430068e-04
1.915825711626961692e-04
5.860705156788270642e-04
-1.259643039150049049e-03
1.974011411176590514e-05
1.591017871969135911e-03
1.488378035146675771e-03
9.254146088524262126e-04
7.420521673735525070e-04
1.988323895890209414e-03
5.241111547238386237e-04
-1.230089336903494868e-03
4.361037504985176838e-05
-8.951258733835842918e-04
7.447027854012855386e-04
8.429880682281343240e-04
2.031551501415762573e-03
-5.265778167522494613e-04
-1.650303900451177697e-03
4.617484340605493287e-04
2.556734731730792021e-03
6.900239821514553284e-04
-3.129685337754928298e-05
-6.868534487602939720e-04
1.239103744725911227e-03
-1.092178912111885225e-03
-6.113116318853251130e-04
-7.503464771123624644e-04
9.058723467589846479e-04
1.683106765183017828e-03
-5.626100953557422457e-04
-1.299012253143105866e-03
-2.009783815670740381e-04
7.311996244929730437e-05
9.779919145063153962e-04
9.719971254265047378e-04
-2.080088467291130172e-04
-1.000392843348851812e-04
-7.456331586903619524e-04
6.389720931996301090e-04
2.556675447300538195e-04
-4.905058771713655119e-04
-5.305251689591283792e-04
-3.736516657395494434e-04
-2.181305984794823516e-03
-5.867928197398342149e-04
-6.912516666910395458e-04
4.959918673264063216e-04
-1.471870235975725194e-03
7.966765173619272389e-04
-9.529725775412334343e-04
-1.123854573972460358e-03
-1.307668300453368460e-03
-8.718511375811477393e-04
3.632938807804908521e-04
1.044703983698491712e-03
-3.153702615245057572e-03
1.489960700693515605e-04
8.697879605481517729e-04
-6.157968402358271476e-04
5.117546436128606047e-05
9.913574867914665134e-04
-1.952607721825705411e-03
7.080091243429897929e-04
6.782227904946758201e-04
4.146080478315550266e-04
4.466440667594273606e-04
1.697751676044134683e-05
-1.248247194860052645e-03
2.487844979979225712e-04
5.971600207792526760e-04
2.092371876765142247e-04
4.182165993400488446e-04
1.918729871230873130e-05
9.795168474802107283e-04
-2.670660204764363499e-04
4.857989494637671157e-04
1.184974439545349867e-04
-7.434950224305403310e-05
3.159045300440421755e-04
-8.801382407714886114e-04
6.082318172762057884e-04
1.105874237862680687e-03
1.177482198838397665e-03
2.823754865992622598e-04
1.103671290312746578e-03
1.318826211930357317e-03
2.637148621166929274e-03
3.007357082513983926e-04
-1.666504639774579744e-05
4.503768349792824921e-04
-4.438490064992972606e-04
4.812506787841286382e-04
1.286817255972128038e-04
-3.432086373389431344e-05
-1.602854807278841776e-04
-1.077220203422157851e-03
1.939032829792797230e-03
-1.200249472131931228e-03
-9.843607423694056280e-04
7.144346859671024674e-04
2.505296632733244877e-04
-1.450575142853960386e-04
4.628786299223364153e-04
-2.610280000714393367e-04
-1.534858371983416347e-03
-2.663808002061340829e-04
3.733953802775857866e-05
-1.025130088531334138e-03
-1.635744529207006082e-04
-1.276322703247068091e-03
-1.676952007716447923e-04
-8.428742428574498291e-04
5.680773732703592316e-04
6.958995365169418079e-04
-1.074733936352156860e-03
-1.062387210315485220e-03
-8.096721777623994143e-04
-5.258098709124414682e-04
8.270012606048648962e-04
1.132444416310773860e-03
-4.152375728991852810e-04
-9.854109537563715548e-04
-1.307955834447316334e-03
9.768405241192823496e-04
1.489590664759399274e-03
1.247792140308678910e-04
-1.318334854774727560e-03
-1.074823343890418670e-03
-6.065419146072947854e-05
-1.344885391310057798e-04
1.458362755771824837e-03
1.200270478283416153e-03
-2.909403117938857974e-04
-2.359558293720809274e-04
-1.565700856017482323e-03
-3.575826137600435217e-03
-1.301276738721046655e-04
3.422216031518932056e-04
-1.098987890944869150e-03
-2.679801344471766100e-04
3.525975587259644328e-04
1.439289528293308251e-04
3.133745039382018760e-03
3.813429465049367195e-05
1.361188962301085326e-03
-1.940136094056299498e-04
7.116656604186921697e-04
9.144064263413298477e-04
7.860620423598696505e-04
1.006776109812923536e-03
-5.678608620995895251e-04
2.304770278838130793e-04
-1.261483356890913399e-03
-4.270186337378412134e-04
5.194775409986807091e-04
-1.283196897261529301e-04
-2.502301560269870606e-05
2.171072575068322408e-03
-1.494111690783395119e-03
1.206614243177250856e-03
1.026489966098775852e-03
-7.667206854091723756e-04
1.686850344500889776e-03
-4.286364573620193852e-04
1.231198056132587482e-03
-1.310360351703288018e-03
9.039108778212678885e-04
5.993218058213400923e-04
4.076934316294966720e-04
4.210239468294130205e-04
-1.771345108532162982e-04
-6.843979163300151214e-04
-5.922190763578694117e-04
5.513688966618524034e-04
1.519389725307851435e-03
-1.773640987656976975e-03
-7.006231801427453831e-04
3.131176451420802920e-04
7.225653541877985475e-04
-7.272872092927151755e-04
1.419376514291581515e-03
8.122135911750039128e-04
2.598921777110518860e-04
7.608917721593222439e-04
1.015063745572586384e-03
-7.305976056604102098e-04
5.174376536687397277e-05
-2.621403159617230472e-04
2.695345184204889222e-04
1.346299881936685594e-03
1.302173977487219858e-03
5.463570436443632161e-04
1.806595628368379280e-03
1.277791719175969121e-03
-5.622845173158808052e-04
1.171055554303190860e-04
1.610574854606916517e-04
-1.264710000941082768e-03
-1.419877850079576120e-04
-9.477399040829226351e-04
-3.783775399810451745e-04
1.438836285204025955e-03
-2.080060835397468111e-03
8.336054551862925877e-04
2.190674252244839693e-04
-6.797314028341716607e-04
9.321603129794908682e-04
-1.170302907267606329e-03
-6.507716388912676564e-04
2.248271537732993153e-03
1.699697300618918661e-04
-2.402489008015429306e-04
4.367569682233174433e-04
1.010256694493394392e-03
-6.097769329054258947e-04
6.323724945282993559e-04
1.752013489079606856e-03
-1.624709768697218948e-04
-2.844006745039706630e-03
-1.372101147365523133e-04
-4.881692414862026652e-04
1.149387877884988640e-03
2.448079044367057477e-03
-2.195838364471569548e-05
-1.250990493251613600e-03
8.451646058176276455e-04
9.630680302130656401e-05
-4.608450056837742892e-04
8.066866330587174616e-04
-7.440710468551436918e-04
6.012116200568851099e-04
1.401352191512383882e-04
-6.848789594788851076e-04
-8.030214859233719693e-04
-1.499620901382447968e-03
-1.144556491897263939e-03
-1.388662815584362775e-03
1.423762202092948570e-03
1.312281830197159493e-03
-8.467649156602696792e-04
1.789089609660621250e-04
2.080298849382877791e-05
8.753324897876613164e-04
-7.583052727324623987e-04
6.752372168858933321e-04
1.237396053776151916e-03
-1.961862401096858832e-03
6.762305513192679030e-04
-7.395311028588480440e-04
-1.509826996108465380e-03
2.656922444046694309e-03
-8.107253585001306107e-04
-3.705176500625739777e-04
1.804059482070741183e-03
-6.662491882265531018e-04
3.024565238738396999e-04
1.666931785794467658e-03
-5.829077287520245676e-04
-5.476136874154047263e-04
1.740968448335156182e-03
2.012620649378682458e-04
8.228820637927736215e-04
-5.034829059684664543e-04
-6.269109363143954283e-05
1.317862138124237248e-03
-2.825799493226810455e-04
1.778519871300510147e-04
-1.146141939465383786e-04
3.456103509087427028e-04
1.648687202850052103e-03
-1.108011910867956473e-03
7.608463404642495931e-04
-3.838419273145543542e-04
-1.014581627015509468e-03
-8.298486612476896340e-04
2.627285819231550690e-03
-1.120020699346913062e-03
-7.050544131161906591e-04
6.473260669555003233e-04
2.083357665065843634e-04
-5.182961393814800033e-04
-6.990877277994744787e-04
-9.408798971297649416e-04
-1.684315291403004622e-03
2.117980310869516103e-04
3.296912764576553911e-04
-9.594188107335810400e-04
2.399282701674998464e-04
-1.527900728923725637e-04
3.034567984470104562e-04
-4.694661644002451339e-04
2.097124183094933869e-03
-6.238449743258822622e-04
-5.598619740951882306e-04
-3.568451992264076722e-04
-1.249657595891795481e-03
-8.109030930381067037e-04
-1.646285209659481552e-03
2.343920380791564284e-03
5.514418617087457619e-04
-1.614177651712012107e-04
-6.707184890566431079e-04
2.357249527140670153e-04
1.108728421654214813e-03
1.689482917976992127e-04
-6.470279254857658202e-04
2.264859279155206906e-04
-2.824308702953359784e-05
7.186286091154236999e-05
-1.106978220672960589e-04
1.592133556915786841e-04
-9.846898552452465481e-04
1.190188825504590042e-03
-3.679712741011531563e-04
1.494691074992449131e-04
1.667445635576747520e-03
-5.954006467974171102e-04
-8.979788303440372488e-04
5.230370254962757315e-04
1.549869089330524474e-03
1.092526037786756277e-03
2.076486949130984527e-03
-1.960075442568598447e-04
1.017692675039372219e-03
1.018960385459788398e-03
5.848474998957353677e-04
-6.247050615637572690e-04
-4.903432728657897144e-04
-9.213189208137073649e-04
6.227247561170212720e-04
1.391237885380869344e-03
-9.152241452814458000e-05
8.540735733670867802e-04
7.413371096778309521e-04
-1.840726069665787890e-03
1.439019337864833048e-03
7.577018544053792937e-04
-6.609784121291983894e-04
3.370071674924091099e-04
-1.917444066918960743e-04
-2.284255442246418966e-04
4.955690409385038464e-04
2.080895564875007153e-03
6.313591073829893929e-04
-7.745687952407376287e-04
6.079994985861425505e-04
4.191985096184680515e-04
5.750033718168179320e-04
-1.659098475423892438e-04
3.113808084425073730e-04
-1.387949370869723253e-03
-7.558623161503241761e-04
-4.486234169727154608e-04
1.471761164291152113e-04
-1.585693338277183173e-03
8.905747491994020493e-04
2.297368955141987357e-04
1.203846476896641704e-03
-7.408621541999949045e-04
-2.381642709923248447e-04
5.352087292451734868e-04
-6.537642627637563209e-04
4.150122731103600415e-04
8.945175080543599222e-05
-5.839540231618034483e-04
-1.589103291103510784e-03
-4.395112289432567820e-04
-4.737306067938984455e-04
-5.207840992262902091e-04
-2.835844007598176120e-05
1.356178619069225988e-03
-8.261326630205623189e-04
-2.044520669788330025e-04
6.326750332450448155e-04
4.848477902075210011e-04
2.498247986351564975e-03
8.659133196915469455e-04
-9.073375027319752206e-04
-3.757722309150057782e-04
-6.591844019752102213e-04
2.451292611467925653e-03
2.452797053217548040e-03
-1.442208061053218415e-03
-5.340407959570914187e-04
-2.954851346730347217e-04
8.408168299884888341e-04
1.262599257345620174e-05
-7.336275754303844820e-04
4.125724264225638649e-05
1.975768856927073713e-03
-9.833102972522933527e-04
5.276169380334927439e-04
-3.621945351572897209e-04
-7.832450251827882681e-04
2.315335570528542775e-04
4.578762784828160903e-04
4.971037968168889876e-04
5.137626474585044178e-04
1.382613895606787935e-03
5.471462282040651104e-04
6.313539084850106065e-04
9.894925837854451345e-04
-4.221033319606881662e-05
4.114248578299672943e-04
3.443923937678228242e-04
5.592296457312961877e-05
1.996742145462304663e-03
1.243516826612500736e-03
1.550601146054875201e-03
-1.033449142064046811e-03
9.403764416107129875e-04
-1.385755131067201162e-03
1.917615616928491917e-03
1.804456420289479723e-03
-8.387665928499821177e-05
8.263719018386517234e-04
-1.282418656338712992e-04
4.474026134673181332e-04
-4.995462362675784362e-04
1.192079586202376973e-03
1.183691003190157076e-03
1.860313979646033289e-03
8.957536423785938950e-04
-4.012285348049537959e-04
-1.224303851486974182e-03
-1.994937736867541389e-03
-9.159780711089915428e-04
-1.222755380486217902e-03
-4.643352671553913069e-04
-1.349146185496419292e-04
-1.540425938650669124e-03
-6.264451316542185566e-04
-1.952867302277727646e-03
-6.345038181858608795e-04
-2.195121052470661027e-04
-1.569978405097316454e-03
1.786064059672298754e-04
-2.222422529455370110e-03
-3.785329306340567967e-04
-1.535165434562779652e-03
-8.314872752390733979e-04
8.274949576834167431e-04
-9.838057869622218732e-04
-2.478479875567263235e-04
-7.179246680009132575e-04
1.012321663361070989e-03
9.005271201769637912e-04
5.720852873980497577e-04
9.412517124758323916e-04
1.495874566072030731e-03
5.251527061735927759e-04
1.592023797240882388e-03
-9.564921858127295451e-04
1.065838693160126027e-03
5.874037458839520554e-04
-4.753192656461457943e-04
9.903081291184889778e-04
-1.237662856732324457e-03
-5.900984443902856924e-04
5.980182094114105951e-04
-1.321343864775226251e-03
-1.219561803911251019e-04
-1.591924319003235055e-03
1.616496085423246853e-03
-2.236331202798425011e-03
-5.470621058347724386e-04
-5.017065490104943848e-04
-5.440165234054106236e-04
1.204325824321728078e-03
1.661201739435735902e-04
2.150712051121050905e-04
1.212835935685108169e-03
1.816828059426622843e-03
1.930525104764324595e-03
5.990941002269600801e-04
-1.372467758886664058e-04
-8.749107077332674010e-04
4.728007484229301838e-04
7.072181360023854779e-04
2.369293352963985910e-04
1.252125813025584122e-03
5.146898330565807811e-04
4.093506576807737218e-04
-4.830876689050356276e-04
1.196598869245280028e-03
1.824036651983051982e-03
1.321203296928974424e-03
>>>>>>> Stashed changes
